#Insight Transform File V1.0
#Transform 0
Transform: AffineTransform_float_3_3
Parameters: 0.999999 0.00080479 -0.00164317 -0.000812813 0.999987 -0.00494856 0.00163933 0.00494944 0.999986 -0.0361434 -0.0221668 -0.258743
FixedParameters: 0 0 0

#Transform 1
Transform: AffineTransform_float_3_3
Parameters: 0.999998 0.000481133 -0.00156232 -0.000487947 0.999989 -0.0046639 0.00156003 0.0046641 0.999988 -0.0416441 -0.0129838 -0.23693
FixedParameters: 0 0 0

#Transform 2
Transform: AffineTransform_float_3_3
Parameters: 0.999998 0.000341791 -0.001648 -0.000348648 0.999991 -0.00436115 0.00164625 0.00436186 0.999989 -0.0358401 -0.0129695 -0.225379
FixedParameters: 0 0 0

#Transform 3
Transform: AffineTransform_float_3_3
Parameters: 0.999999 0.000214062 -0.00184931 -0.000222624 0.99999 -0.00460931 0.00184832 0.00460969 0.999988 -0.0412983 0.00195466 -0.232552
FixedParameters: 0 0 0

#Transform 4
Transform: AffineTransform_float_3_3
Parameters: 0.999998 0.000375375 -0.00156809 -0.000383002 0.999988 -0.00483012 0.00156568 0.00483088 0.999987 -0.0367849 -0.0104372 -0.237672
FixedParameters: 0 0 0

#Transform 5
Transform: AffineTransform_float_3_3
Parameters: 0.999999 0.000784432 -0.00109267 -0.000788631 0.999989 -0.00469432 0.00108896 0.00469468 0.999988 -0.0425341 0.051336 -0.244899
FixedParameters: 0 0 0

#Transform 6
Transform: AffineTransform_float_3_3
Parameters: 0.999999 -0.00069748 -0.00125705 0.000695706 0.999999 -0.00138465 0.00125753 0.00138335 0.999998 0.00985479 -0.262374 -0.0780099
FixedParameters: 0 0 0

#Transform 7
Transform: AffineTransform_float_3_3
Parameters: 0.999999 0.000348488 -0.001731 -0.000348275 1 -0.000287111 0.00173153 0.00028789 0.999998 -0.00689757 0.249832 -0.115014
FixedParameters: 0 0 0

#Transform 8
Transform: AffineTransform_float_3_3
Parameters: 0.999999 0.00118955 -0.000764298 -0.00119025 0.999999 -0.000615265 0.000763804 0.000615735 0.999999 -0.0441413 -0.0356125 -0.0819995
FixedParameters: 0 0 0

#Transform 9
Transform: AffineTransform_float_3_3
Parameters: 1 0.00106214 -0.000582543 -0.00106255 1 -0.000353611 0.000581791 0.000354388 1 -0.0314564 0.00371069 -0.0919166
FixedParameters: 0 0 0

#Transform 10
Transform: AffineTransform_float_3_3
Parameters: 1 0.00065527 -0.000199994 -0.000655335 1 -0.000162869 0.000199781 0.000163131 1 -0.0301748 -0.0276539 -0.0748075
FixedParameters: 0 0 0

#Transform 11
Transform: AffineTransform_float_3_3
Parameters: 0.999999 0.000741694 -0.000132674 -0.000741778 0.999999 -0.000315902 0.000132205 0.000316098 1 -0.0142006 -0.00263252 -0.0813411
FixedParameters: 0 0 0

#Transform 12
Transform: AffineTransform_float_3_3
Parameters: 1 0.000645524 -0.000239904 -0.00064566 1 -0.000282845 0.000239538 0.000283155 1 -0.00885934 -0.0141216 -0.0682565
FixedParameters: 0 0 0

#Transform 13
Transform: AffineTransform_float_3_3
Parameters: 1 0.000196186 -0.00025478 -0.000196323 1 -0.00026795 0.000254675 0.00026805 1 -0.0124456 -0.012116 -0.0771962
FixedParameters: 0 0 0

#Transform 14
Transform: AffineTransform_float_3_3
Parameters: 1 0.000237182 -8.67747e-05 -0.000237273 1 -0.000526979 8.65247e-05 0.00052702 1 0.00205289 -0.0029597 -0.0802215
FixedParameters: 0 0 0

#Transform 15
Transform: AffineTransform_float_3_3
Parameters: 1 0.000271635 -0.000312377 -0.000271687 1 -0.000460915 0.000313098 0.000461085 1 -0.000143433 0.0137021 -0.0827364
FixedParameters: 0 0 0

#Transform 16
Transform: AffineTransform_float_3_3
Parameters: 1 0.000311178 -0.000558886 -0.000311915 0.999999 -0.000658825 0.000558475 0.000659173 0.999999 -0.0089913 0.0103996 -0.0586998
FixedParameters: 0 0 0

#Transform 17
Transform: AffineTransform_float_3_3
Parameters: 1 0.000132669 -0.000515132 -0.000132894 1 -0.000217932 0.000515074 0.000218068 1 0.00773325 0.0224616 -0.0556019
FixedParameters: 0 0 0

#Transform 18
Transform: AffineTransform_float_3_3
Parameters: 1 0.000132422 -0.000515195 -0.000133142 0.999999 -0.000698931 0.00051501 0.000699068 0.999999 0.00773799 0.0117484 -0.0520315
FixedParameters: 0 0 0

#Transform 19
Transform: AffineTransform_float_3_3
Parameters: 1 0.000265912 3.06686e-05 -0.000265621 0.999999 -0.000899007 -3.01749e-05 0.000898991 0.999999 0.00133642 0.0396258 -0.0416016
FixedParameters: 0 0 0

#Transform 20
Transform: AffineTransform_float_3_3
Parameters: 1 -0.000192213 0.000140482 0.000192164 1 0.000172027 -0.000140548 -0.000171973 1 -0.00537421 -0.0137853 -0.0308128
FixedParameters: 0 0 0

#Transform 21
Transform: AffineTransform_float_3_3
Parameters: 1 -0.000283652 -0.000235706 0.000284037 0.999999 0.000817933 0.000235242 -0.000818066 0.999999 -0.00276668 -0.0269561 0.0124593
FixedParameters: 0 0 0

#Transform 22
Transform: AffineTransform_float_3_3
Parameters: 1 -0.000180368 0.000189072 0.000180325 1 0.000113034 -0.000189113 -0.000112966 1 0.00906058 0.0601407 0.0221748
FixedParameters: 0 0 0

#Transform 23
Transform: AffineTransform_float_3_3
Parameters: 1 -0.000283488 0.000213989 0.000284144 0.999999 0.00073606 -0.000214644 -0.000735939 0.999999 0.00328876 0.0196835 0.0464865
FixedParameters: 0 0 0

#Transform 24
Transform: AffineTransform_float_3_3
Parameters: 1 -0.000282543 0.000327989 0.000283032 0.999999 0.000736092 -0.000328642 -0.000735907 0.999999 -0.0017803 0.0142225 0.0360444
FixedParameters: 0 0 0

#Transform 25
Transform: AffineTransform_float_3_3
Parameters: 1 -0.00027466 0.000639949 0.000274689 0.999999 0.000736175 -0.00064059 -0.000735824 0.999999 -0.00542192 0.0358783 0.0444112
FixedParameters: 0 0 0

#Transform 26
Transform: AffineTransform_float_3_3
Parameters: 0.999999 -0.000300508 0.000724398 0.00030028 0.999999 0.000827504 -0.000725132 -0.000827496 1 0.00372809 0.0184756 0.0722513
FixedParameters: 0 0 0

#Transform 27
Transform: AffineTransform_float_3_3
Parameters: 1 -0.000219999 0.00103328 0.000219971 1 0.000483514 -0.00103373 -0.000483487 1 0.00778756 0.0205453 0.0870307
FixedParameters: 0 0 0

#Transform 28
Transform: AffineTransform_float_3_3
Parameters: 1 -6.33522e-05 0.000669987 6.28712e-05 1 0.000359042 -0.000670032 -0.000358958 0.999999 -0.00588157 0.0464125 0.0850307
FixedParameters: 0 0 0

#Transform 29
Transform: AffineTransform_float_3_3
Parameters: 0.999999 -0.000173105 0.00070085 0.000172737 1 0.000262121 -0.00070094 -0.000261879 0.999999 0.00441256 0.0186592 0.0661307
FixedParameters: 0 0 0

#Transform 30
Transform: AffineTransform_float_3_3
Parameters: 1 -1.49715e-05 0.000635607 1.48024e-05 1 0.000133009 -0.000635611 -0.00013299 1 -0.00804842 0.00607299 0.0736733
FixedParameters: 0 0 0

#Transform 31
Transform: AffineTransform_float_3_3
Parameters: 1 -0.00016822 0.000237872 0.000168789 1 -0.00119696 -0.000237468 0.00119704 1 -0.000765664 0.0813298 0.029635
FixedParameters: 0 0 0

#Transform 32
Transform: AffineTransform_float_3_3
Parameters: 1 -0.000109008 0.000480623 0.000109582 1 -0.000597947 -0.000480492 0.000598052 0.999999 0.00699496 0.0445453 0.0354091
FixedParameters: 0 0 0

#Transform 33
Transform: AffineTransform_float_3_3
Parameters: 1 -0.000134501 0.000375764 0.000135246 0.999999 -0.000991719 -0.000375496 0.000992281 1 0.0172874 0.0326473 0.0113317
FixedParameters: 0 0 0

#Transform 34
Transform: AffineTransform_float_3_3
Parameters: 1 -0.000395604 0.000439895 0.000395628 0.999999 -0.00140183 -0.00043952 0.00140217 0.999999 0.0167927 0.0598447 -0.000425525
FixedParameters: 0 0 0

#Transform 35
Transform: AffineTransform_float_3_3
Parameters: 1 -0.000219075 0.000914694 0.000221435 0.999998 -0.00182274 -0.000913654 0.00182226 0.999998 0.0169752 0.0487534 -0.0240567
FixedParameters: 0 0 0

#Transform 36
Transform: AffineTransform_float_3_3
Parameters: 0.999999 -0.000118386 0.00142952 0.000121288 0.999999 -0.00177754 -0.00142959 0.00177746 0.999998 0.00506284 0.0550013 -0.0322733
FixedParameters: 0 0 0

#Transform 37
Transform: AffineTransform_float_3_3
Parameters: 0.999999 -0.000336367 0.00150762 0.00033885 0.999998 -0.0015462 -0.00150707 0.00154679 0.999998 0.0220412 0.0525389 -0.0170016
FixedParameters: 0 0 0

#Transform 38
Transform: AffineTransform_float_3_3
Parameters: 0.999999 -7.22583e-05 0.00144279 7.44374e-05 0.999999 -0.00151061 -0.00144306 0.00151039 0.999998 0.0225877 0.0659426 -0.0203628
FixedParameters: 0 0 0

#Transform 39
Transform: AffineTransform_float_3_3
Parameters: 1 -0.000578273 0.00102371 0.000579981 0.999997 -0.00201535 -0.00102284 0.00201565 0.999997 0.0322802 -0.13858 0.0808336
FixedParameters: 0 0 0

#Transform 40
Transform: AffineTransform_float_3_3
Parameters: 0.999998 -0.000147691 0.00226055 0.000155098 0.999995 -0.00329914 -0.0022608 0.00329986 0.999992 0.0481099 0.207363 0.0215368
FixedParameters: 0 0 0

#Transform 41
Transform: AffineTransform_float_3_3
Parameters: 0.999998 1.90474e-05 0.00188335 -1.41426e-05 0.999995 -0.00297457 -0.00188397 0.00297543 0.999993 0.0174799 -0.0145264 0.0500786
FixedParameters: 0 0 0

#Transform 42
Transform: AffineTransform_float_3_3
Parameters: 0.999998 -0.00017166 -0.00157392 0.000165434 0.999992 -0.00382981 0.00157379 0.0038302 0.999992 0.036399 -0.117898 0.000767238
FixedParameters: 0 0 0

#Transform 43
Transform: AffineTransform_float_3_3
Parameters: 1 0.000347695 -0.000436523 -0.000347213 1 0.000552151 0.000436907 -0.000551848 1 0.0514205 0.322184 -0.00206991
FixedParameters: 0 0 0

#Transform 44
Transform: AffineTransform_float_3_3
Parameters: 1 6.74471e-05 0.000198728 -6.74987e-05 0.999996 0.00257498 -0.000198617 -0.00257501 0.999996 0.116657 0.0866514 0.116332
FixedParameters: 0 0 0

#Transform 45
Transform: AffineTransform_float_3_3
Parameters: 0.999999 -0.000385122 -0.000699057 0.000386687 0.999999 0.00181573 0.000697892 -0.00181627 0.999998 0.0611162 0.00954877 0.0768898
FixedParameters: 0 0 0

#Transform 46
Transform: AffineTransform_float_3_3
Parameters: 0.999995 -0.00207634 -0.00238341 0.00208683 0.999989 0.00435428 0.00237394 -0.00435972 0.999987 0.09143 -0.14981 0.0284719
FixedParameters: 0 0 0

#Transform 47
Transform: AffineTransform_float_3_3
Parameters: 1 0.000402689 -0.000155802 -0.000402194 0.999997 0.00234206 0.000156716 -0.00234194 0.999997 0.0349578 0.253712 0.022256
FixedParameters: 0 0 0

#Transform 48
Transform: AffineTransform_float_3_3
Parameters: 1 6.5335e-05 -7.44402e-05 -6.50562e-05 0.999999 0.00186901 7.46839e-05 -0.001869 0.999999 0.0576504 0.0689966 0.0977821
FixedParameters: 0 0 0

#Transform 49
Transform: AffineTransform_float_3_3
Parameters: 1 0.000116986 0.000531386 -0.000118348 0.999997 0.00219617 -0.000531106 -0.00219583 0.999998 0.0466834 0.0936262 0.126966
FixedParameters: 0 0 0

#Transform 50
Transform: AffineTransform_float_3_3
Parameters: 0.999999 0.000227201 0.000758886 -0.000229087 0.999997 0.00252377 -0.000758209 -0.00252323 0.999996 0.0472652 0.0853908 0.140319
FixedParameters: 0 0 0

#Transform 51
Transform: AffineTransform_float_3_3
Parameters: 0.999999 -1.1883e-05 0.000815578 1.03041e-05 0.999997 0.0021583 -0.0008161 -0.0021587 0.999998 0.049092 0.0539758 0.151633
FixedParameters: 0 0 0

#Transform 52
Transform: AffineTransform_float_3_3
Parameters: 0.999999 0.00020458 0.000896007 -0.000207411 0.999997 0.00266482 -0.000895383 -0.00266519 0.999996 0.0584561 0.079523 0.167529
FixedParameters: 0 0 0

#Transform 53
Transform: AffineTransform_float_3_3
Parameters: 0.999999 -0.000103542 0.000876046 0.000102468 0.999999 0.00130309 -0.000875579 -0.00130291 0.999999 0.0668113 0.168344 0.0940584
FixedParameters: 0 0 0

#Transform 54
Transform: AffineTransform_float_3_3
Parameters: 1 -0.000166167 -2.38431e-05 0.000166322 0.999995 0.003332 2.27352e-05 -0.00333201 0.999995 0.0590728 -0.060839 0.175796
FixedParameters: 0 0 0

#Transform 55
Transform: AffineTransform_float_3_3
Parameters: 1 -0.000279333 1.89239e-05 0.000279223 0.999996 0.00279501 -2.0485e-05 -0.00279499 0.999996 0.0555791 0.0529962 0.148549
FixedParameters: 0 0 0

#Transform 56
Transform: AffineTransform_float_3_3
Parameters: 1 -0.000297653 9.2325e-05 0.000297415 0.999996 0.00256303 -9.28786e-05 -0.00256297 0.999996 0.0599208 0.0532882 0.113924
FixedParameters: 0 0 0

#Transform 57
Transform: AffineTransform_float_3_3
Parameters: 1 -0.000112246 -0.000411152 0.000112857 0.999995 0.00310695 0.000410926 -0.00310705 0.999995 0.0635294 0.0548698 0.127097
FixedParameters: 0 0 0

#Transform 58
Transform: AffineTransform_float_3_3
Parameters: 1 0.00010604 0.000145164 -0.000105692 0.999997 0.00215098 -0.000144945 -0.00215101 0.999997 0.0567599 0.078296 0.143674
FixedParameters: 0 0 0

#Transform 59
Transform: AffineTransform_float_3_3
Parameters: 1 -5.55037e-05 0.000310756 5.53483e-05 0.999999 0.00181202 -0.000311194 -0.00181198 0.999999 0.0549497 0.120754 0.13716
FixedParameters: 0 0 0

#Transform 60
Transform: AffineTransform_float_3_3
Parameters: 1 5.54224e-05 0.000386805 -5.59718e-05 0.999998 0.00196598 -0.000386823 -0.00196602 0.999998 0.0421814 0.0677208 0.130658
FixedParameters: 0 0 0

#Transform 61
Transform: AffineTransform_float_3_3
Parameters: 1 0.00046893 0.000356845 -0.0004694 0.999998 0.00202578 -0.000355181 -0.00202522 0.999998 0.034531 0.0507153 0.113385
FixedParameters: 0 0 0

#Transform 62
Transform: AffineTransform_float_3_3
Parameters: 0.999999 0.000375964 0.000757789 -0.000377206 0.999999 0.00146071 -0.000756925 -0.00146128 0.999998 0.0344468 0.0879378 0.0853024
FixedParameters: 0 0 0

#Transform 63
Transform: AffineTransform_float_3_3
Parameters: 0.999999 0.000410098 0.000650604 -0.000410299 0.999999 0.000900963 -0.000650101 -0.000901037 1 0.0223033 0.111837 0.0761165
FixedParameters: 0 0 0

#Transform 64
Transform: AffineTransform_float_3_3
Parameters: 0.999999 0.000469004 0.000826771 -0.000470113 0.999999 0.00125856 -0.000825826 -0.00125844 0.999999 0.016303 0.0728544 0.0959109
FixedParameters: 0 0 0

#Transform 65
Transform: AffineTransform_float_3_3
Parameters: 1 0.000317239 0.000980853 -0.000318347 0.999999 0.00105992 -0.000980416 -0.00106008 0.999999 0.0217161 0.109247 0.0985179
FixedParameters: 0 0 0

#Transform 66
Transform: AffineTransform_float_3_3
Parameters: 1 0.000505107 0.000863468 -0.000506345 0.999999 0.00184351 -0.000862077 -0.00184349 0.999998 0.0103305 0.0696202 0.0884576
FixedParameters: 0 0 0

#Transform 67
Transform: AffineTransform_float_3_3
Parameters: 0.999999 0.000690952 0.00061351 -0.000691847 0.999999 0.00132852 -0.000612882 -0.00132848 0.999999 0.0293794 0.0831693 0.102314
FixedParameters: 0 0 0

#Transform 68
Transform: AffineTransform_float_3_3
Parameters: 0.999999 0.000737326 0.000645016 -0.000737023 0.999999 0.000518468 -0.000644488 -0.000518531 0.999999 0.012591 0.106739 0.0652978
FixedParameters: 0 0 0

#Transform 69
Transform: AffineTransform_float_3_3
Parameters: 0.999999 0.000666426 0.000575044 -0.000666858 1 0.00101456 -0.0005749 -0.00101444 0.999999 0.0134207 0.0781096 0.0900451
FixedParameters: 0 0 0

#Transform 70
Transform: AffineTransform_float_3_3
Parameters: 0.999999 0.000658372 0.000728243 -0.000658808 1 0.000966521 -0.000727206 -0.00096748 1 0.022876 0.071863 0.0609466
FixedParameters: 0 0 0

#Transform 71
Transform: AffineTransform_float_3_3
Parameters: 1 0.000529554 0.00094672 -0.000530145 0.999999 0.000699729 -0.000947187 -0.000700272 1 0.0212869 0.100728 0.0599807
FixedParameters: 0 0 0

#Transform 72
Transform: AffineTransform_float_3_3
Parameters: 0.999999 0.000663296 0.00122303 -0.000664569 0.999999 0.000917417 -0.00122205 -0.000918581 0.999999 0.0200732 0.0813328 0.0836162
FixedParameters: 0 0 0

#Transform 73
Transform: AffineTransform_float_3_3
Parameters: 0.999999 0.000752746 0.00159326 -0.000753647 0.999999 0.00058726 -0.00159261 -0.00058874 0.999999 0.0179355 0.0783097 0.0537511
FixedParameters: 0 0 0

#Transform 74
Transform: AffineTransform_float_3_3
Parameters: 0.999998 0.000681539 0.0015148 -0.000681703 0.999999 0.000374198 -0.00151452 -0.000375802 0.999999 0.0300907 0.0877322 0.0525825
FixedParameters: 0 0 0

#Transform 75
Transform: AffineTransform_float_3_3
Parameters: 0.999999 0.00049983 0.00147463 -0.000501047 1 0.000412435 -0.00147422 -0.000412563 0.999998 0.0379488 0.0789577 0.0400629
FixedParameters: 0 0 0

#Transform 76
Transform: AffineTransform_float_3_3
Parameters: 0.999998 7.95245e-06 0.00205122 -9.20251e-06 1 0.000541498 -0.00205144 -0.000541501 0.999998 0.0514353 0.0726769 0.00439495
FixedParameters: 0 0 0

#Transform 77
Transform: AffineTransform_float_3_3
Parameters: 0.999996 -0.000313564 0.00281393 0.00031247 1 0.000409684 -0.00281345 -0.000408317 0.999996 0.0743334 0.0592664 -0.020506
FixedParameters: 0 0 0

#Transform 78
Transform: AffineTransform_float_3_3
Parameters: 0.999995 -0.000398122 0.00314737 0.000396753 1 0.00041034 -0.00314696 -0.000408661 0.999995 0.0801853 0.0603841 -0.0331966
FixedParameters: 0 0 0

#Transform 79
Transform: AffineTransform_float_3_3
Parameters: 0.999995 -0.000833021 0.00319832 0.000831238 0.999999 0.000620632 -0.00319885 -0.000618367 0.999994 0.0906801 0.0493917 -0.0345591
FixedParameters: 0 0 0

#Transform 80
Transform: AffineTransform_float_3_3
Parameters: 0.999993 -0.000681733 0.00349814 0.000679719 0.999999 0.000566582 -0.00349938 -0.000564417 0.999993 0.0792254 0.0353587 -0.0860109
FixedParameters: 0 0 0

#Transform 81
Transform: AffineTransform_float_3_3
Parameters: 0.999992 -0.000730918 0.00379055 0.000730005 1 0.0002502 -0.00379115 -0.0002468 0.999992 0.0862132 0.053795 -0.0964775
FixedParameters: 0 0 0

#Transform 82
Transform: AffineTransform_float_3_3
Parameters: 0.999992 -0.000612419 0.00377539 0.000612094 1 4.37983e-05 -0.00377544 -4.22011e-05 0.999993 0.0760322 0.0452621 -0.0683486
FixedParameters: 0 0 0

#Transform 83
Transform: AffineTransform_float_3_3
Parameters: 0.999993 0.000157381 0.00353935 -0.000158096 1 0.000100934 -0.00353932 -0.000101065 0.999994 0.0595246 0.0687785 -0.0444699
FixedParameters: 0 0 0

#Transform 84
Transform: AffineTransform_float_3_3
Parameters: 0.999994 0.000320536 0.00361085 -0.000320074 1 -6.46633e-05 -0.00361089 6.33357e-05 0.999993 0.0516878 0.0861669 -0.0451052
FixedParameters: 0 0 0

#Transform 85
Transform: AffineTransform_float_3_3
Parameters: 0.999995 -0.00208159 0.0023542 0.00207917 0.999997 0.00107966 -0.00235624 -0.00107434 0.999996 0.0968166 0.0317301 0.228744
FixedParameters: 0 0 0

#Transform 86
Transform: AffineTransform_float_3_3
Parameters: 0.999998 -0.00119209 0.00145064 0.00118754 0.999994 0.00331361 -0.00145461 -0.00331239 0.999993 0.0159646 -0.13622 0.159902
FixedParameters: 0 0 0

#Transform 87
Transform: AffineTransform_float_3_3
Parameters: 0.999998 -0.00185163 0.00125005 0.00184679 0.999991 0.00384897 -0.00125722 -0.00384703 0.999992 0.028521 0.0532597 0.142297
FixedParameters: 0 0 0

#Transform 88
Transform: AffineTransform_float_3_3
Parameters: 0.999998 -0.00221001 0.000539967 0.00220841 0.999993 0.00299351 -0.000546391 -0.00299249 0.999995 0.0118243 0.12727 -0.0219169
FixedParameters: 0 0 0

#Transform 89
Transform: AffineTransform_float_3_3
Parameters: 0.999997 -0.00127578 0.00231739 0.0012678 0.999992 0.00375418 -0.00232203 -0.00375183 0.99999 0.0225465 0.292092 0.0056667
FixedParameters: 0 0 0

#Transform 90
Transform: AffineTransform_float_3_3
Parameters: 0.999993 -2.24719e-05 0.00390505 4.68436e-06 0.999989 0.00466883 -0.00390458 -0.00466817 0.999981 0.0099508 0.334781 -0.178993
FixedParameters: 0 0 0

#Transform 91
Transform: AffineTransform_float_3_3
Parameters: 0.999994 0.000250952 0.0036285 -0.000265033 0.999992 0.00377861 -0.00362671 -0.00378038 0.999986 0.0713516 0.0236673 -0.00693743
FixedParameters: 0 0 0

#Transform 92
Transform: AffineTransform_float_3_3
Parameters: 0.999999 0.00037111 0.00171276 -0.000374247 0.999999 0.00176659 -0.00171215 -0.00176741 0.999997 0.0355595 -0.0584463 -0.0124871
FixedParameters: 0 0 0

#Transform 93
Transform: AffineTransform_float_3_3
Parameters: 0.999998 0.000747103 0.00143515 -0.000748048 0.999999 0.000667157 -0.00143438 -0.000668842 0.999998 0.056795 0.104892 0.0243399
FixedParameters: 0 0 0

#Transform 94
Transform: AffineTransform_float_3_3
Parameters: 0.999999 0.000203267 -0.000802667 -0.00020198 0.999999 0.000802393 0.000802992 -0.000801607 1 0.0346607 -0.00797184 0.210986
FixedParameters: 0 0 0

#Transform 95
Transform: AffineTransform_float_3_3
Parameters: 0.999998 -0.000501868 0.00152569 0.000500995 1 0.000681878 -0.00152564 -0.000682123 0.999999 0.0038592 0.123903 -0.160696
FixedParameters: 0 0 0

#Transform 96
Transform: AffineTransform_float_3_3
Parameters: 0.999997 -0.00168231 0.00164924 0.00167806 0.999995 0.00252966 -0.00165359 -0.00252634 0.999995 0.0575131 0.0775635 0.129123
FixedParameters: 0 0 0

#Transform 97
Transform: AffineTransform_float_3_3
Parameters: 0.999998 -0.00107614 0.00160287 0.00106977 0.999992 0.00394184 -0.00160668 -0.00394017 0.999991 0.0459838 0.118632 0.233579
FixedParameters: 0 0 0

#Transform 98
Transform: AffineTransform_float_3_3
Parameters: 0.999998 -0.00154022 0.000606141 0.00153773 0.99999 0.00420071 -0.000612505 -0.00419929 0.999991 0.00762814 0.0953952 0.236657
FixedParameters: 0 0 0

#Transform 99
Transform: AffineTransform_float_3_3
Parameters: 0.999894 -0.00478775 -0.0137926 0.00488459 0.999964 0.00699213 0.0137585 -0.00705887 0.99988 -0.596199 -0.0397857 -0.361955
FixedParameters: 0 0 0

#Transform 100
Transform: AffineTransform_float_3_3
Parameters: 0.999899 0.00188564 -0.0141226 -0.00196496 0.999982 -0.00558469 0.0141117 0.00561231 0.999885 -0.311709 -0.154126 -0.220564
FixedParameters: 0 0 0

#Transform 101
Transform: AffineTransform_float_3_3
Parameters: 0.999977 0.0022794 -0.00640835 -0.00227432 0.999997 0.000762841 0.00640982 -0.000748157 0.999979 -0.143535 0.379839 0.0369937
FixedParameters: 0 0 0

#Transform 102
Transform: AffineTransform_float_3_3
Parameters: 0.999988 0.00167299 -0.00459074 -0.00167047 0.999999 0.000410267 0.00459136 -0.00040373 0.999989 -0.105267 0.100665 0.111957
FixedParameters: 0 0 0

#Transform 103
Transform: AffineTransform_float_3_3
Parameters: 0.99999 0.00158562 -0.00431528 -0.00158434 0.999998 0.000404322 0.00431606 -0.000397679 0.99999 -0.0946986 0.128815 0.153785
FixedParameters: 0 0 0

#Transform 104
Transform: AffineTransform_float_3_3
Parameters: 0.999995 0.0015068 -0.00284448 -0.00150304 0.999998 0.00108679 0.00284627 -0.00108221 0.999996 -0.0711392 0.124085 0.203195
FixedParameters: 0 0 0

#Transform 105
Transform: AffineTransform_float_3_3
Parameters: 0.999994 0.00141032 -0.00323936 -0.00140698 0.999999 0.00085313 0.00324126 -0.000848867 0.999994 -0.0663247 0.142017 0.177997
FixedParameters: 0 0 0

#Transform 106
Transform: AffineTransform_float_3_3
Parameters: 0.999996 0.00174583 -0.00229474 -0.0017441 0.999998 0.000906 0.00229643 -0.000902 0.999997 -0.0453981 0.0954273 0.211865
FixedParameters: 0 0 0

#Transform 107
Transform: AffineTransform_float_3_3
Parameters: 0.999987 0.00217534 -0.00462129 -0.0021651 0.999995 0.00200145 0.00462578 -0.00199154 0.999987 0.00759345 0.152835 0.388219
FixedParameters: 0 0 0

#Transform 108
Transform: AffineTransform_float_3_3
Parameters: 0.999989 0.0023765 -0.00416759 -0.0023743 0.999997 0.000558575 0.00416876 -0.000549426 0.999991 -0.00630694 0.179693 0.336834
FixedParameters: 0 0 0

#Transform 109
Transform: AffineTransform_float_3_3
Parameters: 0.999992 0.00230703 -0.00342186 -0.00230623 0.999997 0.000296169 0.00342247 -0.000288832 0.999994 -0.0162629 0.148476 0.291402
FixedParameters: 0 0 0

#Transform 110
Transform: AffineTransform_float_3_3
Parameters: 0.999991 0.0026231 -0.00315014 -0.00262193 0.999996 0.00022725 0.00315034 -0.00021875 0.999995 -0.028079 0.184117 0.331213
FixedParameters: 0 0 0

#Transform 111
Transform: AffineTransform_float_3_3
Parameters: 0.999991 0.00218414 -0.00359263 -0.00218204 0.999998 0.00063335 0.00359391 -0.000625652 0.999994 -0.0166183 0.118556 0.347971
FixedParameters: 0 0 0

#Transform 112
Transform: AffineTransform_float_3_3
Parameters: 0.999994 0.00219338 -0.00292803 -0.00219216 0.999997 0.000623585 0.00292928 -0.000617417 0.999996 -0.0162226 0.120565 0.368852
FixedParameters: 0 0 0

#Transform 113
Transform: AffineTransform_float_3_3
Parameters: 0.999995 0.00196224 -0.00247475 -0.00196321 0.999998 -0.000243092 0.00247476 0.000247908 0.999997 0.00111902 0.211825 0.30692
FixedParameters: 0 0 0

#Transform 114
Transform: AffineTransform_float_3_3
Parameters: 0.999995 0.00216992 -0.00229249 -0.0021708 0.999998 -0.000506262 0.00229199 0.000511741 0.999998 0.00801666 0.169879 0.304291
FixedParameters: 0 0 0

#Transform 115
Transform: AffineTransform_float_3_3
Parameters: 0.999996 0.00184686 -0.00210724 -0.0018475 0.999998 -0.000380344 0.00210559 0.000383654 0.999997 0.00786993 0.1474 0.314698
FixedParameters: 0 0 0

#Transform 116
Transform: AffineTransform_float_3_3
Parameters: 0.999996 0.00195009 -0.00235866 -0.00194974 0.999998 0.000125594 0.00235817 -0.000120408 0.999997 0.012411 0.162234 0.310315
FixedParameters: 0 0 0

#Transform 117
Transform: AffineTransform_float_3_3
Parameters: 0.999995 0.00253125 -0.00153724 -0.00253138 0.999997 0.000352141 0.00153828 -0.00034886 0.999998 -0.0104071 0.16058 0.326645
FixedParameters: 0 0 0

#Transform 118
Transform: AffineTransform_float_3_3
Parameters: 0.999998 0.00181038 -0.00142038 -0.00180924 0.999997 0.00133522 0.00142277 -0.00133278 0.999998 0.0334314 0.148864 0.383997
FixedParameters: 0 0 0

#Transform 119
Transform: AffineTransform_float_3_3
Parameters: 0.999997 0.00184036 -0.00156854 -0.00183871 0.999997 0.00137177 0.00157114 -0.00136823 0.999998 0.0305121 0.186023 0.373115
FixedParameters: 0 0 0
