#Insight Transform File V1.0
#Transform 0
Transform: AffineTransform_float_3_3
Parameters: 0.999999 0.00106364 -0.000228744 -0.00106369 0.999999 -0.000940159 0.000227861 0.000940578 1 -0.00153206 -0.0358072 -0.0071696
FixedParameters: 0 0 0

#Transform 1
Transform: AffineTransform_float_3_3
Parameters: 0.999999 0.000859705 9.50802e-05 -0.000860429 0.999999 -0.000644768 -9.59033e-05 0.000645474 0.999999 0.00898334 -0.0393778 -0.0475993
FixedParameters: 0 0 0

#Transform 2
Transform: AffineTransform_float_3_3
Parameters: 0.999999 0.000924066 -0.000402199 -0.000924524 0.999999 -0.00103919 0.000401394 0.00103987 1 0.0184828 -0.0131564 -0.0467104
FixedParameters: 0 0 0

#Transform 3
Transform: AffineTransform_float_3_3
Parameters: 0.999999 0.000865878 -0.000252538 -0.000866019 0.999999 -0.000903308 0.000251902 0.000903077 0.999999 0.0145337 -0.0233575 -0.058977
FixedParameters: 0 0 0

#Transform 4
Transform: AffineTransform_float_3_3
Parameters: 0.999999 0.000758587 -0.000345999 -0.000758894 0.999999 -0.000990583 0.000345613 0.000991042 1 0.0151865 -0.00671746 -0.0319802
FixedParameters: 0 0 0

#Transform 5
Transform: AffineTransform_float_3_3
Parameters: 0.999999 0.000783067 -4.78836e-07 -0.000783003 1 -0.000917251 -7.68594e-07 0.000917245 1 0.0138834 -0.0301168 -0.0186109
FixedParameters: 0 0 0

#Transform 6
Transform: AffineTransform_float_3_3
Parameters: 1 0.000552787 0.000353155 -0.000552869 0.999999 -0.00112568 -0.000353891 0.00112536 1 -0.0160831 -0.0220737 -0.0551413
FixedParameters: 0 0 0

#Transform 7
Transform: AffineTransform_float_3_3
Parameters: 0.999999 0.000265594 0.00067867 -0.00026511 1 -0.000356576 -0.000678859 0.000356216 0.999999 -0.00752994 -0.0504044 -0.0606157
FixedParameters: 0 0 0

#Transform 8
Transform: AffineTransform_float_3_3
Parameters: 0.999999 0.000177246 0.000857577 -0.000177163 1 -0.00056035 -0.000857267 0.000560726 1 -0.00181605 0.00355548 -0.0698837
FixedParameters: 0 0 0

#Transform 9
Transform: AffineTransform_float_3_3
Parameters: 1 9.55467e-05 0.000547277 -9.50081e-05 1 -0.000492064 -0.000547371 0.00049196 0.999999 -0.00901076 -0.0279231 -0.0397462
FixedParameters: 0 0 0

#Transform 10
Transform: AffineTransform_float_3_3
Parameters: 1 3.52195e-05 0.000370271 -3.48871e-05 1 -0.000448841 -0.000370303 0.000448815 1 -0.00441965 -0.0450964 -0.0582276
FixedParameters: 0 0 0

#Transform 11
Transform: AffineTransform_float_3_3
Parameters: 0.999999 0.000168304 0.000860636 -0.000166856 0.999999 -0.000803626 -0.000860717 0.000803938 1 -0.0236241 -0.0276247 -0.0553351
FixedParameters: 0 0 0

#Transform 12
Transform: AffineTransform_float_3_3
Parameters: 0.999999 -0.000368992 0.000593637 0.000368949 1 -0.000228033 -0.000594397 0.000228532 1 -0.00704393 -0.029162 -0.026317
FixedParameters: 0 0 0

#Transform 13
Transform: AffineTransform_float_3_3
Parameters: 0.999999 0.000147028 0.000957399 -0.000147509 1 -0.00024108 -0.000957151 0.000240878 0.999999 -0.00518955 -0.022426 -0.0176383
FixedParameters: 0 0 0

#Transform 14
Transform: AffineTransform_float_3_3
Parameters: 1 0.000171607 0.00108629 -0.000171468 1 -6.38087e-05 -0.00108631 6.4043e-05 1 -0.0169982 -0.0239654 -0.0230754
FixedParameters: 0 0 0

#Transform 15
Transform: AffineTransform_float_3_3
Parameters: 1 -0.000410399 0.000474722 0.000409842 1 -0.000406011 -0.00047407 0.00040648 1 -0.00592314 0.00557668 -0.0499957
FixedParameters: 0 0 0

#Transform 16
Transform: AffineTransform_float_3_3
Parameters: 1 -0.000467713 0.000231098 0.00046778 1 -0.000144474 -0.000230963 0.00014469 1 -0.0283634 0.010005 -0.0416342
FixedParameters: 0 0 0

#Transform 17
Transform: AffineTransform_float_3_3
Parameters: 0.999999 -0.000491898 0.000522745 0.00049124 0.999999 0.000628927 -0.000523363 -0.000628413 0.999999 -0.0294289 -0.0334925 0.013404
FixedParameters: 0 0 0

#Transform 18
Transform: AffineTransform_float_3_3
Parameters: 0.999999 8.00291e-05 0.000817458 -7.99343e-05 1 -5.80214e-05 -0.000817467 5.78906e-05 0.999999 -0.0379411 0.0121956 -0.0139654
FixedParameters: 0 0 0

#Transform 19
Transform: AffineTransform_float_3_3
Parameters: 1 -0.000564747 0.000232292 0.000564838 1 -0.000195966 -0.000232071 0.000196228 1 -0.0275469 -0.00526522 -0.0301839
FixedParameters: 0 0 0

#Transform 20
Transform: AffineTransform_float_3_3
Parameters: 1 0.000234462 3.68651e-05 -0.000234475 1 0.000176973 -3.67821e-05 -0.00017699 1 0.00199899 0.00543408 0.0122344
FixedParameters: 0 0 0

#Transform 21
Transform: AffineTransform_float_3_3
Parameters: 1 -0.000107494 -8.29601e-05 0.00010755 1 0.000338146 8.28873e-05 -0.000338164 1 -0.0269415 -0.03489 -0.0131074
FixedParameters: 0 0 0

#Transform 22
Transform: AffineTransform_float_3_3
Parameters: 1 -0.000159138 7.15929e-05 0.000159003 0.999999 0.00094536 -7.18936e-05 -0.000945338 0.999999 -0.025944 -0.0297442 0.0208939
FixedParameters: 0 0 0

#Transform 23
Transform: AffineTransform_float_3_3
Parameters: 1 -0.000115502 2.31761e-05 0.000115483 1 0.00042141 -2.32735e-05 -0.000421404 1 -0.0218086 0.0122458 0.0398843
FixedParameters: 0 0 0

#Transform 24
Transform: AffineTransform_float_3_3
Parameters: 1 -0.000100835 0.000421401 0.000100413 1 0.000500467 -0.000421501 -0.000500382 1 -0.0292107 -0.0143552 0.0131306
FixedParameters: 0 0 0

#Transform 25
Transform: AffineTransform_float_3_3
Parameters: 1 -0.000197686 4.14782e-05 0.000197669 1 0.00020493 -4.15592e-05 -0.000204913 1 -0.046937 0.00265746 0.0146552
FixedParameters: 0 0 0

#Transform 26
Transform: AffineTransform_float_3_3
Parameters: 1 0.000116405 0.000150646 -0.0001164 1 -1.68851e-05 -0.00015065 1.685e-05 1 -0.0241501 -0.00967119 0.0318651
FixedParameters: 0 0 0

#Transform 27
Transform: AffineTransform_float_3_3
Parameters: 1 0.000315433 -0.000227162 -0.000315595 1 -0.00035646 0.000226937 0.000356604 1 -0.0161955 0.0246008 0.0408996
FixedParameters: 0 0 0

#Transform 28
Transform: AffineTransform_float_3_3
Parameters: 1 0.000297577 8.92768e-05 -0.000297511 1 -0.000368491 -8.9496e-05 0.000368438 1 -0.0250824 0.022997 0.00709391
FixedParameters: 0 0 0

#Transform 29
Transform: AffineTransform_float_3_3
Parameters: 1 -9.23381e-05 0.00022132 9.25382e-05 1 -0.000452148 -0.000221236 0.000452189 1 -0.0261426 0.0153738 0.00996904
FixedParameters: 0 0 0

#Transform 30
Transform: AffineTransform_float_3_3
Parameters: 1 -7.61557e-05 0.000215864 7.64239e-05 1 -0.000621295 -0.000215769 0.000621328 1 -0.0263215 0.0231565 0.00548515
FixedParameters: 0 0 0

#Transform 31
Transform: AffineTransform_float_3_3
Parameters: 1 0.000118679 0.000149855 -0.000118574 1 -0.000349325 -0.000149938 0.00034929 1 -0.0239536 0.0296496 0.0217321
FixedParameters: 0 0 0

#Transform 32
Transform: AffineTransform_float_3_3
Parameters: 1 3.95183e-05 0.000176658 -3.93919e-05 1 -0.000357738 -0.000176686 0.000357724 1 -0.0226739 0.00523357 0.0452751
FixedParameters: 0 0 0

#Transform 33
Transform: AffineTransform_float_3_3
Parameters: 1 -9.9954e-05 0.000223885 0.000100121 1 -0.000372549 -0.000223811 0.000372594 1 -0.025255 0.0238634 0.0163907
FixedParameters: 0 0 0

#Transform 34
Transform: AffineTransform_float_3_3
Parameters: 1 -7.87257e-05 0.000216731 7.89833e-05 1 -0.00059443 -0.000216637 0.000594465 1 -0.0256062 0.0174245 0.0148848
FixedParameters: 0 0 0

#Transform 35
Transform: AffineTransform_float_3_3
Parameters: 1 1.25319e-05 0.000559538 -1.21272e-05 1 -0.000361634 -0.000559547 0.00036162 1 -0.0212468 0.0235879 0.0180603
FixedParameters: 0 0 0

#Transform 36
Transform: AffineTransform_float_3_3
Parameters: 1 -0.000147658 0.000239924 0.000147597 1 0.000125939 -0.000239961 -0.000125868 1 -0.027939 0.00705379 0.0253099
FixedParameters: 0 0 0

#Transform 37
Transform: AffineTransform_float_3_3
Parameters: 1 -0.000140992 0.000237686 0.000140965 1 5.62894e-05 -0.000237702 -5.62224e-05 1 -0.0433056 0.0356737 -0.00214539
FixedParameters: 0 0 0

#Transform 38
Transform: AffineTransform_float_3_3
Parameters: 1 -0.000114235 0.000228692 0.000114337 1 -0.000223302 -0.000228641 0.000223354 1 -0.042039 0.0138338 0.0184252
FixedParameters: 0 0 0

#Transform 39
Transform: AffineTransform_float_3_3
Parameters: 1 -0.000134093 0.000119312 0.000134184 1 -0.000384495 -0.000119209 0.000384527 1 -0.0207811 0.0272504 0.0196147
FixedParameters: 0 0 0

#Transform 40
Transform: AffineTransform_float_3_3
Parameters: 1 -0.000353518 -0.000402987 0.000353532 1 1.73101e-05 0.000402975 -1.7595e-05 1 -0.0107149 0.00145968 0.0279427
FixedParameters: 0 0 0

#Transform 41
Transform: AffineTransform_float_3_3
Parameters: 1 -0.000268396 -0.000142536 0.000268409 1 4.52731e-05 0.000142511 -4.53496e-05 1 -0.0125515 0.0165826 0.0549425
FixedParameters: 0 0 0

#Transform 42
Transform: AffineTransform_float_3_3
Parameters: 1 -0.000264033 -8.49401e-05 0.000264379 1 0.000187538 8.57693e-05 -0.000187644 1 -0.0139477 0.0125891 0.0791227
FixedParameters: 0 0 0

#Transform 43
Transform: AffineTransform_float_3_3
Parameters: 1 -0.000225328 -7.05022e-05 0.00022531 1 -0.000130812 7.05612e-05 0.000130781 1 -0.0154632 0.041187 0.0311401
FixedParameters: 0 0 0

#Transform 44
Transform: AffineTransform_float_3_3
Parameters: 1 -0.000272519 -0.000175962 0.000272512 1 -2.23938e-05 0.000175975 2.22979e-05 1 -0.0244821 0.0287148 0.0373387
FixedParameters: 0 0 0

#Transform 45
Transform: AffineTransform_float_3_3
Parameters: 1 -0.000301606 -0.000295948 0.000301529 1 -0.000130886 0.000296027 0.000130707 1 -0.0224855 0.0369958 0.0361203
FixedParameters: 0 0 0

#Transform 46
Transform: AffineTransform_float_3_3
Parameters: 0.999999 -0.000448299 -0.000729819 0.000448202 1 -0.000131226 0.000729905 0.000131362 0.999999 -0.0243181 0.0302174 0.0320108
FixedParameters: 0 0 0

#Transform 47
Transform: AffineTransform_float_3_3
Parameters: 0.999999 -0.000269555 -0.000969633 0.000270224 1 0.000312125 0.000969653 -0.000312048 1 -0.00423672 0.022566 0.0453326
FixedParameters: 0 0 0

#Transform 48
Transform: AffineTransform_float_3_3
Parameters: 1 -0.000153039 -0.000130828 0.000152941 1 -0.000374234 0.000130942 0.000374194 1 -0.0221923 0.0325555 0.0666145
FixedParameters: 0 0 0

#Transform 49
Transform: AffineTransform_float_3_3
Parameters: 1 -0.000178617 -0.000606759 0.000178519 1 -8.09853e-05 0.000606788 8.07686e-05 1 -0.00926386 0.030841 0.0609802
FixedParameters: 0 0 0

#Transform 50
Transform: AffineTransform_float_3_3
Parameters: 1 -0.000393304 -0.000514101 0.000393343 1 3.81445e-05 0.000514071 -3.85489e-05 1 -0.0109446 0.0284377 0.0538483
FixedParameters: 0 0 0

#Transform 51
Transform: AffineTransform_float_3_3
Parameters: 1 -0.000120059 -0.000351039 0.000120188 1 0.000182745 0.000350995 -0.000182829 1 -0.0390639 0.0297386 0.0163373
FixedParameters: 0 0 0

#Transform 52
Transform: AffineTransform_float_3_3
Parameters: 1 -7.88527e-05 -0.000155969 7.89824e-05 1 0.000415596 0.000155903 -0.00041562 1 -0.0427832 0.00291014 0.0558306
FixedParameters: 0 0 0

#Transform 53
Transform: AffineTransform_float_3_3
Parameters: 1 0.000167011 -0.000238591 -0.000167428 0.999998 0.00162384 0.000238713 -0.00162363 0.999998 -0.0417877 -0.00973748 0.0286059
FixedParameters: 0 0 0

#Transform 54
Transform: AffineTransform_float_3_3
Parameters: 1 0.000454014 -6.30062e-05 -0.000453761 0.999999 0.00148467 6.45429e-05 -0.00148462 0.999999 -0.0228609 0.00522549 0.0934197
FixedParameters: 0 0 0

#Transform 55
Transform: AffineTransform_float_3_3
Parameters: 1 0.000246501 0.000166116 -0.000246864 0.999999 0.00128957 -0.000165291 -0.00128965 0.999999 -0.0387282 0.0161498 0.0793911
FixedParameters: 0 0 0

#Transform 56
Transform: AffineTransform_float_3_3
Parameters: 1 0.000207142 0.000491714 -0.000207642 0.999999 0.00153249 -0.000491208 -0.00153278 0.999998 -0.0454778 -0.00922105 0.0810039
FixedParameters: 0 0 0

#Transform 57
Transform: AffineTransform_float_3_3
Parameters: 1 3.82628e-05 0.000335357 -3.8835e-05 0.999999 0.000853176 -0.000335291 -0.000853202 0.999999 -0.056684 0.0228613 0.0638617
FixedParameters: 0 0 0

#Transform 58
Transform: AffineTransform_float_3_3
Parameters: 1 4.57309e-05 0.00040153 -4.64476e-05 1 0.000972364 -0.000401252 -0.000972407 1 -0.0586383 0.0220123 0.056281
FixedParameters: 0 0 0

#Transform 59
Transform: AffineTransform_float_3_3
Parameters: 1 -1.97044e-05 0.000568178 1.96772e-05 0.999999 0.00090973 -0.000568344 -0.000909186 1 -0.055776 0.00984377 0.0668722
FixedParameters: 0 0 0

#Transform 60
Transform: AffineTransform_float_3_3
Parameters: 1 -0.000335998 0.000355022 0.000335447 0.999999 0.000774719 -0.000355542 -0.00077448 0.999999 -0.0556543 0.0395033 0.0604873
FixedParameters: 0 0 0

#Transform 61
Transform: AffineTransform_float_3_3
Parameters: 1 -0.000492618 -1.75033e-05 0.000493033 1 0.00106608 1.75697e-05 -0.00106617 1 -0.0648196 0.0249086 0.0566263
FixedParameters: 0 0 0

#Transform 62
Transform: AffineTransform_float_3_3
Parameters: 1 -0.000435239 7.71329e-05 0.000435426 0.999999 0.000826341 -7.69242e-05 -0.000826334 0.999999 -0.0579422 0.0204509 0.0513691
FixedParameters: 0 0 0

#Transform 63
Transform: AffineTransform_float_3_3
Parameters: 1 -0.000361487 0.000187488 0.00036162 1 0.000483114 -0.000186909 -0.00048304 1 -0.0685172 0.015869 0.0657813
FixedParameters: 0 0 0

#Transform 64
Transform: AffineTransform_float_3_3
Parameters: 1 -0.000425354 5.91015e-05 0.000425273 0.999999 0.000676124 -5.96766e-05 -0.000676073 1 -0.050776 0.0237425 0.0585972
FixedParameters: 0 0 0

#Transform 65
Transform: AffineTransform_float_3_3
Parameters: 1 -0.000430755 5.56293e-05 0.000430675 0.999999 0.000715921 -5.6246e-05 -0.000715873 0.999999 -0.0515812 0.0418688 0.0803859
FixedParameters: 0 0 0

#Transform 66
Transform: AffineTransform_float_3_3
Parameters: 0.999999 -0.00119578 -0.000652695 0.00119595 0.999999 -0.000664882 0.000653934 0.000664031 1 -0.144053 0.0645554 0.146768
FixedParameters: 0 0 0

#Transform 67
Transform: AffineTransform_float_3_3
Parameters: 0.999999 -0.000547453 -0.00142054 0.000542349 0.999993 -0.0037548 0.00142215 0.00375425 0.999992 -0.130523 0.148142 0.20971
FixedParameters: 0 0 0

#Transform 68
Transform: AffineTransform_float_3_3
Parameters: 0.999995 -0.00230511 -0.00235399 0.00232832 0.999948 0.00992802 0.00233157 -0.00993248 0.999948 -0.0498584 -0.028143 0.611636
FixedParameters: 0 0 0

#Transform 69
Transform: AffineTransform_float_3_3
Parameters: 0.999994 -0.00198147 -0.00290543 0.00200083 0.999977 0.00654569 0.00289234 -0.0065513 0.999975 -0.0184537 0.0137494 0.601491
FixedParameters: 0 0 0

#Transform 70
Transform: AffineTransform_float_3_3
Parameters: 0.999993 -0.00118163 -0.00353898 0.0011807 0.999999 -0.000399642 0.00353928 0.000395371 0.999994 -0.0269004 0.0909659 0.42741
FixedParameters: 0 0 0

#Transform 71
Transform: AffineTransform_float_3_3
Parameters: 0.999986 -0.00168997 -0.00497374 0.00168918 0.999999 -0.00017878 0.00497401 0.00017039 0.999988 0.025595 0.106265 0.483438
FixedParameters: 0 0 0

#Transform 72
Transform: AffineTransform_float_3_3
Parameters: 0.999987 -0.00161281 -0.00482355 0.00161144 0.999998 -0.000439317 0.004824 0.000431416 0.999988 0.0421122 0.106104 0.436881
FixedParameters: 0 0 0

#Transform 73
Transform: AffineTransform_float_3_3
Parameters: 0.999986 -0.0014873 -0.00493885 0.0014857 0.999999 -0.000156592 0.00493934 0.000149008 0.999988 0.0524554 0.0731351 0.415535
FixedParameters: 0 0 0

#Transform 74
Transform: AffineTransform_float_3_3
Parameters: 0.999985 -0.00180632 -0.00519303 0.00180791 0.999998 0.000239601 0.00519247 -0.000249184 0.999986 0.0452737 0.105515 0.401065
FixedParameters: 0 0 0

#Transform 75
Transform: AffineTransform_float_3_3
Parameters: 0.999985 -0.00158883 -0.00513144 0.00158936 0.999999 5.6404e-05 0.00513128 -6.50055e-05 0.999987 0.0455101 0.0994361 0.402182
FixedParameters: 0 0 0

#Transform 76
Transform: AffineTransform_float_3_3
Parameters: 0.999986 -0.00141224 -0.00507725 0.00141121 0.999999 -0.000281284 0.00507743 0.000274496 0.999987 0.0421316 0.100377 0.401787
FixedParameters: 0 0 0

#Transform 77
Transform: AffineTransform_float_3_3
Parameters: 0.999987 -0.00146845 -0.00491561 0.00146991 0.999999 0.000154978 0.00491518 -0.000162321 0.999988 0.0403136 0.0828066 0.385266
FixedParameters: 0 0 0

#Transform 78
Transform: AffineTransform_float_3_3
Parameters: 0.999985 -0.00148965 -0.00531276 0.0014904 0.999999 7.52724e-05 0.00531255 -8.27905e-05 0.999986 0.0409936 0.0934756 0.399705
FixedParameters: 0 0 0

#Transform 79
Transform: AffineTransform_float_3_3
Parameters: 0.999985 -0.0017886 -0.00531514 0.00178685 0.999998 -0.00034751 0.00531573 0.000338057 0.999986 0.0313191 0.117491 0.403656
FixedParameters: 0 0 0

#Transform 80
Transform: AffineTransform_float_3_3
Parameters: 0.999986 -0.00163528 -0.00516439 0.00163134 0.999998 -0.000741876 0.00516555 0.000732999 0.999987 0.033808 0.105527 0.432794
FixedParameters: 0 0 0

#Transform 81
Transform: AffineTransform_float_3_3
Parameters: 0.999991 -0.00282764 -0.00328676 0.00282022 0.999994 -0.00218897 0.00329261 0.00217917 0.999992 -0.12549 0.187233 0.261135
FixedParameters: 0 0 0

#Transform 82
Transform: AffineTransform_float_3_3
Parameters: 0.999992 -0.00274113 -0.00279424 0.00273207 0.999991 -0.00323676 0.00280228 0.00322894 0.999991 -0.0855277 0.146868 0.26464
FixedParameters: 0 0 0

#Transform 83
Transform: AffineTransform_float_3_3
Parameters: 0.999992 -0.00197307 -0.00349746 0.00196206 0.999993 -0.00314887 0.00350385 0.00314171 0.999989 8.80751e-05 0.146097 0.375966
FixedParameters: 0 0 0

#Transform 84
Transform: AffineTransform_float_3_3
Parameters: 0.999986 -0.00149184 -0.00503677 0.0014793 0.999995 -0.00257601 0.00504052 0.00256841 0.999984 0.026463 0.137511 0.412477
FixedParameters: 0 0 0

#Transform 85
Transform: AffineTransform_float_3_3
Parameters: 0.999988 -0.00125097 -0.00459371 0.00123978 0.999997 -0.00225672 0.00459673 0.00225034 0.999987 0.0246684 0.135232 0.392516
FixedParameters: 0 0 0

#Transform 86
Transform: AffineTransform_float_3_3
Parameters: 0.999984 -0.00136848 -0.00538834 0.00135395 0.999996 -0.00261959 0.00539272 0.00261203 0.999982 0.0244349 0.119852 0.364314
FixedParameters: 0 0 0

#Transform 87
Transform: AffineTransform_float_3_3
Parameters: 0.999985 -0.0010886 -0.00540664 0.00105852 0.999984 -0.00559786 0.00541276 0.00559193 0.99997 0.0205326 0.0910781 0.316698
FixedParameters: 0 0 0

#Transform 88
Transform: AffineTransform_float_3_3
Parameters: 0.99994 0.00257856 -0.0106062 -0.00301327 0.999147 -0.0411922 0.0104902 0.0412213 0.999095 0.0338 0.164231 -0.0609307
FixedParameters: 0 0 0

#Transform 89
Transform: AffineTransform_float_3_3
Parameters: 0.999946 0.00318863 -0.00988048 -0.00346301 0.999606 -0.027871 0.00978822 0.0279034 0.999563 0.0510269 0.317337 0.152444
FixedParameters: 0 0 0

#Transform 90
Transform: AffineTransform_float_3_3
Parameters: 0.999949 0.0028418 -0.0096754 -0.00310785 0.999615 -0.0275728 0.00959332 0.0276021 0.999573 0.0596915 0.255831 0.171951
FixedParameters: 0 0 0

#Transform 91
Transform: AffineTransform_float_3_3
Parameters: 0.999947 0.00331573 -0.0097494 -0.00358918 0.999598 -0.0281132 0.00965235 0.0281461 0.999557 0.0656619 0.248708 0.129513
FixedParameters: 0 0 0

#Transform 92
Transform: AffineTransform_float_3_3
Parameters: 0.999947 0.00339078 -0.00971866 -0.00367209 0.999573 -0.028983 0.00961616 0.0290173 0.999532 0.0599827 0.213777 0.0995584
FixedParameters: 0 0 0

#Transform 93
Transform: AffineTransform_float_3_3
Parameters: 0.999948 0.00333487 -0.00959438 -0.00356353 0.999708 -0.023898 0.00951172 0.023931 0.999668 0.130025 0.193252 0.173102
FixedParameters: 0 0 0

#Transform 94
Transform: AffineTransform_float_3_3
Parameters: 0.999949 0.00313669 -0.0095254 -0.00341516 0.999563 -0.0293736 0.00942867 0.0294044 0.999523 0.083175 0.178064 0.0367049
FixedParameters: 0 0 0

#Transform 95
Transform: AffineTransform_float_3_3
Parameters: 0.999946 0.00339408 -0.00987668 -0.00368113 0.999566 -0.0292512 0.00977274 0.0292865 0.999523 0.071212 0.224976 0.063976
FixedParameters: 0 0 0

#Transform 96
Transform: AffineTransform_float_3_3
Parameters: 0.999948 0.00337346 -0.00965568 -0.00365383 0.999565 -0.0292537 0.00955316 0.0292878 0.999525 0.0835442 0.214328 0.0822073
FixedParameters: 0 0 0

#Transform 97
Transform: AffineTransform_float_3_3
Parameters: 0.999953 0.00271294 -0.00929458 -0.00295973 0.999639 -0.0267024 0.00921859 0.0267283 0.9996 0.0962739 0.228646 0.239701
FixedParameters: 0 0 0

#Transform 98
Transform: AffineTransform_float_3_3
Parameters: 0.99996 0.00123908 -0.00887681 -0.00138858 0.999856 -0.0168893 0.00885357 0.0169008 0.999818 -0.0432028 0.373534 1.03459
FixedParameters: 0 0 0

#Transform 99
Transform: AffineTransform_float_3_3
Parameters: 0.999978 -6.36002e-05 -0.00661866 9.08523e-05 0.999991 0.00406923 0.00661857 -0.00406936 0.999969 0.0284253 0.280656 1.25911
FixedParameters: 0 0 0

#Transform 100
Transform: AffineTransform_float_3_3
Parameters: 0.999973 0.00110912 -0.00727964 -0.00113679 0.999992 -0.0037917 0.00727505 0.00379965 0.999967 0.0188261 0.283743 0.839483
FixedParameters: 0 0 0

#Transform 101
Transform: AffineTransform_float_3_3
Parameters: 0.999978 0.00249057 -0.00619876 -0.00253986 0.999965 -0.00794443 0.00617928 0.00796024 0.99995 -0.0293741 0.218733 0.112439
FixedParameters: 0 0 0

#Transform 102
Transform: AffineTransform_float_3_3
Parameters: 0.99998 0.00261409 -0.00576712 -0.002663 0.999961 -0.0084064 0.00574531 0.00842129 0.999948 -0.00500519 0.157629 0.0596543
FixedParameters: 0 0 0

#Transform 103
Transform: AffineTransform_float_3_3
Parameters: 0.999979 0.0025156 -0.00593863 -0.00256508 0.999962 -0.00825486 0.00591802 0.0082699 0.999948 -0.00324397 0.145324 0.0467705
FixedParameters: 0 0 0

#Transform 104
Transform: AffineTransform_float_3_3
Parameters: 0.999979 0.00256846 -0.00597459 -0.00261799 0.999961 -0.00839543 0.00595267 0.00841045 0.999947 -0.0236388 0.15823 0.0235138
FixedParameters: 0 0 0

#Transform 105
Transform: AffineTransform_float_3_3
Parameters: 0.999974 0.00247897 -0.00680854 -0.00255005 0.999943 -0.0103646 0.006783 0.0103816 0.999923 -0.0359897 -0.205809 0.0471742
FixedParameters: 0 0 0

#Transform 106
Transform: AffineTransform_float_3_3
Parameters: 0.999973 0.000129615 -0.00727711 -0.000212762 0.999935 -0.0114537 0.00727457 0.0114548 0.999908 0.00215629 0.213116 -0.0795261
FixedParameters: 0 0 0

#Transform 107
Transform: AffineTransform_float_3_3
Parameters: 0.999989 0.000329325 -0.00470297 -0.000377829 0.999948 -0.0101489 0.00469915 0.0101502 0.999937 -0.064119 0.361751 0.0296265
FixedParameters: 0 0 0

#Transform 108
Transform: AffineTransform_float_3_3
Parameters: 0.999988 0.00104849 -0.0047551 -0.0010967 0.999949 -0.0100405 0.00474488 0.0100448 0.999938 -0.0464042 0.341464 0.0414747
FixedParameters: 0 0 0

#Transform 109
Transform: AffineTransform_float_3_3
Parameters: 0.999988 0.0015567 -0.00482044 -0.00159567 0.999966 -0.00811552 0.00480799 0.00812256 0.999955 -0.0699362 0.158222 0.129677
FixedParameters: 0 0 0

#Transform 110
Transform: AffineTransform_float_3_3
Parameters: 0.999984 0.00175342 -0.00531849 -0.00180236 0.999955 -0.00928922 0.0053025 0.00929851 0.999943 -0.0740765 0.194546 0.102079
FixedParameters: 0 0 0

#Transform 111
Transform: AffineTransform_float_3_3
Parameters: 0.999984 0.00164978 -0.00538135 -0.0017035 0.999949 -0.00993846 0.00536539 0.00994801 0.999936 -0.0618002 0.194291 0.0874236
FixedParameters: 0 0 0

#Transform 112
Transform: AffineTransform_float_3_3
Parameters: 0.999984 0.00169031 -0.00552777 -0.00174506 0.99995 -0.009867 0.0055117 0.00987656 0.999936 -0.0529787 0.178724 0.0469974
FixedParameters: 0 0 0

#Transform 113
Transform: AffineTransform_float_3_3
Parameters: 0.999983 0.00180929 -0.00555321 -0.0018656 0.999946 -0.0101717 0.00553454 0.0101816 0.999933 -0.0558351 0.180784 0.0383
FixedParameters: 0 0 0

#Transform 114
Transform: AffineTransform_float_3_3
Parameters: 0.999981 0.00194697 -0.00583989 -0.00200905 0.999942 -0.010585 0.00581902 0.0105964 0.999926 -0.0473791 0.199281 0.0522307
FixedParameters: 0 0 0

#Transform 115
Transform: AffineTransform_float_3_3
Parameters: 0.99998 0.00202433 -0.00596188 -0.00208624 0.999943 -0.0104461 0.00594039 0.0104585 0.999928 -0.051018 0.16236 0.0483241
FixedParameters: 0 0 0

#Transform 116
Transform: AffineTransform_float_3_3
Parameters: 0.999982 0.00157743 -0.00590602 -0.00163903 0.999945 -0.0103935 0.00588916 0.0104029 0.999929 -0.0607729 0.176152 0.004286
FixedParameters: 0 0 0

#Transform 117
Transform: AffineTransform_float_3_3
Parameters: 0.99998 0.00159071 -0.00613679 -0.00165342 0.999947 -0.0101758 0.00612061 0.0101859 0.999929 -0.0552835 0.163069 -0.0119498
FixedParameters: 0 0 0

#Transform 118
Transform: AffineTransform_float_3_3
Parameters: 0.999981 0.0016824 -0.00594495 -0.00174477 0.999945 -0.010418 0.00592674 0.0104281 0.999928 -0.0534641 0.181781 -0.0390733
FixedParameters: 0 0 0

#Transform 119
Transform: AffineTransform_float_3_3
Parameters: 0.999983 0.00162004 -0.00572896 -0.00168416 0.999936 -0.0111564 0.00570951 0.0111657 0.999921 -0.0517909 0.166617 -0.066422
FixedParameters: 0 0 0
