#Insight Transform File V1.0
#Transform 0
Transform: AffineTransform_float_3_3
Parameters: 0.999999 -2.49332e-05 -0.000965441 2.40455e-05 0.999999 -0.00112191 0.0009661 0.00112109 0.999999 -0.000170384 -0.0502364 -0.0354438
FixedParameters: 0 0 0

#Transform 1
Transform: AffineTransform_float_3_3
Parameters: 0.999999 -3.09213e-05 -0.00124682 3.01499e-05 1 -0.000686721 0.00124653 0.000687279 0.999999 -0.000166229 -0.0208712 -0.0641047
FixedParameters: 0 0 0

#Transform 2
Transform: AffineTransform_float_3_3
Parameters: 1 0.000311492 -0.00100002 -0.00031302 0.999999 -0.00076337 0.000999538 0.000764629 0.999999 0.0154854 -0.0294847 -0.084473
FixedParameters: 0 0 0

#Transform 3
Transform: AffineTransform_float_3_3
Parameters: 1 0.000311658 -0.000999964 -0.000312854 1 -0.00059737 0.00099959 0.000598629 1 0.00500371 -0.012093 -0.102389
FixedParameters: 0 0 0

#Transform 4
Transform: AffineTransform_float_3_3
Parameters: 0.999999 3.11599e-05 -0.000899341 -3.12938e-05 1 -0.000597655 0.000898966 0.000598346 1 0.00820556 -0.017035 -0.0881636
FixedParameters: 0 0 0

#Transform 5
Transform: AffineTransform_float_3_3
Parameters: 1 -8.59406e-05 -0.0006544 8.62421e-05 1 -0.000489056 0.000654147 0.000488944 0.999999 0.0181103 -0.0084297 -0.101931
FixedParameters: 0 0 0

#Transform 6
Transform: AffineTransform_float_3_3
Parameters: 0.999999 -0.000190177 -0.000695651 0.000189121 1 -0.000758815 0.000695939 0.000759185 1 0.0187266 -0.0127288 -0.0611225
FixedParameters: 0 0 0

#Transform 7
Transform: AffineTransform_float_3_3
Parameters: 0.999999 -0.000331093 -0.0007694 0.000330443 1 -0.000422254 0.000769679 0.000421745 0.999999 0.013957 -0.01979 -0.0688758
FixedParameters: 0 0 0

#Transform 8
Transform: AffineTransform_float_3_3
Parameters: 1 6.19734e-05 -0.000910099 -6.16768e-05 1 0.000163056 0.000910119 -0.000162944 0.999999 0.0173781 -0.0140173 -0.0678785
FixedParameters: 0 0 0

#Transform 9
Transform: AffineTransform_float_3_3
Parameters: 0.999999 0.00016264 -0.000946164 -0.000162485 1 8.21537e-05 0.000946191 -8.18461e-05 0.999999 0.0132766 -0.0121993 -0.0493557
FixedParameters: 0 0 0

#Transform 10
Transform: AffineTransform_float_3_3
Parameters: 0.999999 0.000631892 -0.000513786 -0.0006315 0.999999 0.000382324 0.000514269 -0.000381675 1 0.0235035 -0.0150786 -0.0656522
FixedParameters: 0 0 0

#Transform 11
Transform: AffineTransform_float_3_3
Parameters: 1 0.000252242 -0.000378206 -0.000252325 1 -0.000109905 0.00037815 0.000110095 1 0.0164396 -0.0331906 -0.0551955
FixedParameters: 0 0 0

#Transform 12
Transform: AffineTransform_float_3_3
Parameters: 0.999999 0.000117019 -0.000755721 -0.000117198 1 -0.000117911 0.000755694 0.000118088 0.999999 0.0225524 -0.0158083 -0.0529343
FixedParameters: 0 0 0

#Transform 13
Transform: AffineTransform_float_3_3
Parameters: 1 0.000211499 -0.000492094 -0.000211491 1 8.10407e-06 0.000492098 -7.89592e-06 1 0.0166385 -0.00969593 -0.0537177
FixedParameters: 0 0 0

#Transform 14
Transform: AffineTransform_float_3_3
Parameters: 1 -0.000227233 -0.000527247 0.000226864 1 -0.00035012 0.000527406 0.00034988 1 0.018954 -0.000628682 -0.0920515
FixedParameters: 0 0 0

#Transform 15
Transform: AffineTransform_float_3_3
Parameters: 0.999999 -0.000323891 -0.000795333 0.000323292 1 -0.000968258 0.000795622 0.000967743 0.999999 0.0193209 -0.0271864 -0.0807838
FixedParameters: 0 0 0

#Transform 16
Transform: AffineTransform_float_3_3
Parameters: 1 0.000248297 -0.000475479 -0.000248176 1 0.000128118 0.000475542 -0.000127882 1 0.0164261 -0.0119598 -0.0164702
FixedParameters: 0 0 0

#Transform 17
Transform: AffineTransform_float_3_3
Parameters: 0.999999 0.00046472 -0.000535133 -0.000464993 1 -0.000254751 0.000534896 0.000255249 1 0.00753816 0.0104579 -0.0306097
FixedParameters: 0 0 0

#Transform 18
Transform: AffineTransform_float_3_3
Parameters: 1 0.000172949 -0.000220133 -0.000172854 1 0.000216038 0.000220208 -0.000215962 1 -0.0016955 0.00095374 -0.0288923
FixedParameters: 0 0 0

#Transform 19
Transform: AffineTransform_float_3_3
Parameters: 1 -2.78762e-06 -0.000283664 2.78194e-06 1 -1.00008e-05 0.000283664 9.99921e-06 1 0.00252157 0.0218827 -0.0668407
FixedParameters: 0 0 0

#Transform 20
Transform: AffineTransform_float_3_3
Parameters: 1 3.73381e-05 -0.000171627 -3.7321e-05 1 5.00064e-05 0.000171631 -4.99936e-05 1 -0.00175338 0.0104688 -0.00601891
FixedParameters: 0 0 0

#Transform 21
Transform: AffineTransform_float_3_3
Parameters: 1 -8.68806e-05 -0.000127176 8.70085e-05 1 0.000502989 0.000127089 -0.000503011 1 0.00236447 -0.0201457 0.00735699
FixedParameters: 0 0 0

#Transform 22
Transform: AffineTransform_float_3_3
Parameters: 1 -0.000104415 -0.000569023 0.000105434 0.999999 0.000896258 0.000568835 -0.000895742 1 -0.0259636 0.0268024 -0.117458
FixedParameters: 0 0 0

#Transform 23
Transform: AffineTransform_float_3_3
Parameters: 1 0.000131579 -0.000205273 -0.000131374 1 0.000498027 0.000205404 -0.000497973 1 -0.0374357 0.024754 -0.0986099
FixedParameters: 0 0 0

#Transform 24
Transform: AffineTransform_float_3_3
Parameters: 1 3.74502e-05 -0.000171603 -3.72089e-05 1 0.000703006 0.000171655 -0.000702993 0.999999 -0.0369976 0.0293632 -0.134661
FixedParameters: 0 0 0

#Transform 25
Transform: AffineTransform_float_3_3
Parameters: 1 9.92238e-06 -0.00024882 -9.45309e-06 0.999999 0.000943002 0.000248838 -0.000942997 0.999999 -0.019489 0.0383944 -0.147342
FixedParameters: 0 0 0

#Transform 26
Transform: AffineTransform_float_3_3
Parameters: 1 3.7483e-05 -0.000171595 -3.71761e-05 0.999999 0.000894006 0.000171662 -0.000893993 0.999999 -0.0370052 0.0339364 -0.0661928
FixedParameters: 0 0 0

#Transform 27
Transform: AffineTransform_float_3_3
Parameters: 1 3.74363e-05 -0.000171606 -3.72228e-05 1 0.000622006 0.000171652 -0.000621993 1 -0.0370071 0.0230818 -0.0808564
FixedParameters: 0 0 0

#Transform 28
Transform: AffineTransform_float_3_3
Parameters: 1 3.74862e-05 -0.000171595 -3.71728e-05 0.999999 0.000913006 0.000171663 -0.000912993 0.999999 -0.0370113 0.0207032 -0.0332777
FixedParameters: 0 0 0

#Transform 29
Transform: AffineTransform_float_3_3
Parameters: 1 0.000241911 -0.000244499 -0.000241684 1 0.00115506 0.000244117 -0.00115494 1 -0.0255344 0.0270158 -0.011274
FixedParameters: 0 0 0

#Transform 30
Transform: AffineTransform_float_3_3
Parameters: 1 3.75278e-05 -0.000171586 -3.71313e-05 1 0.00115501 0.000171672 -0.00115499 1 -0.0232188 0.0298975 -0.0283074
FixedParameters: 0 0 0

#Transform 31
Transform: AffineTransform_float_3_3
Parameters: 1 0.000213617 0.000321935 -0.000213377 1 0.00108993 -0.000321806 -0.00109007 1 -0.0216619 0.0382574 -0.0139118
FixedParameters: 0 0 0

#Transform 32
Transform: AffineTransform_float_3_3
Parameters: 1 6.30195e-05 -0.000100033 -6.2878e-05 0.999999 0.000707006 0.000100122 -0.000706993 0.999999 -0.0210049 0.0309453 -0.0297721
FixedParameters: 0 0 0

#Transform 33
Transform: AffineTransform_float_3_3
Parameters: 1 -3.15117e-05 -0.000364653 3.20382e-05 0.999999 0.000721988 0.000364607 -0.000722011 0.999999 -0.0230705 0.0266123 -0.0267432
FixedParameters: 0 0 0

#Transform 34
Transform: AffineTransform_float_3_3
Parameters: 1 6.10248e-05 -0.000105669 -6.08275e-05 0.999999 0.000933006 0.000105783 -0.000932993 0.999999 -0.020985 0.0432936 -0.0329614
FixedParameters: 0 0 0

#Transform 35
Transform: AffineTransform_float_3_3
Parameters: 1 0.00034897 0.000127219 -0.000349672 0.999999 0.00143196 -0.00012716 -0.00143204 0.999999 -0.0367362 0.0369542 -0.0250171
FixedParameters: 0 0 0

#Transform 36
Transform: AffineTransform_float_3_3
Parameters: 1 0.000457778 0.000184891 -0.000458162 1 0.00104092 -0.000183937 -0.00104109 1 -0.031116 0.0412011 -0.0338108
FixedParameters: 0 0 0

#Transform 37
Transform: AffineTransform_float_3_3
Parameters: 1 0.00060139 -2.52822e-05 -0.000601644 0.999998 0.00160601 2.62728e-05 -0.00160598 0.999998 -0.0194214 0.0344646 -0.0471793
FixedParameters: 0 0 0

#Transform 38
Transform: AffineTransform_float_3_3
Parameters: 1 0.000654556 0.000114994 -0.000654313 0.999998 0.00157792 -0.000114207 -0.00157807 0.999998 -0.0029141 0.0403888 -0.0308713
FixedParameters: 0 0 0

#Transform 39
Transform: AffineTransform_float_3_3
Parameters: 1 0.000596214 0.000135531 -0.000596855 0.999999 0.00112392 -0.000135132 -0.00112408 1 0.000913338 0.0511234 -0.000711941
FixedParameters: 0 0 0

#Transform 40
Transform: AffineTransform_float_3_3
Parameters: 1 0.000438101 -0.000120135 -0.000438131 0.999999 0.00127705 0.000120312 -0.00127695 0.999999 -0.00381077 0.0469516 0.02877
FixedParameters: 0 0 0

#Transform 41
Transform: AffineTransform_float_3_3
Parameters: 1 0.000479918 0.000187733 -0.000480422 0.999999 0.00134591 -0.00018644 -0.00134609 0.999999 0.00303175 0.0600564 0.0573644
FixedParameters: 0 0 0

#Transform 42
Transform: AffineTransform_float_3_3
Parameters: 1 0.00059177 -3.15183e-05 -0.000592016 0.999999 0.00142502 3.22638e-05 -0.00142498 0.999999 0.00922272 0.0547428 0.0725092
FixedParameters: 0 0 0

#Transform 43
Transform: AffineTransform_float_3_3
Parameters: 1 0.000479736 2.64203e-05 -0.000479202 0.999999 0.00133399 -2.64196e-05 -0.00133401 0.999999 0.0023688 0.0587917 0.0713661
FixedParameters: 0 0 0

#Transform 44
Transform: AffineTransform_float_3_3
Parameters: 1 0.000563035 -1.38668e-05 -0.000563333 0.999999 0.00138601 1.44865e-05 -0.00138599 0.999999 -0.0162006 0.0594905 0.0611413
FixedParameters: 0 0 0

#Transform 45
Transform: AffineTransform_float_3_3
Parameters: 1 0.000668916 -1.76336e-05 -0.000668262 0.999999 0.00139501 1.82204e-05 -0.00139499 0.999999 -0.00362225 0.0615118 0.0762432
FixedParameters: 0 0 0

#Transform 46
Transform: AffineTransform_float_3_3
Parameters: 1 0.000594626 -0.000309484 -0.000593959 0.999999 0.00161887 0.000310467 -0.00161913 0.999998 0.00611618 0.0769625 0.0890941
FixedParameters: 0 0 0

#Transform 47
Transform: AffineTransform_float_3_3
Parameters: 0.999999 0.000981782 -0.000128028 -0.000981809 0.999997 0.00249981 0.000131055 -0.00250019 0.999997 0.00926837 0.0600907 0.0870722
FixedParameters: 0 0 0

#Transform 48
Transform: AffineTransform_float_3_3
Parameters: 0.999999 0.000936545 -0.000112006 -0.000935723 0.999996 0.0024521 0.000114376 -0.00245189 0.999997 0.00952219 0.0742683 0.0890169
FixedParameters: 0 0 0

#Transform 49
Transform: AffineTransform_float_3_3
Parameters: 0.999999 0.000783882 -5.79366e-05 -0.000783352 0.999997 0.00224005 5.92272e-05 -0.00223996 0.999998 0.00113464 0.0822732 0.10129
FixedParameters: 0 0 0

#Transform 50
Transform: AffineTransform_float_3_3
Parameters: 1 0.000521955 3.50276e-05 -0.000522425 0.999998 0.00192998 -3.39534e-05 -0.00193002 0.999998 -0.00128405 0.068771 0.118834
FixedParameters: 0 0 0

#Transform 51
Transform: AffineTransform_float_3_3
Parameters: 1 0.000521968 3.48312e-05 -0.000522412 0.999999 0.00155387 -3.41502e-05 -0.00155313 0.999998 0.0118836 0.0907582 0.124011
FixedParameters: 0 0 0

#Transform 52
Transform: AffineTransform_float_3_3
Parameters: 1 0.000632585 -0.000155228 -0.000632394 0.999999 0.00169578 0.000156432 -0.00169622 0.999998 0.00722384 0.0906458 0.127058
FixedParameters: 0 0 0

#Transform 53
Transform: AffineTransform_float_3_3
Parameters: 1 0.00100603 -0.000400279 -0.00100502 0.999997 0.00210509 0.00040263 -0.00210491 0.999998 0.00913649 0.0820729 0.0886807
FixedParameters: 0 0 0

#Transform 54
Transform: AffineTransform_float_3_3
Parameters: 0.999999 0.00115124 -0.000505239 -0.00115031 0.999998 0.00192127 0.000506836 -0.00192074 0.999998 0.00826808 0.0919606 0.0942663
FixedParameters: 0 0 0

#Transform 55
Transform: AffineTransform_float_3_3
Parameters: 1 0.000975155 -0.000546645 -0.000974713 0.999998 0.00187853 0.000548761 -0.00187747 0.999998 0.00156534 0.0838187 0.114071
FixedParameters: 0 0 0

#Transform 56
Transform: AffineTransform_float_3_3
Parameters: 1 0.00102178 -0.000624548 -0.00102113 0.999997 0.00208544 0.000626322 -0.00208557 0.999998 0.0116357 0.0878426 0.136404
FixedParameters: 0 0 0

#Transform 57
Transform: AffineTransform_float_3_3
Parameters: 0.999999 0.00084093 -0.00049748 -0.000839411 0.999997 0.00220053 0.000499295 -0.00220047 0.999998 -0.000253191 0.0893174 0.13206
FixedParameters: 0 0 0

#Transform 58
Transform: AffineTransform_float_3_3
Parameters: 0.999999 0.000915651 -0.000287333 -0.000915034 0.999997 0.00223795 0.000289547 -0.00223805 0.999997 -0.0113537 0.0993199 0.120141
FixedParameters: 0 0 0

#Transform 59
Transform: AffineTransform_float_3_3
Parameters: 0.999999 0.000860801 -0.000211815 -0.000860629 0.999997 0.00198918 0.000213356 -0.00198882 0.999998 0.000793587 0.104011 0.0919334
FixedParameters: 0 0 0

#Transform 60
Transform: AffineTransform_float_3_3
Parameters: 0.999999 0.000931786 -0.000364328 -0.000930928 0.999998 0.00209702 0.000366351 -0.00209698 0.999998 0.000627074 0.105981 0.0778772
FixedParameters: 0 0 0

#Transform 61
Transform: AffineTransform_float_3_3
Parameters: 1 0.000917041 -0.000355121 -0.000916027 0.999996 0.00284201 0.000357507 -0.00284199 0.999996 0.00267728 0.0907481 0.0653604
FixedParameters: 0 0 0

#Transform 62
Transform: AffineTransform_float_3_3
Parameters: 0.999999 0.000890934 7.95809e-05 -0.000891101 0.999996 0.00277293 -7.68593e-05 -0.00277307 0.999996 0.00990348 0.110784 0.0500624
FixedParameters: 0 0 0

#Transform 63
Transform: AffineTransform_float_3_3
Parameters: 0.999999 0.000952237 -0.000279911 -0.000951511 0.999997 0.00248895 0.000282767 -0.00248905 0.999997 0.00944139 0.10077 0.0534611
FixedParameters: 0 0 0

#Transform 64
Transform: AffineTransform_float_3_3
Parameters: 0.999999 0.000848392 -0.000357213 -0.000847311 0.999996 0.00291999 0.00035934 -0.00292001 0.999995 0.00995246 0.107287 0.0721214
FixedParameters: 0 0 0

#Transform 65
Transform: AffineTransform_float_3_3
Parameters: 0.999999 0.000842443 -0.000137819 -0.000841777 0.999996 0.00265612 0.000139131 -0.00265589 0.999997 0.00208529 0.108662 0.0955635
FixedParameters: 0 0 0

#Transform 66
Transform: AffineTransform_float_3_3
Parameters: 0.999999 0.00077382 -0.000331076 -0.000772792 0.999997 0.00256294 0.000333157 -0.00256306 0.999996 -0.00992498 0.102571 0.119539
FixedParameters: 0 0 0

#Transform 67
Transform: AffineTransform_float_3_3
Parameters: 0.999999 0.000917799 -0.000116915 -0.000917267 0.999996 0.00255979 0.000118452 -0.00256021 0.999997 -0.0145447 0.114802 0.0845335
FixedParameters: 0 0 0

#Transform 68
Transform: AffineTransform_float_3_3
Parameters: 1 0.00100576 -0.000671 -0.0010031 0.999992 0.00367667 0.000674955 -0.00367532 0.999993 -0.0347947 0.101393 0.129963
FixedParameters: 0 0 0

#Transform 69
Transform: AffineTransform_float_3_3
Parameters: 1 0.000960593 -0.000396882 -0.000959179 0.999995 0.00304338 0.000399899 -0.00304262 0.999996 -0.0176497 0.129015 0.0793553
FixedParameters: 0 0 0

#Transform 70
Transform: AffineTransform_float_3_3
Parameters: 1 0.000991835 -0.00040757 -0.000990413 0.999994 0.00338741 0.000410518 -0.00338659 0.999994 -0.0217709 0.135476 0.0563633
FixedParameters: 0 0 0

#Transform 71
Transform: AffineTransform_float_3_3
Parameters: 0.999999 0.000685525 -0.000580327 -0.000683367 0.999995 0.00324308 0.000583221 -0.00324292 0.999994 -0.0194763 0.134228 0.0538922
FixedParameters: 0 0 0

#Transform 72
Transform: AffineTransform_float_3_3
Parameters: 0.999999 0.000628431 -0.000740821 -0.000626188 0.999996 0.00283046 0.000741885 -0.00282953 0.999995 -0.0143306 0.126892 0.0883104
FixedParameters: 0 0 0

#Transform 73
Transform: AffineTransform_float_3_3
Parameters: 0.999999 0.000740491 -0.000425067 -0.000738702 0.999996 0.002889 0.000427458 -0.002889 0.999996 -0.0148597 0.0984033 0.121571
FixedParameters: 0 0 0

#Transform 74
Transform: AffineTransform_float_3_3
Parameters: 0.999999 0.000830456 -0.000171461 -0.000829492 0.999995 0.00299682 0.000173275 -0.00299717 0.999995 -0.015258 0.125411 0.09002
FixedParameters: 0 0 0

#Transform 75
Transform: AffineTransform_float_3_3
Parameters: 0.999999 0.000768063 -0.000347244 -0.000767088 0.999997 0.00236927 0.000348998 -0.00236873 0.999997 -0.0149713 0.135831 0.0774311
FixedParameters: 0 0 0

#Transform 76
Transform: AffineTransform_float_3_3
Parameters: 0.999999 0.000830348 -0.000171983 -0.000829261 0.999997 0.00236914 0.000173694 -0.00236886 0.999997 -0.0246247 0.139636 0.0353797
FixedParameters: 0 0 0

#Transform 77
Transform: AffineTransform_float_3_3
Parameters: 0.999999 0.000799573 -0.000258568 -0.00079895 0.999996 0.00249821 0.000260678 -0.00249779 0.999997 -0.0150598 0.161877 0.058946
FixedParameters: 0 0 0

#Transform 78
Transform: AffineTransform_float_3_3
Parameters: 0.999999 0.000830446 -0.00017151 -0.000829503 0.999996 0.00293783 0.000173226 -0.00293817 0.999995 -0.0222837 0.133252 0.108876
FixedParameters: 0 0 0

#Transform 79
Transform: AffineTransform_float_3_3
Parameters: 0.999999 0.000830384 -0.000171809 -0.000829225 0.999997 0.00257883 0.000173869 -0.00257917 0.999996 -0.0152467 0.149501 0.111317
FixedParameters: 0 0 0

#Transform 80
Transform: AffineTransform_float_3_3
Parameters: 0.999999 0.000830386 -0.000171799 -0.000829223 0.999996 0.00259083 0.000173879 -0.00259117 0.999996 -0.015239 0.158304 0.132122
FixedParameters: 0 0 0

#Transform 81
Transform: AffineTransform_float_3_3
Parameters: 0.999999 0.000830327 -0.000172084 -0.000829283 0.999997 0.00224714 0.000173593 -0.00224686 0.999998 -0.0152492 0.14435 0.14122
FixedParameters: 0 0 0

#Transform 82
Transform: AffineTransform_float_3_3
Parameters: 1 0.000643386 -0.000205338 -0.000643107 0.999997 0.00231513 0.000206433 -0.00231487 0.999998 -0.014169 0.165298 0.114557
FixedParameters: 0 0 0

#Transform 83
Transform: AffineTransform_float_3_3
Parameters: 0.999999 0.000830424 -0.000171615 -0.000829524 0.999995 0.00281214 0.000173121 -0.00281186 0.999996 -0.0152474 0.141284 0.122094
FixedParameters: 0 0 0

#Transform 84
Transform: AffineTransform_float_3_3
Parameters: 0.999999 0.000772421 -0.000334985 -0.000771495 0.999997 0.00238226 0.000336779 -0.00238174 0.999997 -0.0115314 0.125113 0.20079
FixedParameters: 0 0 0

#Transform 85
Transform: AffineTransform_float_3_3
Parameters: 0.999999 0.000830301 -0.000172208 -0.000829309 0.999998 0.00209783 0.00017347 -0.00209817 0.999998 -0.0152197 0.188631 0.154552
FixedParameters: 0 0 0

#Transform 86
Transform: AffineTransform_float_3_3
Parameters: 1 0.000471794 -0.000383338 -0.000471548 0.999998 0.00198618 0.000384607 -0.00198582 0.999998 -0.0132858 0.139839 0.254421
FixedParameters: 0 0 0

#Transform 87
Transform: AffineTransform_float_3_3
Parameters: 1 0.000557678 -0.000936074 -0.000556105 1 0.000839635 0.000937009 -0.000839365 1 -0.0138228 0.203366 0.200384
FixedParameters: 0 0 0

#Transform 88
Transform: AffineTransform_float_3_3
Parameters: 1 0.000600716 -0.000814148 -0.000600712 0.999999 2.6027e-06 0.000814151 -2.39729e-06 1 -0.0224338 0.158464 0.284803
FixedParameters: 0 0 0

#Transform 89
Transform: AffineTransform_float_3_3
Parameters: 1 0.000544668 -0.000970483 -0.000544844 0.999999 -9.03576e-05 0.000970385 9.06422e-05 0.999999 -0.0210967 0.181724 0.265538
FixedParameters: 0 0 0

#Transform 90
Transform: AffineTransform_float_3_3
Parameters: 1 0.00054475 -0.000970437 -0.000544761 1 -5.47134e-06 0.00097043 6.52864e-06 0.999999 -0.0212935 0.186866 0.197125
FixedParameters: 0 0 0

#Transform 91
Transform: AffineTransform_float_3_3
Parameters: 0.999999 0.000765836 -0.00105358 -0.000765691 1 0.000228603 0.00105299 -0.000228398 0.999999 -0.0259881 0.183591 0.196144
FixedParameters: 0 0 0

#Transform 92
Transform: AffineTransform_float_3_3
Parameters: 0.999999 0.000727453 -0.000460169 -0.000727469 0.999999 -1.66652e-05 0.000460144 1.73347e-05 1 -0.0146793 0.195671 0.207194
FixedParameters: 0 0 0

#Transform 93
Transform: AffineTransform_float_3_3
Parameters: 1 0.000810965 -0.000757825 -0.00081111 1 -9.57028e-05 0.000757669 9.62972e-05 1 -0.01514 0.188132 0.198177
FixedParameters: 0 0 0

#Transform 94
Transform: AffineTransform_float_3_3
Parameters: 1 0.000732094 -0.000913808 -0.000731247 1 0.000463465 0.000914486 -0.000463535 0.999999 -0.018056 0.196945 0.15251
FixedParameters: 0 0 0

#Transform 95
Transform: AffineTransform_float_3_3
Parameters: 1 0.000586823 -0.000852088 -0.000586358 0.999999 -0.0004765 0.000852133 0.0004775 0.999999 -0.0248094 0.210228 0.175297
FixedParameters: 0 0 0

#Transform 96
Transform: AffineTransform_float_3_3
Parameters: 0.999999 0.000623714 -0.000749403 -0.000623289 0.999999 -0.000344419 0.000748636 0.000344581 1 -0.0142829 0.186041 0.289112
FixedParameters: 0 0 0

#Transform 97
Transform: AffineTransform_float_3_3
Parameters: 1 0.000573707 -0.000889492 -0.000573785 1 -4.34896e-05 0.000889442 4.45103e-05 0.999999 -0.0139024 0.233258 0.241009
FixedParameters: 0 0 0

#Transform 98
Transform: AffineTransform_float_3_3
Parameters: 0.999999 0.00081449 -0.000217039 -0.000814373 0.999999 0.000268177 0.000217475 -0.000267823 1 -0.0269817 0.190465 0.311974
FixedParameters: 0 0 0

#Transform 99
Transform: AffineTransform_float_3_3
Parameters: 0.999999 0.000848224 -0.000122541 -0.000848059 1 0.000670787 0.000123679 -0.000671213 1 -0.0151924 0.227635 0.247052
FixedParameters: 0 0 0

#Transform 100
Transform: AffineTransform_float_3_3
Parameters: 0.999999 0.000806909 -0.000238133 -0.000806786 0.999999 0.000963875 0.000238747 -0.000964125 0.999999 -0.0269285 0.202854 0.258203
FixedParameters: 0 0 0

#Transform 101
Transform: AffineTransform_float_3_3
Parameters: 1 0.000689256 -4.38479e-05 -0.00068945 0.999999 0.00160171 4.51152e-05 -0.00160229 0.999999 -0.0258834 0.227097 0.274951
FixedParameters: 0 0 0

#Transform 102
Transform: AffineTransform_float_3_3
Parameters: 1 0.000580153 0.000326183 -0.000580532 0.999998 0.00150781 -0.000325711 -0.00150819 0.999999 -0.0136381 0.232426 0.231632
FixedParameters: 0 0 0

#Transform 103
Transform: AffineTransform_float_3_3
Parameters: 1 0.000483781 5.61206e-05 -0.000483411 0.999997 0.00209797 -5.537e-05 -0.00209803 0.999998 -0.0132187 0.184957 0.309571
FixedParameters: 0 0 0

#Transform 104
Transform: AffineTransform_float_3_3
Parameters: 1 0.000448222 -4.4127e-05 -0.000448448 0.999999 0.00125702 4.43126e-05 -0.00125698 0.999999 -0.018677 0.268435 0.241448
FixedParameters: 0 0 0

#Transform 105
Transform: AffineTransform_float_3_3
Parameters: 1 0.000348444 -0.000323883 -0.000347991 0.999999 0.00121911 0.00032379 -0.00121889 0.999999 -0.0338758 0.238536 0.219874
FixedParameters: 0 0 0

#Transform 106
Transform: AffineTransform_float_3_3
Parameters: 1 0.0004375 -7.41022e-05 -0.000437594 0.999998 0.00163503 7.45915e-05 -0.00163497 0.999998 -0.0360832 0.215707 0.24372
FixedParameters: 0 0 0

#Transform 107
Transform: AffineTransform_float_3_3
Parameters: 1 0.000503563 0.000111667 -0.000503407 0.999998 0.00201394 -0.000110917 -0.00201406 0.999998 -0.0295711 0.235438 0.240974
FixedParameters: 0 0 0

#Transform 108
Transform: AffineTransform_float_3_3
Parameters: 0.999999 0.000822793 2.12465e-05 -0.000822261 0.999998 0.00177487 -1.96059e-05 -0.00177413 0.999999 -0.037978 0.242537 0.221567
FixedParameters: 0 0 0

#Transform 109
Transform: AffineTransform_float_3_3
Parameters: 1 0.000593325 0.000364277 -0.000594326 0.999997 0.0022071 -0.000362934 -0.0022069 0.999998 -0.0306484 0.230878 0.213224
FixedParameters: 0 0 0

#Transform 110
Transform: AffineTransform_float_3_3
Parameters: 0.999999 0.000695307 0.000400111 -0.000696356 0.999998 0.00207061 -0.000398508 -0.00207039 0.999997 -0.0343556 0.238701 0.216338
FixedParameters: 0 0 0

#Transform 111
Transform: AffineTransform_float_3_3
Parameters: 0.999999 0.0006276 0.000460243 -0.000627879 0.999998 0.0019846 -0.000459367 -0.0019844 0.999998 -0.0389994 0.23243 0.220124
FixedParameters: 0 0 0

#Transform 112
Transform: AffineTransform_float_3_3
Parameters: 1 0.000677064 0.00059985 -0.000678197 0.999998 0.00223548 -0.000598436 -0.00223552 0.999997 -0.0476941 0.231081 0.207559
FixedParameters: 0 0 0

#Transform 113
Transform: AffineTransform_float_3_3
Parameters: 0.999999 0.000707715 0.000685416 -0.000708555 0.999998 0.00198851 -0.000683273 -0.00198948 0.999998 -0.0355427 0.25118 0.195881
FixedParameters: 0 0 0

#Transform 114
Transform: AffineTransform_float_3_3
Parameters: 1 0.000535732 0.000202137 -0.000535959 0.999997 0.00205989 -0.000201208 -0.00206011 0.999998 -0.0471161 0.23728 0.203073
FixedParameters: 0 0 0

#Transform 115
Transform: AffineTransform_float_3_3
Parameters: 1 0.000489144 7.1191e-05 -0.000488835 0.999997 0.00208896 -7.04266e-05 -0.00208903 0.999998 -0.0287834 0.252633 0.183081
FixedParameters: 0 0 0

#Transform 116
Transform: AffineTransform_float_3_3
Parameters: 1 0.000519256 0.00015615 -0.0005194 0.999997 0.00240392 -0.000154932 -0.00240408 0.999997 -0.0336368 0.238424 0.208034
FixedParameters: 0 0 0

#Transform 117
Transform: AffineTransform_float_3_3
Parameters: 1 0.000532992 0.000194762 -0.000533306 0.999997 0.0023639 -0.00019352 -0.0023641 0.999997 -0.0470857 0.253123 0.17133
FixedParameters: 0 0 0

#Transform 118
Transform: AffineTransform_float_3_3
Parameters: 0.999999 0.000615043 0.000425605 -0.00061549 0.999997 0.00234374 -0.000424336 -0.00234426 0.999997 -0.0475152 0.238153 0.171909
FixedParameters: 0 0 0

#Transform 119
Transform: AffineTransform_float_3_3
Parameters: 1 0.000530134 0.000408132 -0.000530724 0.999997 0.00262067 -0.000406967 -0.00262033 0.999997 -0.0421211 0.256073 0.110392
FixedParameters: 0 0 0
