#Insight Transform File V1.0
#Transform 0
Transform: AffineTransform_float_3_3
Parameters: 0.999999 0.000956249 -0.00058555 -0.000952352 0.999979 0.00638983 0.000591562 -0.00638903 0.999979 -0.0462965 0.0094468 0.102162
FixedParameters: 0 0 0

#Transform 1
Transform: AffineTransform_float_3_3
Parameters: 0.999999 0.000896265 -0.000676422 -0.000892325 0.99998 0.00622455 0.000681632 -0.00622473 0.999981 -0.0415312 0.0101723 0.0753501
FixedParameters: 0 0 0

#Transform 2
Transform: AffineTransform_float_3_3
Parameters: 0.999999 0.000914467 -0.000878089 -0.000909237 0.99998 0.0061423 0.000883473 -0.00614099 0.999981 -0.0379902 0.0261691 0.0736577
FixedParameters: 0 0 0

#Transform 3
Transform: AffineTransform_float_3_3
Parameters: 0.999999 0.000925624 -0.000624997 -0.000921587 0.999981 0.00599469 0.000630385 -0.00599483 0.999981 -0.0416556 0.0322819 0.0551417
FixedParameters: 0 0 0

#Transform 4
Transform: AffineTransform_float_3_3
Parameters: 1 0.000524473 -0.00036834 -0.000522191 0.99998 0.00621931 0.000371678 -0.00621892 0.999981 -0.0411881 0.01259 0.0629703
FixedParameters: 0 0 0

#Transform 5
Transform: AffineTransform_float_3_3
Parameters: 1 0.000482146 -0.000440697 -0.000479458 0.999984 0.00572442 0.000442554 -0.00572421 0.999984 -0.040417 0.0335057 0.0683599
FixedParameters: 0 0 0

#Transform 6
Transform: AffineTransform_float_3_3
Parameters: 0.999999 0.000701665 -0.000603883 -0.000697578 0.99998 0.00616929 0.00060863 -0.00616874 0.99998 -0.0420486 0.00921654 0.0965698
FixedParameters: 0 0 0

#Transform 7
Transform: AffineTransform_float_3_3
Parameters: 0.999999 0.000483735 -0.000854771 -0.000482238 0.999998 0.00153292 0.000855033 -0.001532 0.999999 -0.0279092 0.0621619 -0.0390569
FixedParameters: 0 0 0

#Transform 8
Transform: AffineTransform_float_3_3
Parameters: 0.999997 0.00186771 -0.00109959 -0.00186147 0.999977 0.00654129 0.00111115 -0.00653893 0.999978 -0.0505887 0.165242 0.104949
FixedParameters: 0 0 0

#Transform 9
Transform: AffineTransform_float_3_3
Parameters: 1 -0.000146298 -0.00101541 0.000139548 0.999973 -0.00724542 0.00101622 0.00724505 0.999974 0.020488 0.23334 -0.475805
FixedParameters: 0 0 0

#Transform 10
Transform: AffineTransform_float_3_3
Parameters: 0.999999 -0.00088265 0.00107849 0.000886559 0.999993 -0.00376391 -0.00107459 0.00376447 0.999993 -0.0291491 0.158157 -0.19331
FixedParameters: 0 0 0

#Transform 11
Transform: AffineTransform_float_3_3
Parameters: 0.999999 -7.9055e-05 0.00143022 8.09711e-05 0.999999 -0.00136894 -0.00142997 0.0013692 0.999998 -0.0796801 0.144936 -0.117648
FixedParameters: 0 0 0

#Transform 12
Transform: AffineTransform_float_3_3
Parameters: 0.999999 0.000351052 0.000827193 -0.000351548 1 0.000248895 -0.000827009 -0.0002485 0.999999 -0.0691551 0.12454 -0.0811619
FixedParameters: 0 0 0

#Transform 13
Transform: AffineTransform_float_3_3
Parameters: 1 0.000416455 0.0010458 -0.000416247 1 0.000334552 -0.00104561 -0.000334165 1 -0.0758654 0.128845 -0.062635
FixedParameters: 0 0 0

#Transform 14
Transform: AffineTransform_float_3_3
Parameters: 0.999999 0.000128883 0.000898526 -0.000130023 0.999998 0.00171895 -0.000898617 -0.00171882 0.999998 -0.0371826 0.0970179 0.0310255
FixedParameters: 0 0 0

#Transform 15
Transform: AffineTransform_float_3_3
Parameters: 0.999999 0.00067197 0.000594214 -0.000674015 0.999997 0.00243255 -0.000592525 -0.00243328 0.999997 -0.0534745 0.105668 0.0309952
FixedParameters: 0 0 0

#Transform 16
Transform: AffineTransform_float_3_3
Parameters: 0.999999 0.000854172 0.000116359 -0.000854064 0.999996 0.00268037 -0.000114515 -0.00268052 0.999997 -0.0542783 0.0993364 -0.0252142
FixedParameters: 0 0 0

#Transform 17
Transform: AffineTransform_float_3_3
Parameters: 0.999999 0.000990433 -0.00042091 -0.000989957 0.999998 0.00201323 0.000422698 -0.00201271 0.999998 -0.0293751 0.118653 0.0195869
FixedParameters: 0 0 0

#Transform 18
Transform: AffineTransform_float_3_3
Parameters: 0.999999 0.000981607 -0.00120984 -0.000980354 0.999999 0.000933307 0.00121078 -0.000932009 0.999999 -0.000893507 0.132075 -0.0248305
FixedParameters: 0 0 0

#Transform 19
Transform: AffineTransform_float_3_3
Parameters: 0.999993 -0.00289716 0.00225105 0.00293277 0.999869 -0.0159354 -0.00220427 0.0159422 0.99987 0.0293321 0.496769 -0.65496
FixedParameters: 0 0 0

#Transform 20
Transform: AffineTransform_float_3_3
Parameters: 1 -0.000347808 -0.000545634 0.000344205 0.999988 -0.00492731 0.000546822 0.00492708 0.999987 0.0271452 0.0493402 -0.200418
FixedParameters: 0 0 0

#Transform 21
Transform: AffineTransform_float_3_3
Parameters: 0.999998 0.00012779 -0.00172546 -0.000129178 1 -0.000426694 0.00172534 0.000426359 0.999998 0.0140883 0.162667 -0.0452382
FixedParameters: 0 0 0

#Transform 22
Transform: AffineTransform_float_3_3
Parameters: 0.999999 0.000498415 -0.000660988 -0.000498449 1 -2.55171e-05 0.000660963 2.6176e-05 1 -0.00986059 0.108303 -0.124389
FixedParameters: 0 0 0

#Transform 23
Transform: AffineTransform_float_3_3
Parameters: 1 -1.95112e-05 -0.000554833 1.90411e-05 1 -0.000423614 0.00055485 0.000423593 1 0.00296165 0.122914 -0.100406
FixedParameters: 0 0 0

#Transform 24
Transform: AffineTransform_float_3_3
Parameters: 0.999999 0.000503326 -0.000577674 -0.00050255 0.999999 0.000671287 0.000578349 -0.000670705 0.999999 -0.0135833 0.0678834 -0.0302956
FixedParameters: 0 0 0

#Transform 25
Transform: AffineTransform_float_3_3
Parameters: 0.999999 0.000469693 -0.000613593 -0.00047003 0.999999 0.000533237 0.000614193 -0.000532744 0.999999 -0.0108324 0.113443 -0.0134115
FixedParameters: 0 0 0

#Transform 26
Transform: AffineTransform_float_3_3
Parameters: 1 0.000176673 -0.000491951 -0.000175838 0.999999 0.000866244 0.000492088 -0.000865874 1 -0.000767819 0.0958172 0.0112617
FixedParameters: 0 0 0

#Transform 27
Transform: AffineTransform_float_3_3
Parameters: 1 0.000492103 -0.000485907 -0.000492048 0.999999 0.00119578 0.000486034 -0.00119541 0.999999 -0.00801428 0.105281 0.0139355
FixedParameters: 0 0 0

#Transform 28
Transform: AffineTransform_float_3_3
Parameters: 1 0.000232205 -0.000631073 -0.000230925 1 0.00102693 0.00063138 -0.00102664 1 -0.00163663 0.121987 0.0111509
FixedParameters: 0 0 0

#Transform 29
Transform: AffineTransform_float_3_3
Parameters: 1 0.00017689 -0.00073609 -0.00017523 1 0.00114817 0.000735337 -0.0011489 0.999999 -0.0189681 0.0792869 0.0372586
FixedParameters: 0 0 0

#Transform 30
Transform: AffineTransform_float_3_3
Parameters: 1 0.000197517 -0.000570311 -0.000196167 1 0.00119797 0.000570614 -0.00119774 0.999999 -0.0101305 0.0939602 0.015019
FixedParameters: 0 0 0

#Transform 31
Transform: AffineTransform_float_3_3
Parameters: 0.999999 0.000505577 -0.000768649 -0.000504951 0.999999 0.00112717 0.000768738 -0.0011265 0.999999 -0.00768901 0.110355 0.0140085
FixedParameters: 0 0 0

#Transform 32
Transform: AffineTransform_float_3_3
Parameters: 1 8.54989e-05 -0.000624546 -8.5051e-05 1 0.00116573 0.000624676 -0.0011657 0.999999 -0.0104197 0.136048 0.0409866
FixedParameters: 0 0 0

#Transform 33
Transform: AffineTransform_float_3_3
Parameters: 1 0.000239627 -0.000141374 -0.000239305 1 0.0011939 0.000141777 -0.00119384 1 -0.0103842 0.102718 0.0487497
FixedParameters: 0 0 0

#Transform 34
Transform: AffineTransform_float_3_3
Parameters: 1 -0.000284818 0.00115988 0.000283232 0.999999 0.000719894 -0.0011603 -0.000720013 0.999999 -0.0271775 0.102267 0.0533632
FixedParameters: 0 0 0

#Transform 35
Transform: AffineTransform_float_3_3
Parameters: 0.999999 -0.000203428 0.00083557 0.000204195 1 -0.000459176 -0.000835383 0.000459517 0.999999 -0.0136886 0.0923587 -0.166009
FixedParameters: 0 0 0

#Transform 36
Transform: AffineTransform_float_3_3
Parameters: 0.999997 -0.000674245 0.00222718 0.000688393 0.999981 -0.00617573 -0.00222281 0.00617704 0.999979 -0.0407715 0.275194 -0.70776
FixedParameters: 0 0 0

#Transform 37
Transform: AffineTransform_float_3_3
Parameters: 1 0.000958603 -0.000581186 -0.000958296 1 0.000176124 0.000581684 -0.000176183 1 -0.021309 0.0866815 0.0702278
FixedParameters: 0 0 0

#Transform 38
Transform: AffineTransform_float_3_3
Parameters: 1 -8.05515e-05 0.000158858 8.12016e-05 0.999997 -0.00215259 -0.000158847 0.00215261 0.999997 -0.0283962 0.136634 -0.235379
FixedParameters: 0 0 0

#Transform 39
Transform: AffineTransform_float_3_3
Parameters: 0.999999 -0.000382241 0.000945896 0.000385362 0.999995 -0.00332835 -0.000945035 0.0033288 0.999994 -0.0206643 0.196503 -0.247284
FixedParameters: 0 0 0

#Transform 40
Transform: AffineTransform_float_3_3
Parameters: 0.999998 -0.000336671 0.00163689 0.000341525 0.999995 -0.00336123 -0.00163601 0.00336201 0.999993 -0.0538192 0.236953 -0.398209
FixedParameters: 0 0 0

#Transform 41
Transform: AffineTransform_float_3_3
Parameters: 0.999996 0.000885882 0.00273492 -0.00087991 0.999997 -0.00199996 -0.00273631 0.00199749 0.999994 -0.0818854 0.148551 -0.172469
FixedParameters: 0 0 0

#Transform 42
Transform: AffineTransform_float_3_3
Parameters: 0.999998 0.00101358 0.00166128 -0.00101179 0.999999 -0.00113132 -0.00166238 0.00112898 0.999998 -0.0625949 0.123932 -0.139858
FixedParameters: 0 0 0

#Transform 43
Transform: AffineTransform_float_3_3
Parameters: 0.999998 0.00111192 0.00148985 -0.00111045 0.999999 -0.00084612 -0.00149046 0.000844696 0.999998 -0.0592972 0.132875 -0.126366
FixedParameters: 0 0 0

#Transform 44
Transform: AffineTransform_float_3_3
Parameters: 0.999999 0.000651497 0.000523368 -0.00065106 0.999999 -0.000497797 -0.000524008 0.000498091 0.999999 -0.0367056 0.129213 -0.11674
FixedParameters: 0 0 0

#Transform 45
Transform: AffineTransform_float_3_3
Parameters: 0.999999 0.000645331 0.000305 -0.00064514 0.999999 -0.000313312 -0.000305404 0.000312919 1 -0.0298176 0.12242 -0.118422
FixedParameters: 0 0 0

#Transform 46
Transform: AffineTransform_float_3_3
Parameters: 1 0.000690389 0.000813084 -0.000689833 0.999999 -0.000383432 -0.000813436 0.000383288 0.999999 -0.0407646 0.140024 -0.114888
FixedParameters: 0 0 0

#Transform 47
Transform: AffineTransform_float_3_3
Parameters: 0.999999 0.000671605 0.000675144 -0.000670996 0.999999 -0.000441107 -0.000674747 0.000441194 0.999999 -0.0433196 0.136635 -0.117873
FixedParameters: 0 0 0

#Transform 48
Transform: AffineTransform_float_3_3
Parameters: 1 0.000589009 0.000310671 -0.000588826 1 -0.00029442 -0.000311018 0.000294053 1 -0.03074 0.136557 -0.100583
FixedParameters: 0 0 0

#Transform 49
Transform: AffineTransform_float_3_3
Parameters: 0.999999 0.000675499 0.000302199 -0.000675526 1 4.33847e-05 -0.00030214 -4.37929e-05 1 -0.0388532 0.130106 -0.0853474
FixedParameters: 0 0 0

#Transform 50
Transform: AffineTransform_float_3_3
Parameters: 0.999999 0.000679376 0.00030184 -0.00067943 1 8.92173e-05 -0.000301719 -8.96274e-05 1 -0.0384978 0.129243 -0.0944066
FixedParameters: 0 0 0

#Transform 51
Transform: AffineTransform_float_3_3
Parameters: 1 0.00064316 0.0010344 -0.000641742 0.999999 -0.00120464 -0.00103584 0.0012042 0.999998 -0.042489 0.131345 -0.147203
FixedParameters: 0 0 0

#Transform 52
Transform: AffineTransform_float_3_3
Parameters: 0.999999 -0.000677236 -0.00104638 0.000661183 0.999876 -0.0157312 0.00105668 0.0157303 0.999875 0.0530247 0.334455 -0.630375
FixedParameters: 0 0 0

#Transform 53
Transform: AffineTransform_float_3_3
Parameters: 0.999997 0.00151279 -0.00198068 -0.00153124 0.999957 -0.009188 0.00196641 0.00919038 0.999956 0.00827627 0.343663 -0.491389
FixedParameters: 0 0 0

#Transform 54
Transform: AffineTransform_float_3_3
Parameters: 0.999998 0.00104282 -0.00172819 -0.00105276 0.999985 -0.00539754 0.00172188 0.00539998 0.999984 0.002643 0.1714 -0.291509
FixedParameters: 0 0 0

#Transform 55
Transform: AffineTransform_float_3_3
Parameters: 0.999998 0.00102241 -0.00147582 -0.00102923 0.999991 -0.0042128 0.00147136 0.00421418 0.99999 -0.00298265 0.173397 -0.254121
FixedParameters: 0 0 0

#Transform 56
Transform: AffineTransform_float_3_3
Parameters: 0.999999 0.000853461 -0.00115871 -0.000858003 0.999991 -0.00429657 0.00115441 0.00429787 0.99999 -0.0126524 0.200746 -0.353352
FixedParameters: 0 0 0

#Transform 57
Transform: AffineTransform_float_3_3
Parameters: 1 0.000215382 -6.15345e-05 -0.000215987 0.999983 -0.00584889 6.00689e-05 0.00584896 0.999983 -0.0257586 0.223141 -0.522853
FixedParameters: 0 0 0

#Transform 58
Transform: AffineTransform_float_3_3
Parameters: 1 0.00059486 -0.000259865 -0.000596628 0.999981 -0.00612057 0.000256473 0.00612086 0.999981 -0.0273341 0.202162 -0.464784
FixedParameters: 0 0 0

#Transform 59
Transform: AffineTransform_float_3_3
Parameters: 1 0.000631899 -0.000252288 -0.000633425 0.999983 -0.00569901 0.000248333 0.00569949 0.999984 -0.020906 0.227529 -0.443076
FixedParameters: 0 0 0

#Transform 60
Transform: AffineTransform_float_3_3
Parameters: 1 -0.000962392 0.000193907 0.00096355 0.999969 -0.00779005 -0.000186971 0.00779023 0.99997 0.0163141 0.362836 -0.514534
FixedParameters: 0 0 0

#Transform 61
Transform: AffineTransform_float_3_3
Parameters: 1 -0.000485457 0.00044996 0.000489877 0.999961 -0.00877052 -0.000445719 0.00877088 0.999962 0.00504968 0.338261 -0.559691
FixedParameters: 0 0 0

#Transform 62
Transform: AffineTransform_float_3_3
Parameters: 0.999999 -0.000122637 0.000705029 0.000127238 0.999976 -0.00692164 -0.000703897 0.00692239 0.999976 -0.02671 0.499836 -0.554094
FixedParameters: 0 0 0

#Transform 63
Transform: AffineTransform_float_3_3
Parameters: 1 0.000269579 0.000809106 -0.000266138 0.999995 -0.00334017 -0.000810559 0.00333958 0.999994 -0.0106394 0.206997 -0.420581
FixedParameters: 0 0 0

#Transform 64
Transform: AffineTransform_float_3_3
Parameters: 1 -0.000844775 -0.000228796 0.000843889 0.999986 -0.00527277 0.00023318 0.00527249 0.999986 0.00289884 0.235891 -0.258217
FixedParameters: 0 0 0

#Transform 65
Transform: AffineTransform_float_3_3
Parameters: 0.999999 -0.000786148 -0.000538007 0.000784829 0.999997 -0.00202084 0.000539764 0.00202005 0.999998 -0.0324023 0.0119765 -0.371708
FixedParameters: 0 0 0

#Transform 66
Transform: AffineTransform_float_3_3
Parameters: 0.999999 -0.000298555 -0.00172793 0.000292332 0.999993 -0.00354453 0.00172939 0.00354344 0.999993 0.0350898 0.629467 0.0164391
FixedParameters: 0 0 0

#Transform 67
Transform: AffineTransform_float_3_3
Parameters: 1 0.000591868 -0.000670041 -0.000594196 0.999994 -0.00344277 0.00066785 0.00344279 0.999994 -0.0231246 0.171583 -0.0173014
FixedParameters: 0 0 0

#Transform 68
Transform: AffineTransform_float_3_3
Parameters: 0.999999 0.000335015 -0.00141957 -0.000337313 0.999998 -0.00194376 0.00141959 0.00194422 0.999997 -0.0112884 0.212762 -0.0159095
FixedParameters: 0 0 0

#Transform 69
Transform: AffineTransform_float_3_3
Parameters: 0.999997 0.000907724 -0.00199514 -0.000907535 1 0.000254144 0.00199568 -0.00025236 0.999998 -0.00435334 0.127841 -0.0475506
FixedParameters: 0 0 0

#Transform 70
Transform: AffineTransform_float_3_3
Parameters: 0.999999 0.00089154 -0.000968801 -0.000892529 0.999999 -0.00111676 0.000967681 0.00111761 0.999999 -0.0236866 0.157952 -0.227038
FixedParameters: 0 0 0

#Transform 71
Transform: AffineTransform_float_3_3
Parameters: 1 0.000887249 -0.000824311 -0.000886889 0.999999 0.000157306 0.000824749 -0.000156818 0.999999 -0.0135633 0.163535 -0.125904
FixedParameters: 0 0 0

#Transform 72
Transform: AffineTransform_float_3_3
Parameters: 0.999999 0.00116569 -0.00101676 -0.00116364 0.999997 0.00210358 0.00101857 -0.0021024 0.999997 -0.0351887 0.167129 -0.0456651
FixedParameters: 0 0 0

#Transform 73
Transform: AffineTransform_float_3_3
Parameters: 1 -0.000248151 0.000653223 0.000248473 1 -0.00101803 -0.000652786 0.00101827 1 -0.00600815 0.124765 -0.598786
FixedParameters: 0 0 0

#Transform 74
Transform: AffineTransform_float_3_3
Parameters: 0.999999 -0.00045775 0.000729853 0.00046268 0.999979 -0.00634863 -0.000727151 0.00634913 0.99998 -0.14132 0.409579 -1.03242
FixedParameters: 0 0 0

#Transform 75
Transform: AffineTransform_float_3_3
Parameters: 0.999991 0.00135517 -0.0039512 -0.00136064 0.999998 -0.00143122 0.00394986 0.00143677 0.999991 -0.00907248 0.244782 -0.26816
FixedParameters: 0 0 0

#Transform 76
Transform: AffineTransform_float_3_3
Parameters: 0.999995 0.00107801 -0.00305236 -0.00106431 0.99999 0.00440047 0.00305761 -0.00439742 0.999985 -0.0309768 0.183532 -0.23001
FixedParameters: 0 0 0

#Transform 77
Transform: AffineTransform_float_3_3
Parameters: 0.999999 -0.00112422 0.00131347 0.00113554 0.99996 -0.00893675 -0.00130382 0.00893865 0.999959 0.0186564 0.317853 -2.50611
FixedParameters: 0 0 0

#Transform 78
Transform: AffineTransform_float_3_3
Parameters: 0.999969 -0.00782231 -0.000273734 0.00779151 0.998099 -0.0611349 0.000752021 0.0611317 0.998129 0.272708 0.75248 -5.04886
FixedParameters: 0 0 0

#Transform 79
Transform: AffineTransform_float_3_3
Parameters: 0.999994 -0.000894748 -0.00341361 0.00083566 0.999848 -0.0173845 0.003429 0.017382 0.999843 0.06001 0.603993 -1.73893
FixedParameters: 0 0 0

#Transform 80
Transform: AffineTransform_float_3_3
Parameters: 0.999985 -0.000673922 -0.00539524 0.000617125 0.999945 -0.0104234 0.00540184 0.0104203 0.999931 -0.00771792 0.21717 -0.812428
FixedParameters: 0 0 0

#Transform 81
Transform: AffineTransform_float_3_3
Parameters: 0.999992 -0.000549886 -0.00372289 0.000502476 0.999917 -0.0128848 0.00372933 0.0128835 0.99991 -0.0226942 0.336039 -0.85007
FixedParameters: 0 0 0

#Transform 82
Transform: AffineTransform_float_3_3
Parameters: 0.99999 -2.2761e-05 -0.00460678 -2.78413e-05 0.99994 -0.0109999 0.00460762 0.0109992 0.999929 0.00846228 0.315942 -0.653098
FixedParameters: 0 0 0

#Transform 83
Transform: AffineTransform_float_3_3
Parameters: 0.99999 0.000257484 -0.00454271 -0.000293165 0.999968 -0.00797584 0.00454042 0.00797741 0.999958 -0.0126463 0.275032 -0.550628
FixedParameters: 0 0 0

#Transform 84
Transform: AffineTransform_float_3_3
Parameters: 0.99999 0.00117848 -0.00423359 -0.00121368 0.999965 -0.0082888 0.00422398 0.00829317 0.999956 -0.038627 0.271596 -0.557274
FixedParameters: 0 0 0

#Transform 85
Transform: AffineTransform_float_3_3
Parameters: 0.999993 0.00135981 -0.00346802 -0.00140077 0.999928 -0.0119092 0.00345162 0.0119141 0.999923 -0.0537431 0.365755 -0.640848
FixedParameters: 0 0 0

#Transform 86
Transform: AffineTransform_float_3_3
Parameters: 0.999983 -0.000186191 -0.00586408 0.000127435 0.99995 -0.0100014 0.00586507 0.00999985 0.999932 0.0379267 0.288734 -0.573931
FixedParameters: 0 0 0

#Transform 87
Transform: AffineTransform_float_3_3
Parameters: 0.999993 0.00125218 -0.00343451 -0.00128634 0.999951 -0.0097826 0.00342167 0.00978699 0.999947 -0.0568876 0.337706 -0.591443
FixedParameters: 0 0 0

#Transform 88
Transform: AffineTransform_float_3_3
Parameters: 0.999987 0.00110377 -0.00506631 -0.00113925 0.999975 -0.00693656 0.00505871 0.00694213 0.999963 -0.0342135 0.22068 -0.522043
FixedParameters: 0 0 0

#Transform 89
Transform: AffineTransform_float_3_3
Parameters: 0.999977 0.00112457 -0.00670191 -0.00115727 0.999987 -0.00481465 0.00669627 0.00482171 0.999966 -0.000821364 0.172501 -0.455115
FixedParameters: 0 0 0

#Transform 90
Transform: AffineTransform_float_3_3
Parameters: 0.999986 0.00141464 -0.00510944 -0.00143258 0.999993 -0.00346008 0.00510425 0.00346731 0.999981 -0.0375803 0.171923 -0.446637
FixedParameters: 0 0 0

#Transform 91
Transform: AffineTransform_float_3_3
Parameters: 0.99998 0.00126965 -0.00617864 -0.0012781 0.999999 -0.00126078 0.00617685 0.00126851 0.99998 -0.0213875 0.172547 -0.421584
FixedParameters: 0 0 0

#Transform 92
Transform: AffineTransform_float_3_3
Parameters: 0.99998 0.00128063 -0.00611268 -0.00130334 0.999992 -0.00378724 0.00610776 0.00379527 0.999974 -0.0165758 0.147727 -0.479268
FixedParameters: 0 0 0

#Transform 93
Transform: AffineTransform_float_3_3
Parameters: 0.999981 0.00134433 -0.00598641 -0.0013637 0.999994 -0.0032344 0.00598113 0.00324346 0.999977 -0.0217428 0.178819 -0.431525
FixedParameters: 0 0 0

#Transform 94
Transform: AffineTransform_float_3_3
Parameters: 0.999978 0.00125466 -0.00653982 -0.00127789 0.999992 -0.00358727 0.00653576 0.00359569 0.999972 0.00975438 0.231219 -0.46975
FixedParameters: 0 0 0

#Transform 95
Transform: AffineTransform_float_3_3
Parameters: 0.999989 0.00147863 -0.00442182 -0.00149088 0.999995 -0.00275623 0.00441719 0.00276276 0.999986 -0.0482976 0.129136 -0.414675
FixedParameters: 0 0 0

#Transform 96
Transform: AffineTransform_float_3_3
Parameters: 0.999984 0.00138703 -0.00543519 -0.00140551 0.999994 -0.00339183 0.00543028 0.00339997 0.999979 -0.00757923 0.237555 -0.433789
FixedParameters: 0 0 0

#Transform 97
Transform: AffineTransform_float_3_3
Parameters: 0.999997 -0.0019248 -0.00148996 0.0019054 0.999914 -0.0129485 0.00151521 0.0129457 0.999916 0.0492761 0.342886 -1.5362
FixedParameters: 0 0 0

#Transform 98
Transform: AffineTransform_float_3_3
Parameters: 0.999995 0.000419398 -0.00305312 -0.000438549 0.99998 -0.00619499 0.0030508 0.00619611 0.999976 -0.058666 0.236235 -0.483529
FixedParameters: 0 0 0

#Transform 99
Transform: AffineTransform_float_3_3
Parameters: 0.999991 -0.00212846 -0.00339854 0.00211329 0.999988 -0.004535 0.00340854 0.00452774 0.999984 0.0243287 0.173417 -0.436416
FixedParameters: 0 0 0

#Transform 100
Transform: AffineTransform_float_3_3
Parameters: 0.999994 -0.00109898 -0.00330488 0.00108848 0.999994 -0.00333112 0.00330801 0.00332701 0.99999 -0.00644428 0.171542 -0.455994
FixedParameters: 0 0 0

#Transform 101
Transform: AffineTransform_float_3_3
Parameters: 0.999995 -0.000505705 -0.00332806 0.000495065 0.999995 -0.00322416 0.00332935 0.00322293 0.999989 -0.00823816 0.167361 -0.468355
FixedParameters: 0 0 0

#Transform 102
Transform: AffineTransform_float_3_3
Parameters: 0.999994 -0.000431567 -0.00355602 0.000417183 0.999992 -0.00398297 0.0035578 0.00398134 0.999985 -0.0130605 0.188258 -0.443603
FixedParameters: 0 0 0

#Transform 103
Transform: AffineTransform_float_3_3
Parameters: 0.999992 -0.00026649 -0.00382141 0.000252896 0.999994 -0.00347573 0.00382188 0.00347525 0.999986 -0.000678314 0.153198 -0.388254
FixedParameters: 0 0 0

#Transform 104
Transform: AffineTransform_float_3_3
Parameters: 0.999995 0.00031796 -0.00321103 -0.000320048 0.999999 -0.000520477 0.00321156 0.000521664 0.999995 -0.0383471 0.156236 -0.314901
FixedParameters: 0 0 0

#Transform 105
Transform: AffineTransform_float_3_3
Parameters: 0.999986 0.000102889 -0.00532337 -0.000114462 0.999998 -0.00224198 0.00532231 0.00224282 0.999983 0.00862445 0.205118 -0.319347
FixedParameters: 0 0 0

#Transform 106
Transform: AffineTransform_float_3_3
Parameters: 0.999974 0.00239162 -0.00676819 -0.00245501 0.999953 -0.00937947 0.00674521 0.00939584 0.999933 0.00725475 0.338707 -0.493945
FixedParameters: 0 0 0

#Transform 107
Transform: AffineTransform_float_3_3
Parameters: 0.999985 0.00134544 -0.0052853 -0.0013817 0.999975 -0.00692823 0.00527514 0.00693605 0.999962 -0.0237146 0.294887 -0.430632
FixedParameters: 0 0 0

#Transform 108
Transform: AffineTransform_float_3_3
Parameters: 0.999984 0.00118409 -0.00540682 -0.00121676 0.999981 -0.00605311 0.00539932 0.00605932 0.999967 0.00994079 0.250002 -0.412831
FixedParameters: 0 0 0

#Transform 109
Transform: AffineTransform_float_3_3
Parameters: 0.999988 0.00109049 -0.00474823 -0.00111943 0.999981 -0.0060542 0.00474132 0.00605893 0.99997 -0.00805515 0.256965 -0.402393
FixedParameters: 0 0 0

#Transform 110
Transform: AffineTransform_float_3_3
Parameters: 0.999989 0.00100799 -0.00458968 -0.00103256 0.999984 -0.00554442 0.00458342 0.00554901 0.999975 0.00298096 0.216913 -0.409132
FixedParameters: 0 0 0

#Transform 111
Transform: AffineTransform_float_3_3
Parameters: 0.999975 -0.00103578 -0.00693802 0.000922333 0.999866 -0.0163196 0.00695398 0.0163126 0.999843 0.118189 0.402306 -0.442631
FixedParameters: 0 0 0

#Transform 112
Transform: AffineTransform_float_3_3
Parameters: 0.999984 -0.000218666 -0.00563514 0.0001723 0.999966 -0.00822556 0.00563602 0.00822439 0.99995 0.0529914 0.360545 -0.33072
FixedParameters: 0 0 0

#Transform 113
Transform: AffineTransform_float_3_3
Parameters: 0.999985 0.000767978 -0.00543877 -0.000811025 0.999969 -0.00795617 0.00543177 0.00796108 0.999954 0.0130845 0.354134 -0.436611
FixedParameters: 0 0 0

#Transform 114
Transform: AffineTransform_float_3_3
Parameters: 0.999988 0.000427499 -0.0048359 -0.000460188 0.999976 -0.00678533 0.00483274 0.00678777 0.999966 -0.00239206 0.290526 -0.460906
FixedParameters: 0 0 0

#Transform 115
Transform: AffineTransform_float_3_3
Parameters: 0.999986 0.000844562 -0.00511024 -0.00087537 0.999982 -0.00598178 0.00510508 0.00598654 0.999969 0.00165258 0.2421 -0.327302
FixedParameters: 0 0 0

#Transform 116
Transform: AffineTransform_float_3_3
Parameters: 0.999985 0.00127422 -0.00524121 -0.00129386 0.999993 -0.00372281 0.00523595 0.00372911 0.999979 -0.029399 0.189608 0.290147
FixedParameters: 0 0 0

#Transform 117
Transform: AffineTransform_float_3_3
Parameters: 0.99998 0.00148649 -0.00616953 -0.00151081 0.999991 -0.00389823 0.00616367 0.00390799 0.999974 -0.000448654 0.27662 0.165256
FixedParameters: 0 0 0

#Transform 118
Transform: AffineTransform_float_3_3
Parameters: 0.999985 0.00145001 -0.00540163 -0.00147805 0.999985 -0.00517797 0.00539401 0.00518562 0.999972 0.00864445 0.243226 -0.201102
FixedParameters: 0 0 0

#Transform 119
Transform: AffineTransform_float_3_3
Parameters: 0.999986 0.0010654 -0.00519349 -0.00110317 0.999974 -0.00717532 0.00518536 0.00718095 0.99996 0.00448502 0.295184 -0.376551
FixedParameters: 0 0 0
