#Insight Transform File V1.0
#Transform 0
Transform: AffineTransform_float_3_3
Parameters: 0.999999 -0.00148836 0.000256242 0.00148706 0.999974 0.00714536 -0.000266593 -0.00714566 0.999975 -0.0593923 -0.183528 -0.112417
FixedParameters: 0 0 0

#Transform 1
Transform: AffineTransform_float_3_3
Parameters: 0.999998 -0.00145626 0.000721071 0.00145185 0.99998 0.00604101 -0.000729805 -0.00603998 0.999981 -0.0695796 -0.159636 -0.139029
FixedParameters: 0 0 0

#Transform 2
Transform: AffineTransform_float_3_3
Parameters: 0.999999 -0.00117213 0.000711876 0.00116837 0.999984 0.0056248 -0.000718206 -0.0056242 0.999984 -0.0754577 -0.155125 -0.150775
FixedParameters: 0 0 0

#Transform 3
Transform: AffineTransform_float_3_3
Parameters: 0.999999 -0.000643168 0.00118313 0.000636782 0.999986 0.0052938 -0.00118615 -0.0052932 0.999986 -0.0900178 -0.134174 -0.0793225
FixedParameters: 0 0 0

#Transform 4
Transform: AffineTransform_float_3_3
Parameters: 0.999999 -0.000602858 0.00142428 0.000595676 0.999989 0.0046639 -0.00142711 -0.0046631 0.999988 -0.0781347 -0.139621 -0.0435078
FixedParameters: 0 0 0

#Transform 5
Transform: AffineTransform_float_3_3
Parameters: 0.999996 -0.000812027 0.00266543 0.000796175 0.999982 0.00582726 -0.00266941 -0.00582473 0.999979 -0.109051 -0.166271 -0.0264341
FixedParameters: 0 0 0

#Transform 6
Transform: AffineTransform_float_3_3
Parameters: 0.999995 -0.00132653 0.00261903 0.00131721 0.999992 0.00373155 -0.00262329 -0.00372845 0.999989 -0.0832494 -0.0897418 -0.0782092
FixedParameters: 0 0 0

#Transform 7
Transform: AffineTransform_float_3_3
Parameters: 0.999997 -0.00128806 0.00179435 0.0012777 0.999982 0.00575035 -0.00180151 -0.00574865 0.999982 -0.104303 -0.0999241 -0.213123
FixedParameters: 0 0 0

#Transform 8
Transform: AffineTransform_float_3_3
Parameters: 1 -0.000957055 -0.000640437 0.000959741 0.999993 0.00357239 0.000636666 -0.00357361 0.999994 -0.0724961 -0.0178477 -0.432426
FixedParameters: 0 0 0

#Transform 9
Transform: AffineTransform_float_3_3
Parameters: 1 0.000693657 -0.000796536 -0.000691455 0.999996 0.00268455 0.000798336 -0.00268345 0.999996 -0.0310662 -0.0548697 -0.118434
FixedParameters: 0 0 0

#Transform 10
Transform: AffineTransform_float_3_3
Parameters: 0.999999 0.000446103 -0.00118826 -0.000444237 0.999999 0.00122253 0.00118839 -0.00122247 0.999998 -0.00938984 -0.0224175 -0.017067
FixedParameters: 0 0 0

#Transform 11
Transform: AffineTransform_float_3_3
Parameters: 0.999999 0.000918538 -0.000821793 -0.000918003 0.999999 -0.000282244 0.000821234 0.000282756 0.999999 0.000633462 0.0175022 -0.016094
FixedParameters: 0 0 0

#Transform 12
Transform: AffineTransform_float_3_3
Parameters: 0.999998 0.00105814 -0.00127112 -0.00105859 1 -0.000566654 0.00126988 0.000568346 0.999999 0.0205187 0.0188872 -0.0590969
FixedParameters: 0 0 0

#Transform 13
Transform: AffineTransform_float_3_3
Parameters: 0.999999 0.00087448 -0.0012635 -0.000875545 0.999999 -0.000420852 0.00126276 0.000422146 0.999999 0.0247721 0.01687 -0.103699
FixedParameters: 0 0 0

#Transform 14
Transform: AffineTransform_float_3_3
Parameters: 0.999999 0.000461804 -0.000630259 -0.00046237 1 -0.000448708 0.000629844 0.000449291 0.999999 0.0163377 0.0458012 -0.0753289
FixedParameters: 0 0 0

#Transform 15
Transform: AffineTransform_float_3_3
Parameters: 1 0.00018715 -0.00109441 -0.000187313 1 -7.47534e-05 0.00109438 7.42466e-05 1 0.0162571 0.00363732 -0.0750633
FixedParameters: 0 0 0

#Transform 16
Transform: AffineTransform_float_3_3
Parameters: 0.999999 0.000457037 -0.000731594 -0.000457991 0.999999 -0.00136267 0.000731306 0.00136333 0.999999 0.0148021 0.0487204 -0.0635313
FixedParameters: 0 0 0

#Transform 17
Transform: AffineTransform_float_3_3
Parameters: 0.999999 0.000463721 -0.000568799 -0.00046439 0.999999 -0.00150274 0.000568363 0.00150326 0.999998 0.0180066 0.0641915 -0.0504309
FixedParameters: 0 0 0

#Transform 18
Transform: AffineTransform_float_3_3
Parameters: 1 -4.77229e-05 -0.000547493 4.63014e-05 0.999999 -0.00129803 0.000547615 0.00129797 0.999999 0.0145595 0.0474977 -0.0336587
FixedParameters: 0 0 0

#Transform 19
Transform: AffineTransform_float_3_3
Parameters: 1 0.000485801 -3.90866e-05 -0.00048585 0.999999 -0.00114798 3.89703e-05 0.00114802 1 0.012688 0.0708662 -0.00222373
FixedParameters: 0 0 0

#Transform 20
Transform: AffineTransform_float_3_3
Parameters: 1 -0.000213449 0.000140799 0.000212604 1 -0.00054497 -0.000140527 0.00054503 1 0.00230408 0.0277072 0.0247029
FixedParameters: 0 0 0

#Transform 21
Transform: AffineTransform_float_3_3
Parameters: 1 -0.000229905 -0.000264916 0.000229734 1 -0.000324061 0.000265065 0.000323939 1 -0.0186713 0.0692885 -0.00109332
FixedParameters: 0 0 0

#Transform 22
Transform: AffineTransform_float_3_3
Parameters: 1 -0.000236647 -0.000444036 0.00023636 0.999999 0.000802895 0.000443696 -0.000803104 0.999999 -0.0170634 0.0508291 -0.0150081
FixedParameters: 0 0 0

#Transform 23
Transform: AffineTransform_float_3_3
Parameters: 1 0.00012252 -0.000575251 -0.000122495 0.999999 0.000890111 0.000575509 -0.00088989 1 -0.0161544 0.026091 -0.0250825
FixedParameters: 0 0 0

#Transform 24
Transform: AffineTransform_float_3_3
Parameters: 0.999995 0.00179865 -0.00255915 -0.00177413 0.999953 0.00958764 0.00257637 -0.00958237 0.999951 -0.0256787 -0.090306 -0.0082919
FixedParameters: 0 0 0

#Transform 25
Transform: AffineTransform_float_3_3
Parameters: 0.999999 -0.000270654 -0.00143854 0.000279177 0.999983 0.00573064 0.00143671 -0.00573035 0.999982 -0.0519648 -0.0227787 -0.136472
FixedParameters: 0 0 0

#Transform 26
Transform: AffineTransform_float_3_3
Parameters: 1 0.000636805 0.000146767 -0.000636903 0.999993 0.00349591 -0.000144353 -0.00349609 0.999994 -0.0699923 -0.0143164 -0.0619558
FixedParameters: 0 0 0

#Transform 27
Transform: AffineTransform_float_3_3
Parameters: 1 0.000530989 0.000150251 -0.000531848 0.999996 0.00274292 -0.000148335 -0.00274308 0.999996 -0.0496381 -0.0325364 -0.0182188
FixedParameters: 0 0 0

#Transform 28
Transform: AffineTransform_float_3_3
Parameters: 1 3.54271e-05 0.000168778 -3.61708e-05 0.999997 0.00220399 -0.00016862 -0.002204 0.999997 -0.0618717 -0.00825334 -0.0491448
FixedParameters: 0 0 0

#Transform 29
Transform: AffineTransform_float_3_3
Parameters: 1 0.000365686 1.11377e-05 -0.000365774 0.999998 0.00220396 -1.05248e-05 -0.00220404 0.999997 -0.0571524 0.0102344 -0.0504166
FixedParameters: 0 0 0

#Transform 30
Transform: AffineTransform_float_3_3
Parameters: 1 0.000123387 0.000271516 -0.000123626 0.999997 0.00220401 -0.00027201 -0.00220399 0.999998 -0.0519869 0.000998593 -0.0657163
FixedParameters: 0 0 0

#Transform 31
Transform: AffineTransform_float_3_3
Parameters: 1 -0.000505828 0.00017231 0.000506105 0.999997 0.00220409 -0.000173581 -0.00220391 0.999997 -0.0493549 0.00656689 -0.0686386
FixedParameters: 0 0 0

#Transform 32
Transform: AffineTransform_float_3_3
Parameters: 1 -0.00026213 0.000211161 0.0002623 0.999998 0.00195906 -0.000212228 -0.00195894 0.999998 -0.0541961 0.00424815 -0.101546
FixedParameters: 0 0 0

#Transform 33
Transform: AffineTransform_float_3_3
Parameters: 0.999999 -0.000726317 -0.000254252 0.000727204 0.999999 0.00167078 0.000252823 -0.00167122 0.999998 -0.0414844 0.0232611 -0.0864208
FixedParameters: 0 0 0

#Transform 34
Transform: AffineTransform_float_3_3
Parameters: 0.999999 -0.000726471 -0.000253809 0.000727049 0.999999 0.00106082 0.000253266 -0.00106118 1 -0.0461986 0.0243081 -0.0725579
FixedParameters: 0 0 0

#Transform 35
Transform: AffineTransform_float_3_3
Parameters: 1 -0.000378056 -0.000560744 0.000378522 0.999999 0.00130679 0.000559796 -0.00130721 0.999999 -0.0441133 0.0409822 -0.0734859
FixedParameters: 0 0 0

#Transform 36
Transform: AffineTransform_float_3_3
Parameters: 0.999999 -0.000473039 -0.000533047 0.000473458 0.999999 0.00133175 0.000531826 -0.00133225 0.999999 -0.045913 0.0402242 -0.0537353
FixedParameters: 0 0 0

#Transform 37
Transform: AffineTransform_float_3_3
Parameters: 1 -0.000299267 -0.000492803 0.000299776 0.999999 0.00148985 0.00049295 -0.00149015 0.999999 -0.0388614 0.0340053 -0.0102898
FixedParameters: 0 0 0

#Transform 38
Transform: AffineTransform_float_3_3
Parameters: 0.999999 -0.000725419 -0.000231309 0.000726297 0.999998 0.00172483 0.000230803 -0.00172517 0.999999 -0.0398908 0.0245624 -0.00888236
FixedParameters: 0 0 0

#Transform 39
Transform: AffineTransform_float_3_3
Parameters: 0.999997 -0.00262121 -0.000417782 0.00262382 0.999971 0.00715681 0.000399386 -0.0071582 0.999975 -0.0112887 -0.187133 0.00191277
FixedParameters: 0 0 0

#Transform 40
Transform: AffineTransform_float_3_3
Parameters: 0.999999 -0.000204676 -0.00144774 0.000212782 0.999987 0.00521874 0.00144584 -0.00521827 0.999986 0.00850756 -0.038978 0.0299603
FixedParameters: 0 0 0

#Transform 41
Transform: AffineTransform_float_3_3
Parameters: 0.999997 -0.000427597 -0.00233467 0.000440395 0.999983 0.0057221 0.00233226 -0.00572289 0.999981 0.0639362 -0.0760077 0.108896
FixedParameters: 0 0 0

#Transform 42
Transform: AffineTransform_float_3_3
Parameters: 0.999997 -0.000944613 -0.00231637 0.000956624 0.999987 0.00515088 0.00231105 -0.00515312 0.999984 0.0589576 -0.0887693 0.101187
FixedParameters: 0 0 0

#Transform 43
Transform: AffineTransform_float_3_3
Parameters: 0.999998 -0.000833341 -0.00194168 0.000842715 0.999988 0.00469145 0.00193818 -0.00469355 0.999987 0.0460677 -0.058304 0.0459889
FixedParameters: 0 0 0

#Transform 44
Transform: AffineTransform_float_3_3
Parameters: 0.999998 -0.000814963 -0.00169965 0.000821645 0.999991 0.00399065 0.0016964 -0.00399235 0.99999 0.0379745 -0.0384191 -0.00120543
FixedParameters: 0 0 0

#Transform 45
Transform: AffineTransform_float_3_3
Parameters: 0.999998 -0.000683681 -0.00142795 0.000688927 0.999993 0.00356106 0.00142526 -0.00356194 0.999992 0.0285261 -0.0396265 -0.0330154
FixedParameters: 0 0 0

#Transform 46
Transform: AffineTransform_float_3_3
Parameters: 0.999999 -0.000345488 -0.00144021 0.000350627 0.999995 0.00315854 0.00143917 -0.00315946 0.999994 0.0388177 -0.0056797 -0.0727048
FixedParameters: 0 0 0

#Transform 47
Transform: AffineTransform_float_3_3
Parameters: 0.999999 -0.000395859 -0.00132336 0.000399938 0.999994 0.00341551 0.00132184 -0.00341549 0.999994 0.0340668 -0.0224794 -0.0532436
FixedParameters: 0 0 0

#Transform 48
Transform: AffineTransform_float_3_3
Parameters: 0.999999 -0.000400486 -0.00143817 0.000404542 0.999995 0.00313446 0.00143684 -0.00313454 0.999994 0.0394835 -0.0113164 -0.0541826
FixedParameters: 0 0 0

#Transform 49
Transform: AffineTransform_float_3_3
Parameters: 0.999999 -0.00135313 -0.00114072 0.00135643 0.999994 0.00313346 0.00113638 -0.00313455 0.999995 0.0497202 -0.00763453 -0.0534472
FixedParameters: 0 0 0

#Transform 50
Transform: AffineTransform_float_3_3
Parameters: 0.999998 -0.000946502 -0.00132602 0.000951334 0.999994 0.00328674 0.00132294 -0.00328826 0.999993 0.0550912 -0.00674511 -0.0309362
FixedParameters: 0 0 0

#Transform 51
Transform: AffineTransform_float_3_3
Parameters: 0.999999 -0.00114198 -0.00141071 0.00114593 0.999994 0.00313342 0.00140674 -0.00313457 0.999994 0.0523967 1.06993e-05 -0.0195313
FixedParameters: 0 0 0

#Transform 52
Transform: AffineTransform_float_3_3
Parameters: 0.999998 -0.00123956 -0.00103134 0.00124303 0.999993 0.00354672 0.00102669 -0.00354728 0.999993 0.0456854 -0.041 -0.0291097
FixedParameters: 0 0 0

#Transform 53
Transform: AffineTransform_float_3_3
Parameters: 0.999999 -0.0011262 -0.000990233 0.00112892 0.999994 0.00333988 0.000985858 -0.00334111 0.999994 0.044066 -0.0108585 -0.0303746
FixedParameters: 0 0 0

#Transform 54
Transform: AffineTransform_float_3_3
Parameters: 0.999999 -0.00101478 -0.000843155 0.00101743 0.999994 0.00326014 0.000840646 -0.00326086 0.999995 0.0389228 -0.0126727 -0.0297139
FixedParameters: 0 0 0

#Transform 55
Transform: AffineTransform_float_3_3
Parameters: 1 -0.000985671 -0.000268763 0.000987239 0.99998 0.00625874 0.00026249 -0.00625926 0.999981 0.0410411 0.0146344 0.0106113
FixedParameters: 0 0 0

#Transform 56
Transform: AffineTransform_float_3_3
Parameters: 0.999996 -0.000871943 -0.00274214 0.000903176 0.999934 0.0114787 0.00273204 -0.0114813 0.999931 0.0802982 -0.0580289 0.204332
FixedParameters: 0 0 0

#Transform 57
Transform: AffineTransform_float_3_3
Parameters: 0.999997 -0.0007961 -0.00233046 0.000811016 0.99998 0.00638821 0.00232479 -0.00638979 0.999977 0.073502 -0.00241815 0.0721474
FixedParameters: 0 0 0

#Transform 58
Transform: AffineTransform_float_3_3
Parameters: 0.999998 -0.000768033 -0.00186186 0.000778507 0.999982 0.00598464 0.00185808 -0.00598536 0.999981 0.073866 -0.00935737 0.060558
FixedParameters: 0 0 0

#Transform 59
Transform: AffineTransform_float_3_3
Parameters: 0.999998 -0.00137855 -0.00134489 0.00138628 0.999981 0.00611815 0.00133632 -0.00611986 0.999981 0.0766553 -0.0296449 0.0401155
FixedParameters: 0 0 0

#Transform 60
Transform: AffineTransform_float_3_3
Parameters: 0.999997 -0.00156019 -0.001484 0.00156807 0.999983 0.00559468 0.00147485 -0.00559732 0.999983 0.0666906 -0.0165888 0.0236949
FixedParameters: 0 0 0

#Transform 61
Transform: AffineTransform_float_3_3
Parameters: 0.999998 -0.00122959 -0.00165363 0.0012369 0.999992 0.00398196 0.00164804 -0.00398404 0.99999 0.0641471 0.0311734 0.00198763
FixedParameters: 0 0 0

#Transform 62
Transform: AffineTransform_float_3_3
Parameters: 0.999999 -0.00123463 -0.00134714 0.00124031 0.999991 0.00389333 0.0013427 -0.00389466 0.999991 0.053714 0.0373089 0.0329503
FixedParameters: 0 0 0

#Transform 63
Transform: AffineTransform_float_3_3
Parameters: 0.999998 -0.00143439 -0.00133898 0.00143923 0.999994 0.00322907 0.00133485 -0.00323092 0.999994 0.0526902 0.0544011 0.0357098
FixedParameters: 0 0 0

#Transform 64
Transform: AffineTransform_float_3_3
Parameters: 0.999999 -0.00136994 -0.00108104 0.00137386 0.999994 0.00312652 0.00107658 -0.00312848 0.999995 0.057263 0.0613719 0.03592
FixedParameters: 0 0 0

#Transform 65
Transform: AffineTransform_float_3_3
Parameters: 0.999998 -0.00132857 -0.00134279 0.00133218 0.999994 0.00315121 0.0013386 -0.00315279 0.999994 0.0650464 0.0363067 0.00915668
FixedParameters: 0 0 0

#Transform 66
Transform: AffineTransform_float_3_3
Parameters: 0.999997 -0.00162651 -0.00143655 0.00163024 0.999995 0.00297066 0.00143207 -0.00297334 0.999995 0.0633423 0.0580474 -0.00835316
FixedParameters: 0 0 0

#Transform 67
Transform: AffineTransform_float_3_3
Parameters: 0.999995 -0.00225948 -0.00189153 0.0022628 0.999995 0.00214468 0.00188702 -0.00214932 0.999996 0.0474958 0.0937821 0.00412184
FixedParameters: 0 0 0

#Transform 68
Transform: AffineTransform_float_3_3
Parameters: 0.999997 -0.00146945 -0.00185765 0.00147288 0.999996 0.00223731 0.00185426 -0.00224069 0.999995 0.0500821 0.084071 0.000839154
FixedParameters: 0 0 0

#Transform 69
Transform: AffineTransform_float_3_3
Parameters: 0.999998 -0.00164171 -0.00165291 0.0016484 0.999992 0.00346432 0.00164771 -0.00346668 0.999993 0.038333 0.082012 -0.0653671
FixedParameters: 0 0 0

#Transform 70
Transform: AffineTransform_float_3_3
Parameters: 0.999993 -0.00108408 -0.00336584 0.00114107 0.999854 0.0170265 0.00334627 -0.0170305 0.99985 0.0594366 -0.312845 0.316686
FixedParameters: 0 0 0

#Transform 71
Transform: AffineTransform_float_3_3
Parameters: 0.999997 -0.000155213 -0.0022063 0.000177037 0.999953 0.00970576 0.00220392 -0.00970625 0.999951 0.0289245 -0.138135 0.212424
FixedParameters: 0 0 0

#Transform 72
Transform: AffineTransform_float_3_3
Parameters: 0.999997 0.000388617 -0.00232745 -0.000369052 0.999963 0.008525 0.00233071 -0.00852399 0.999961 0.0567833 -0.117053 0.218722
FixedParameters: 0 0 0

#Transform 73
Transform: AffineTransform_float_3_3
Parameters: 0.999997 0.000563614 -0.00214147 -0.000547235 0.999971 0.00759727 0.00214556 -0.00759573 0.999969 0.0585182 -0.0814138 0.228433
FixedParameters: 0 0 0

#Transform 74
Transform: AffineTransform_float_3_3
Parameters: 0.999996 0.000628452 -0.00251904 -0.000610168 0.999973 0.00723268 0.00252373 -0.00723131 0.99997 0.0627852 -0.0725861 0.225833
FixedParameters: 0 0 0

#Transform 75
Transform: AffineTransform_float_3_3
Parameters: 0.999995 0.000436656 -0.00295223 -0.000416975 0.999977 0.00674243 0.00295479 -0.00674158 0.999973 0.0648801 -0.0462227 0.257558
FixedParameters: 0 0 0

#Transform 76
Transform: AffineTransform_float_3_3
Parameters: 0.999996 0.000545697 -0.0027316 -0.000526745 0.999975 0.00696863 0.00273584 -0.00696737 0.999972 0.0565428 -0.062198 0.26019
FixedParameters: 0 0 0

#Transform 77
Transform: AffineTransform_float_3_3
Parameters: 0.999997 0.000583332 -0.00232389 -0.000568949 0.999978 0.00657342 0.00232711 -0.00657258 0.999975 0.044403 -0.0490818 0.252314
FixedParameters: 0 0 0

#Transform 78
Transform: AffineTransform_float_3_3
Parameters: 0.999998 0.000464579 -0.00226281 -0.000449383 0.999978 0.00669112 0.00226652 -0.00668989 0.999975 0.0429891 -0.0531446 0.259737
FixedParameters: 0 0 0

#Transform 79
Transform: AffineTransform_float_3_3
Parameters: 0.999998 0.000409484 -0.00205905 -0.000396796 0.999981 0.00626092 0.00206163 -0.00626009 0.999979 0.040404 -0.0295445 0.270377
FixedParameters: 0 0 0

#Transform 80
Transform: AffineTransform_float_3_3
Parameters: 0.999999 0.000374418 -0.00173568 -0.000363784 0.999981 0.00626068 0.00173775 -0.00626032 0.999979 0.0228523 -0.0248454 0.245597
FixedParameters: 0 0 0

#Transform 81
Transform: AffineTransform_float_3_3
Parameters: 0.999998 0.000597343 -0.00180657 -0.000587477 0.999983 0.00581211 0.0018099 -0.00581088 0.999981 0.0385755 -0.00932828 0.232671
FixedParameters: 0 0 0

#Transform 82
Transform: AffineTransform_float_3_3
Parameters: 0.999999 0.000257842 -0.00173185 -0.000247507 0.999982 0.00588952 0.00173323 -0.00588948 0.999981 0.0518765 -0.00417981 0.231232
FixedParameters: 0 0 0

#Transform 83
Transform: AffineTransform_float_3_3
Parameters: 0.999997 0.00017834 -0.00215314 -0.000163083 0.999977 0.00680849 0.00215403 -0.00680851 0.999975 0.0470695 -0.0324514 0.240109
FixedParameters: 0 0 0

#Transform 84
Transform: AffineTransform_float_3_3
Parameters: 0.999998 0.000405379 -0.00226244 -0.000388566 0.999972 0.00750102 0.00226508 -0.00749998 0.99997 0.0320168 -0.0411082 0.248064
FixedParameters: 0 0 0

#Transform 85
Transform: AffineTransform_float_3_3
Parameters: 0.99998 -0.00170827 -0.00618369 0.00185718 0.999703 0.0242777 0.00614017 -0.0242883 0.999686 0.149563 -0.357032 0.46651
FixedParameters: 0 0 0

#Transform 86
Transform: AffineTransform_float_3_3
Parameters: 0.999956 -0.00447538 -0.0082261 0.00473246 0.99949 0.0315824 0.00808053 -0.0316196 0.999467 0.229234 -0.555916 0.495442
FixedParameters: 0 0 0

#Transform 87
Transform: AffineTransform_float_3_3
Parameters: 0.999985 -0.00297076 -0.00446053 0.00307037 0.99974 0.0225778 0.00439216 -0.0225911 0.999735 0.117351 -0.400494 0.353232
FixedParameters: 0 0 0

#Transform 88
Transform: AffineTransform_float_3_3
Parameters: 0.999983 -0.00256971 -0.00510717 0.00266942 0.999805 0.0195411 0.00505676 -0.0195549 0.999797 0.108968 -0.265815 0.284815
FixedParameters: 0 0 0

#Transform 89
Transform: AffineTransform_float_3_3
Parameters: 0.999985 -0.00191393 -0.00511712 0.00200357 0.999843 0.0175745 0.00508288 -0.0175845 0.999833 0.0988127 -0.225408 0.260736
FixedParameters: 0 0 0

#Transform 90
Transform: AffineTransform_float_3_3
Parameters: 0.999988 -0.00178925 -0.00458485 0.00186449 0.999863 0.016418 0.00455488 -0.016426 0.999855 0.0806143 -0.225112 0.224921
FixedParameters: 0 0 0

#Transform 91
Transform: AffineTransform_float_3_3
Parameters: 0.999993 -0.00233725 -0.00286918 0.0023833 0.999871 0.0158923 0.00283096 -0.0158987 0.99987 0.0458057 -0.223141 0.18551
FixedParameters: 0 0 0

#Transform 92
Transform: AffineTransform_float_3_3
Parameters: 0.999995 -0.00189519 -0.00244123 0.0019307 0.999893 0.0145064 0.00241314 -0.0145116 0.999891 0.0299643 -0.174816 0.197907
FixedParameters: 0 0 0

#Transform 93
Transform: AffineTransform_float_3_3
Parameters: 0.999995 -0.00197829 -0.00243743 0.00201148 0.999905 0.0136352 0.00241036 -0.0136408 0.999904 0.0417006 -0.148981 0.191971
FixedParameters: 0 0 0

#Transform 94
Transform: AffineTransform_float_3_3
Parameters: 0.999995 -0.00233427 -0.00242602 0.00236505 0.999916 0.0127674 0.00239627 -0.0127726 0.999916 0.0419874 -0.120595 0.189987
FixedParameters: 0 0 0

#Transform 95
Transform: AffineTransform_float_3_3
Parameters: 0.999997 -0.00148957 -0.00220259 0.00151686 0.999921 0.0124418 0.00218329 -0.0124452 0.99992 0.0328685 -0.116148 0.190355
FixedParameters: 0 0 0

#Transform 96
Transform: AffineTransform_float_3_3
Parameters: 0.999997 -0.00205308 -0.00143329 0.00207309 0.999889 0.0147281 0.00140341 -0.0147309 0.999891 0.0256465 -0.184571 0.232041
FixedParameters: 0 0 0

#Transform 97
Transform: AffineTransform_float_3_3
Parameters: 0.999997 -0.00188207 -0.00140954 0.00190108 0.999906 0.0135964 0.00138388 -0.0135987 0.999907 0.0282675 -0.13661 0.186662
FixedParameters: 0 0 0

#Transform 98
Transform: AffineTransform_float_3_3
Parameters: 0.999997 -0.00202814 -0.00121579 0.00204373 0.999917 0.0126885 0.00119074 -0.0126905 0.999918 0.018253 -0.127615 0.165448
FixedParameters: 0 0 0

#Transform 99
Transform: AffineTransform_float_3_3
Parameters: 0.999997 -0.00187724 -0.00115671 0.00189172 0.999925 0.0120418 0.00113387 -0.0120442 0.999927 0.0321647 -0.131041 0.143893
FixedParameters: 0 0 0

#Transform 100
Transform: AffineTransform_float_3_3
Parameters: 0.999998 -0.00133258 -0.00142716 0.00135051 0.999926 0.0120731 0.00141144 -0.0120749 0.999926 0.00759009 -0.0907033 0.11506
FixedParameters: 0 0 0

#Transform 101
Transform: AffineTransform_float_3_3
Parameters: 0.999998 -0.0018704 -0.000903264 0.00188121 0.99993 0.0117482 0.000880609 -0.0117498 0.99993 0.00729737 -0.0928751 0.0957868
FixedParameters: 0 0 0

#Transform 102
Transform: AffineTransform_float_3_3
Parameters: 0.999998 -0.00186139 -0.00058423 0.00186861 0.999931 0.0116608 0.000561995 -0.0116622 0.999932 -0.000427406 -0.0957973 0.0700335
FixedParameters: 0 0 0

#Transform 103
Transform: AffineTransform_float_3_3
Parameters: 0.999996 -0.00261822 0.000427276 0.00261236 0.999917 0.012596 -0.000460348 -0.012595 0.99992 -0.0366121 -0.086679 -0.0410138
FixedParameters: 0 0 0

#Transform 104
Transform: AffineTransform_float_3_3
Parameters: 0.999994 -0.00299566 0.00203071 0.00297174 0.999926 0.011803 -0.00206608 -0.011797 0.999928 -0.0792134 -0.104591 -0.099133
FixedParameters: 0 0 0

#Transform 105
Transform: AffineTransform_float_3_3
Parameters: 0.999998 -0.00193363 0.000834848 0.00192253 0.99992 0.0124566 -0.000858262 -0.0124544 0.999922 -0.0633769 -0.124542 0.0349569
FixedParameters: 0 0 0

#Transform 106
Transform: AffineTransform_float_3_3
Parameters: 0.999998 -0.00152496 0.00108453 0.00151174 0.999928 0.0118806 -0.0011021 -0.0118794 0.999929 -0.0831648 -0.0702849 -0.028575
FixedParameters: 0 0 0

#Transform 107
Transform: AffineTransform_float_3_3
Parameters: 0.999998 -0.00152131 0.00121349 0.00150604 0.999929 0.0118718 -0.00123096 -0.0118702 0.999929 -0.0901162 -0.109187 -0.0325488
FixedParameters: 0 0 0

#Transform 108
Transform: AffineTransform_float_3_3
Parameters: 0.999997 -0.00151284 0.00151335 0.00149437 0.999929 0.0118813 -0.00153178 -0.0118787 0.999929 -0.087412 -0.128859 -0.00420531
FixedParameters: 0 0 0

#Transform 109
Transform: AffineTransform_float_3_3
Parameters: 0.999997 -0.00151325 0.00151294 0.00149401 0.999925 0.0121523 -0.00153119 -0.0121507 0.999925 -0.0889271 -0.111492 0.0354855
FixedParameters: 0 0 0

#Transform 110
Transform: AffineTransform_float_3_3
Parameters: 0.999999 -0.00152614 0.00104639 0.00151361 0.999927 0.0119796 -0.0010643 -0.0119774 0.999927 -0.0752141 -0.114307 0.0462969
FixedParameters: 0 0 0

#Transform 111
Transform: AffineTransform_float_3_3
Parameters: 0.999999 -0.00164046 0.000772504 0.00163243 0.999934 0.0113762 -0.000791112 -0.0113748 0.999935 -0.0700585 -0.106571 -0.00265126
FixedParameters: 0 0 0

#Transform 112
Transform: AffineTransform_float_3_3
Parameters: 0.999999 -0.00170746 0.000685155 0.00169842 0.999926 0.0120941 -0.000706643 -0.0120929 0.999926 -0.0671033 -0.0773057 -0.00974222
FixedParameters: 0 0 0

#Transform 113
Transform: AffineTransform_float_3_3
Parameters: 0.999999 -0.00155612 -1.88222e-05 0.00155616 0.999922 0.0123869 2.92892e-07 -0.0123871 0.999924 -0.0490771 -0.0994785 0.0137957
FixedParameters: 0 0 0

#Transform 114
Transform: AffineTransform_float_3_3
Parameters: 0.999998 -0.0015155 -0.00053066 0.00152181 0.999926 0.0120622 0.000512288 -0.0120628 0.999927 -0.0557404 -0.0874651 0.0287245
FixedParameters: 0 0 0

#Transform 115
Transform: AffineTransform_float_3_3
Parameters: 0.999998 -0.00157093 -0.000549416 0.00157693 0.999923 0.0122581 0.000530132 -0.0122589 0.999924 -0.0499432 -0.081997 0.0421648
FixedParameters: 0 0 0

#Transform 116
Transform: AffineTransform_float_3_3
Parameters: 0.999998 -0.00157088 -0.000549544 0.00157697 0.999922 0.0123401 0.000530002 -0.0123409 0.999923 -0.0596856 -0.0848162 0.0286964
FixedParameters: 0 0 0

#Transform 117
Transform: AffineTransform_float_3_3
Parameters: 0.999991 -0.00161313 -0.00398395 0.00171464 0.999671 0.0255877 0.00394188 -0.0255943 0.999665 0.011587 -0.326614 0.253836
FixedParameters: 0 0 0

#Transform 118
Transform: AffineTransform_float_3_3
Parameters: 0.999993 -0.00163239 -0.00354942 0.00169694 0.999828 0.0184404 0.00351868 -0.0184467 0.999824 0.0209758 -0.169401 0.331045
FixedParameters: 0 0 0

#Transform 119
Transform: AffineTransform_float_3_3
Parameters: 0.999994 -0.00191576 -0.00293172 0.00196045 0.999878 0.0155155 0.00290143 -0.0155215 0.999875 0.0293462 -0.141287 0.244721
FixedParameters: 0 0 0
