# transform file /out/sourcedata/freesurfer/sub-v2s15x29738_ses-1/mri/transforms/cc_up.lta
# created by oesteban on Wed Mar 11 09:57:14 2026

type      = 0 # LINEAR_VOX_TO_VOX
nxforms   = 1
mean      = 128.0000 136.0000 124.0000
sigma     = 10000.0000
1 4 4
9.989766478538513e-01 -4.522712156176567e-02 3.217948833480477e-04 5.859164714813232e+00 
4.522712156176567e-02 9.989767074584961e-01 1.456876543670660e-05 6.396713733673096e+00 
-3.221245133318007e-04 0.000000000000000e+00 9.999999403953552e-01 7.040744781494141e+00 
0.000000000000000e+00 0.000000000000000e+00 0.000000000000000e+00 1.000000000000000e+00 
src volume info
valid = 1  # volume info valid
filename = /out/sourcedata/freesurfer/sub-v2s15x29738_ses-1/mri/norm.mgz
volume = 256 256 256
voxelsize = 1.000000000000000e+00 1.000000000000000e+00 1.000000000000000e+00
xras   = -1.000000000000000e+00 0.000000000000000e+00 0.000000000000000e+00
yras   = 0.000000000000000e+00 0.000000000000000e+00 -1.000000000000000e+00
zras   = 0.000000000000000e+00 1.000000000000000e+00 0.000000000000000e+00
cras   = -4.560455322265625e+00 8.376190185546875e+00 3.815510559082031e+01
dst volume info
valid = 1  # volume info valid
filename = /out/sourcedata/freesurfer/sub-v2s15x29738_ses-1/mri/norm.mgz
volume = 256 256 256
voxelsize = 1.000000000000000e+00 1.000000000000000e+00 1.000000000000000e+00
xras   = -1.000000000000000e+00 0.000000000000000e+00 0.000000000000000e+00
yras   = 0.000000000000000e+00 0.000000000000000e+00 -1.000000000000000e+00
zras   = 0.000000000000000e+00 1.000000000000000e+00 0.000000000000000e+00
cras   = -4.560455322265625e+00 8.376190185546875e+00 3.815510559082031e+01
