# transform file /out/sourcedata/freesurfer/sub-v2s15x29757_ses-1/mri/transforms/cc_up.lta
# created by oesteban on Wed Mar 11 11:30:44 2026

type      = 0 # LINEAR_VOX_TO_VOX
nxforms   = 1
mean      = 126.0000 121.0000 121.0000
sigma     = 10000.0000
1 4 4
9.889163970947266e-01 -1.348459869623184e-01 -6.213781982660294e-02 2.535829162597656e+01 
1.345805674791336e-01 9.908666610717773e-01 -8.456269279122353e-03 1.008218288421631e+01 
6.271058320999146e-02 0.000000000000000e+00 9.980317950248718e-01 6.385556221008301e+00 
0.000000000000000e+00 0.000000000000000e+00 0.000000000000000e+00 1.000000000000000e+00 
src volume info
valid = 1  # volume info valid
filename = /out/sourcedata/freesurfer/sub-v2s15x29757_ses-1/mri/norm.mgz
volume = 256 256 256
voxelsize = 1.000000000000000e+00 1.000000000000000e+00 1.000000000000000e+00
xras   = -1.000000000000000e+00 0.000000000000000e+00 0.000000000000000e+00
yras   = 0.000000000000000e+00 0.000000000000000e+00 -1.000000000000000e+00
zras   = 0.000000000000000e+00 1.000000000000000e+00 0.000000000000000e+00
cras   = -1.696083068847656e+00 5.231971740722656e+00 2.088892364501953e+01
dst volume info
valid = 1  # volume info valid
filename = /out/sourcedata/freesurfer/sub-v2s15x29757_ses-1/mri/norm.mgz
volume = 256 256 256
voxelsize = 1.000000000000000e+00 1.000000000000000e+00 1.000000000000000e+00
xras   = -1.000000000000000e+00 0.000000000000000e+00 0.000000000000000e+00
yras   = 0.000000000000000e+00 0.000000000000000e+00 -1.000000000000000e+00
zras   = 0.000000000000000e+00 1.000000000000000e+00 0.000000000000000e+00
cras   = -1.696083068847656e+00 5.231971740722656e+00 2.088892364501953e+01
