#Insight Transform File V1.0
#Transform 0
Transform: AffineTransform_float_3_3
Parameters: 0.999999 0.000408017 -0.000789452 -0.000408038 1 -1.29798e-05 0.000789441 1.3624e-05 0.999999 0.0078735 -0.0234714 0.0403028
FixedParameters: 0 0 0

#Transform 1
Transform: AffineTransform_float_3_3
Parameters: 0.999999 0.000175578 -0.000946492 -0.000175591 1 -6.49963e-06 0.00094649 6.83194e-06 0.999999 0.00761238 -0.0220314 0.0379405
FixedParameters: 0 0 0

#Transform 2
Transform: AffineTransform_float_3_3
Parameters: 1 0.000634764 -0.000970551 -0.00063477 1 -1.96747e-05 0.000970583 1.99128e-05 0.999999 -0.00641746 0.0019487 0.0357737
FixedParameters: 0 0 0

#Transform 3
Transform: AffineTransform_float_3_3
Parameters: 1 0.00020859 -0.000259099 -0.00020823 0.999999 0.000795834 0.000258434 -0.000795729 0.999999 -0.0121689 -0.0182204 -0.047742
FixedParameters: 0 0 0

#Transform 4
Transform: AffineTransform_float_3_3
Parameters: 0.999999 0.000635639 -0.00074076 -0.000634114 0.999997 0.00241557 0.000742757 -0.00241469 0.999997 0.00736995 -0.0502344 -0.0439307
FixedParameters: 0 0 0

#Transform 5
Transform: AffineTransform_float_3_3
Parameters: 1 0.000196243 -5.19116e-05 -0.000195963 0.999996 0.00278435 5.27673e-05 -0.00278433 0.999996 -0.00170403 -0.08195 0.0360003
FixedParameters: 0 0 0

#Transform 6
Transform: AffineTransform_float_3_3
Parameters: 1 0.00050335 -0.000455018 -0.000502641 0.999998 0.00193848 0.000455905 -0.00193805 0.999998 0.00260874 -0.0579149 -0.0109351
FixedParameters: 0 0 0

#Transform 7
Transform: AffineTransform_float_3_3
Parameters: 0.999999 0.000510793 -0.00061279 -0.000509982 0.999998 0.00152091 0.000613338 -0.00152032 0.999998 0.00688806 -0.0523838 -0.0614275
FixedParameters: 0 0 0

#Transform 8
Transform: AffineTransform_float_3_3
Parameters: 0.999999 0.000527065 -0.000666687 -0.000526091 0.999998 0.00152039 0.000667284 -0.00151972 0.999998 0.00750418 -0.0520236 -0.0556214
FixedParameters: 0 0 0

#Transform 9
Transform: AffineTransform_float_3_3
Parameters: 0.999999 0.000503742 -0.000665559 -0.000502919 0.999999 0.00141001 0.000665975 -0.00140938 0.999999 0.00780175 -0.0209531 -0.0587735
FixedParameters: 0 0 0

#Transform 10
Transform: AffineTransform_float_3_3
Parameters: 0.999999 0.000500808 -0.000665461 -0.000499116 0.999999 0.00131308 0.000665718 -0.00131242 0.999999 0.00696953 0.00404738 -0.0325713
FixedParameters: 0 0 0

#Transform 11
Transform: AffineTransform_float_3_3
Parameters: 1 0.000321427 -0.00110164 -0.000319015 0.999998 0.00200307 0.00110291 -0.00200232 0.999998 0.0106406 -0.0732217 0.0754916
FixedParameters: 0 0 0

#Transform 12
Transform: AffineTransform_float_3_3
Parameters: 1 -0.000395431 -0.000148878 0.000394776 1 0.000975762 0.000149157 -0.000976011 0.999999 -0.00294957 0.0529204 -0.000415199
FixedParameters: 0 0 0

#Transform 13
Transform: AffineTransform_float_3_3
Parameters: 1 0.000161763 -0.000268653 -0.000162107 0.999999 0.00122236 0.000269043 -0.0012223 0.999999 -0.0127035 -0.0657598 -0.000877557
FixedParameters: 0 0 0

#Transform 14
Transform: AffineTransform_float_3_3
Parameters: 1 0.000574642 -0.000371181 -0.000574091 0.999999 0.000700954 0.000371985 -0.000701522 0.999999 0.000669706 -0.0254701 -0.0434798
FixedParameters: 0 0 0

#Transform 15
Transform: AffineTransform_float_3_3
Parameters: 1 0.000595999 -0.000103774 -0.000595853 1 0.000954636 0.000103915 -0.000954619 0.999999 -0.000510588 0.0104562 -0.0521028
FixedParameters: 0 0 0

#Transform 16
Transform: AffineTransform_float_3_3
Parameters: 1 0.000582129 -0.000161353 -0.000581991 0.999999 0.00058888 0.000161041 -0.000588696 1 -0.00185304 -0.0359112 -0.0283036
FixedParameters: 0 0 0

#Transform 17
Transform: AffineTransform_float_3_3
Parameters: 1 0.000575413 -0.000114886 -0.000576306 0.999999 0.000686136 0.000114732 -0.000686036 0.999999 0.00719361 -0.00618604 -0.0283645
FixedParameters: 0 0 0

#Transform 18
Transform: AffineTransform_float_3_3
Parameters: 1 0.000381647 0.000461623 -0.000381577 1 -7.57832e-05 -0.000461681 7.54309e-05 1 -0.0041263 -0.000338558 -0.0301372
FixedParameters: 0 0 0

#Transform 19
Transform: AffineTransform_float_3_3
Parameters: 1 -0.000295264 0.000329901 0.000295242 1 3.43593e-05 -0.000329922 -3.41644e-05 1 0.00729807 0.00680516 -0.0259027
FixedParameters: 0 0 0

#Transform 20
Transform: AffineTransform_float_3_3
Parameters: 1 -0.000316478 -0.000173536 0.000316329 1 -0.000430152 0.000173808 0.000430042 1 0.00742433 0.0178016 0.0179608
FixedParameters: 0 0 0

#Transform 21
Transform: AffineTransform_float_3_3
Parameters: 1 -0.000271444 -0.000592505 0.000270976 1 -0.000395229 0.000592719 0.000394908 0.999999 0.014713 0.0203492 0.0154699
FixedParameters: 0 0 0

#Transform 22
Transform: AffineTransform_float_3_3
Parameters: 1 -0.000222586 0.000106691 0.000222483 1 0.000481985 -0.000106905 -0.000481937 1 0.0015749 0.0100216 0.00235203
FixedParameters: 0 0 0

#Transform 23
Transform: AffineTransform_float_3_3
Parameters: 1 -0.000263205 -0.000176363 0.00026304 1 -0.000384708 0.000176567 0.000385609 1 0.0070565 0.0421651 0.00580642
FixedParameters: 0 0 0

#Transform 24
Transform: AffineTransform_float_3_3
Parameters: 1 -0.000150553 -0.000182274 0.000150312 1 -0.00066215 0.000182473 0.000662095 1 0.00557786 0.0504834 0.000706722
FixedParameters: 0 0 0

#Transform 25
Transform: AffineTransform_float_3_3
Parameters: 1 -0.000274908 -0.000175694 0.000274705 1 -0.000577444 0.000176011 0.000577347 1 0.00686551 0.0257999 0.0143727
FixedParameters: 0 0 0

#Transform 26
Transform: AffineTransform_float_3_3
Parameters: 1 -0.000254003 4.14228e-05 0.000254025 1 -0.000260525 -4.12905e-05 0.000260546 1 0.00294935 0.0216021 0.00181543
FixedParameters: 0 0 0

#Transform 27
Transform: AffineTransform_float_3_3
Parameters: 1 -0.000267647 -0.000176142 0.000267529 1 -0.00033355 0.00017632 0.000333456 1 0.00708201 0.0329238 0.00666841
FixedParameters: 0 0 0

#Transform 28
Transform: AffineTransform_float_3_3
Parameters: 1 -0.000224126 0.000510456 0.000224211 1 -8.34984e-05 -0.000510418 8.37273e-05 1 -0.00583766 0.0383526 -0.0156004
FixedParameters: 0 0 0

#Transform 29
Transform: AffineTransform_float_3_3
Parameters: 1 -4.63384e-05 -0.000187799 4.60054e-05 0.999999 -0.000886322 0.000187881 0.000886305 0.999999 0.00465684 0.0329738 -0.0156715
FixedParameters: 0 0 0

#Transform 30
Transform: AffineTransform_float_3_3
Parameters: 1 0.000151768 -0.00019835 -0.000152038 0.999999 -0.000809125 0.000199101 0.000809189 0.999999 0.00247004 0.0482265 -0.0321087
FixedParameters: 0 0 0

#Transform 31
Transform: AffineTransform_float_3_3
Parameters: 1 0.000352676 -0.00020879 -0.000352666 1 -0.000101728 0.000209715 0.000101879 1 0.00333878 0.0547987 -0.0579898
FixedParameters: 0 0 0

#Transform 32
Transform: AffineTransform_float_3_3
Parameters: 1 0.000178665 0.000197814 -0.000178422 1 -0.000612279 -0.000198032 0.000612208 1 -0.00609964 0.0278368 -0.00718056
FixedParameters: 0 0 0

#Transform 33
Transform: AffineTransform_float_3_3
Parameters: 1 0.000182802 0.000213636 -0.000182588 1 -0.000500332 -0.000213819 0.000500254 1 0.0100722 0.067254 -0.0225288
FixedParameters: 0 0 0

#Transform 34
Transform: AffineTransform_float_3_3
Parameters: 1 -2.78757e-05 0.000220774 2.80015e-05 1 -0.00028495 -0.000220758 0.000284962 1 0.0138945 0.0459639 -0.0473149
FixedParameters: 0 0 0

#Transform 35
Transform: AffineTransform_float_3_3
Parameters: 1 0.000205217 0.000412804 -0.000205139 1 -9.45559e-05 -0.000412843 9.43866e-05 1 0.00714763 0.0576422 -0.0540621
FixedParameters: 0 0 0

#Transform 36
Transform: AffineTransform_float_3_3
Parameters: 0.999999 0.000206631 0.000762084 -0.000205597 0.999999 -0.000680319 -0.000762423 0.000680109 1 -0.00058035 0.0450689 -0.0261745
FixedParameters: 0 0 0

#Transform 37
Transform: AffineTransform_float_3_3
Parameters: 1 0.000279089 0.000589038 -0.000278296 1 -0.00062877 -0.000588392 0.000628445 0.999999 0.00154322 0.0442414 -0.020649
FixedParameters: 0 0 0

#Transform 38
Transform: AffineTransform_float_3_3
Parameters: 1 0.000179994 0.000465021 -0.000179018 1 -0.00105213 -0.000465458 0.00105197 1 0.00529941 0.0522393 -0.0273391
FixedParameters: 0 0 0

#Transform 39
Transform: AffineTransform_float_3_3
Parameters: 1 0.000109678 0.000307527 -0.000108871 0.999999 -0.00131737 -0.000307874 0.0013173 0.999999 0.00684096 0.0671192 -0.0342247
FixedParameters: 0 0 0

#Transform 40
Transform: AffineTransform_float_3_3
Parameters: 1 0.000109427 0.000267511 -0.000109886 1 -0.00101432 -0.000267741 0.00101423 1 -0.0105669 0.0527934 -0.00229085
FixedParameters: 0 0 0

#Transform 41
Transform: AffineTransform_float_3_3
Parameters: 1 0.000358939 0.000397456 -0.000358193 0.999999 -0.000873515 -0.000397085 0.000873234 0.999999 -0.0284661 0.050073 -0.00103158
FixedParameters: 0 0 0

#Transform 42
Transform: AffineTransform_float_3_3
Parameters: 1 0.000313237 0.000425967 -0.000312554 0.999999 -0.000741053 -0.000425434 0.00074079 0.999999 -0.0100994 0.0512554 0.00195955
FixedParameters: 0 0 0

#Transform 43
Transform: AffineTransform_float_3_3
Parameters: 1 0.000306771 0.000442233 -0.000305845 1 -0.000991946 -0.000441903 0.000991679 1 0.00174984 0.0780303 -0.0380871
FixedParameters: 0 0 0

#Transform 44
Transform: AffineTransform_float_3_3
Parameters: 1 0.000197016 0.000472208 -0.000197332 0.999999 -0.000722525 -0.00047244 0.00072231 0.999999 -0.016492 0.05268 -0.0358266
FixedParameters: 0 0 0

#Transform 45
Transform: AffineTransform_float_3_3
Parameters: 1 0.000283611 -0.000205311 -0.000282811 1 -0.00060889 0.000205911 0.000609039 1 0.0165998 0.0833799 -0.0243458
FixedParameters: 0 0 0

#Transform 46
Transform: AffineTransform_float_3_3
Parameters: 1 3.82316e-05 0.000251282 -3.76017e-05 0.999999 -0.00125929 -0.000251437 0.00125928 0.999999 0.0116883 0.127488 -0.0414524
FixedParameters: 0 0 0

#Transform 47
Transform: AffineTransform_float_3_3
Parameters: 1 3.61999e-05 -0.000192248 -3.66393e-05 0.999999 -0.00126792 0.000193094 0.00126794 0.999999 0.0193866 0.0247026 -0.0127864
FixedParameters: 0 0 0

#Transform 48
Transform: AffineTransform_float_3_3
Parameters: 1 0.000277551 3.11401e-05 -0.000277476 0.999999 -0.00123671 -3.18858e-05 0.0012367 0.999999 0.0120002 0.0920021 -0.0271996
FixedParameters: 0 0 0

#Transform 49
Transform: AffineTransform_float_3_3
Parameters: 1 1.91462e-06 0.000519387 -3.11753e-06 0.999995 0.00311713 -0.000518774 -0.00311707 0.999995 0.0228767 0.0600672 -0.15636
FixedParameters: 0 0 0

#Transform 50
Transform: AffineTransform_float_3_3
Parameters: 1 -0.000448995 -0.000108301 0.0004493 0.999999 0.0014277 0.00010696 -0.0014278 0.999999 0.0275712 -0.0694959 -0.0177941
FixedParameters: 0 0 0

#Transform 51
Transform: AffineTransform_float_3_3
Parameters: 0.999999 -0.000203772 -0.00131139 0.000206198 0.999998 0.00168752 0.00131074 -0.00168802 0.999997 0.0686379 -0.0724458 0.115791
FixedParameters: 0 0 0

#Transform 52
Transform: AffineTransform_float_3_3
Parameters: 1 2.77223e-05 0.000472198 -2.82069e-05 1 0.000513117 -0.000472169 -0.000513143 1 0.00773703 0.0402745 -0.0964526
FixedParameters: 0 0 0

#Transform 53
Transform: AffineTransform_float_3_3
Parameters: 1 0.000377925 0.000142116 -0.0003777 0.999999 -0.000787355 -0.000142711 0.000787248 0.999999 0.0162049 0.063515 -0.139269
FixedParameters: 0 0 0

#Transform 54
Transform: AffineTransform_float_3_3
Parameters: 0.999999 0.000559583 0.000448737 -0.000559611 1 -0.00102658 -0.000448895 0.00102605 1 0.000677896 0.106162 -0.123915
FixedParameters: 0 0 0

#Transform 55
Transform: AffineTransform_float_3_3
Parameters: 1 0.00033725 0.000328688 -0.000337035 1 -0.000326718 -0.000328909 0.000326497 1 0.0315756 0.086625 -0.142671
FixedParameters: 0 0 0

#Transform 56
Transform: AffineTransform_float_3_3
Parameters: 1 3.16883e-05 -0.000264063 -3.2175e-05 0.999999 -0.00092175 0.000264004 0.000921766 0.999999 0.0274195 0.0109827 0.00240679
FixedParameters: 0 0 0

#Transform 57
Transform: AffineTransform_float_3_3
Parameters: 1 -7.04339e-05 0.000270088 7.0626e-05 1 -0.000355631 -0.000270038 0.00035567 1 0.0213696 0.0562415 -0.0260488
FixedParameters: 0 0 0

#Transform 58
Transform: AffineTransform_float_3_3
Parameters: 1 -6.76558e-05 0.000377099 6.69997e-05 1 -0.000453612 -0.000376986 0.000453633 1 0.0152604 0.055529 -0.0762884
FixedParameters: 0 0 0

#Transform 59
Transform: AffineTransform_float_3_3
Parameters: 1 0.000104364 0.00065445 -0.000104677 1 0.000238959 -0.0006544 -0.000239096 1 -0.0087557 0.0417589 -0.137104
FixedParameters: 0 0 0

#Transform 60
Transform: AffineTransform_float_3_3
Parameters: 1 -6.96266e-05 0.000559468 6.9579e-05 0.999999 -0.000852371 -0.000559356 0.000852524 1 -0.00294508 0.0855556 -0.0690799
FixedParameters: 0 0 0

#Transform 61
Transform: AffineTransform_float_3_3
Parameters: 1 -6.51084e-05 0.000645349 6.52098e-05 0.999999 -0.000854367 -0.000645245 0.000854526 1 -0.00482191 0.0802032 -0.0602407
FixedParameters: 0 0 0

#Transform 62
Transform: AffineTransform_float_3_3
Parameters: 1 0.00034932 0.000304841 -0.000349792 0.999999 -0.000862368 -0.000305392 0.000862125 0.999999 -0.0113985 0.0806834 -0.0411386
FixedParameters: 0 0 0

#Transform 63
Transform: AffineTransform_float_3_3
Parameters: 0.999999 9.83012e-05 0.000718836 -9.92249e-05 1 -5.19157e-05 -0.000718793 5.17443e-05 0.999999 0.00218652 0.0965783 -0.0367428
FixedParameters: 0 0 0

#Transform 64
Transform: AffineTransform_float_3_3
Parameters: 1 -2.32294e-05 0.000423817 2.31385e-05 1 -0.00107413 -0.000423774 0.00107412 1 0.00919282 0.116242 -0.0466605
FixedParameters: 0 0 0

#Transform 65
Transform: AffineTransform_float_3_3
Parameters: 1 0.000371264 -0.000110135 -0.000371567 0.999999 -0.00136772 0.000109059 0.0013678 0.999999 0.0137281 0.0924776 -0.0537416
FixedParameters: 0 0 0

#Transform 66
Transform: AffineTransform_float_3_3
Parameters: 1 4.02108e-05 0.000520564 -3.99919e-05 1 -0.00117193 -0.000520665 0.00117186 0.999999 0.012919 0.113719 -0.0359891
FixedParameters: 0 0 0

#Transform 67
Transform: AffineTransform_float_3_3
Parameters: 1 3.38526e-05 -9.19796e-05 -3.40994e-05 0.999999 -0.00132573 9.18302e-05 0.00132573 0.999999 0.0184278 0.0995415 -0.0576317
FixedParameters: 0 0 0

#Transform 68
Transform: AffineTransform_float_3_3
Parameters: 1 7.66058e-05 0.000536635 -7.62556e-05 0.999999 -0.00125904 -0.000536834 0.00125893 0.999999 0.00625511 0.0975694 -0.0691368
FixedParameters: 0 0 0

#Transform 69
Transform: AffineTransform_float_3_3
Parameters: 1 0.000158963 0.000585283 -0.000158433 0.999999 -0.00130747 -0.000585705 0.00130725 0.999999 0.00449977 0.113349 -0.0817665
FixedParameters: 0 0 0

#Transform 70
Transform: AffineTransform_float_3_3
Parameters: 0.999999 9.78992e-05 0.000792882 -9.74825e-05 0.999999 -0.000894092 -0.000793064 0.000894013 1 0.00145715 0.092684 -0.076285
FixedParameters: 0 0 0

#Transform 71
Transform: AffineTransform_float_3_3
Parameters: 1 0.000362391 0.000227722 -0.000361579 0.999999 -0.00167422 -0.000227996 0.00167396 0.999998 0.0179323 0.122069 -0.072189
FixedParameters: 0 0 0

#Transform 72
Transform: AffineTransform_float_3_3
Parameters: 1 0.000137494 0.000472298 -0.000137475 1 -0.00107989 -0.000472602 0.00107973 1 0.00745017 0.0985796 -0.0938123
FixedParameters: 0 0 0

#Transform 73
Transform: AffineTransform_float_3_3
Parameters: 1 -0.000125475 0.000371286 0.000126681 0.999998 -0.00162936 -0.000370934 0.00162945 0.999998 0.00996214 0.0988406 -0.0616181
FixedParameters: 0 0 0

#Transform 74
Transform: AffineTransform_float_3_3
Parameters: 0.999953 0.00765634 -0.00580235 -0.0076633 0.99997 -0.00116239 0.00579368 0.00120687 0.999983 -0.178723 0.113988 -0.206464
FixedParameters: 0 0 0

#Transform 75
Transform: AffineTransform_float_3_3
Parameters: 0.999987 0.0041277 -0.00306233 -0.00413939 0.999984 -0.0037431 0.00304691 0.00375525 0.999989 -0.051071 0.190981 -0.445654
FixedParameters: 0 0 0

#Transform 76
Transform: AffineTransform_float_3_3
Parameters: 0.999992 0.00319768 -0.00251062 -0.00319536 0.999995 0.000634689 0.002513 -0.000626932 0.999997 -0.075129 0.058813 -0.230066
FixedParameters: 0 0 0

#Transform 77
Transform: AffineTransform_float_3_3
Parameters: 0.999996 0.00225009 -0.00122308 -0.00225161 0.999996 -0.00156148 0.00121998 0.00156386 0.999998 -0.0655643 0.113376 -0.237821
FixedParameters: 0 0 0

#Transform 78
Transform: AffineTransform_float_3_3
Parameters: 0.999998 0.00155134 -0.000407209 -0.00155245 0.999997 -0.00154163 0.000404415 0.0015418 0.999999 -0.0529065 0.107731 -0.181738
FixedParameters: 0 0 0

#Transform 79
Transform: AffineTransform_float_3_3
Parameters: 0.999998 0.00194115 -0.000744609 -0.00194288 0.999996 -0.00199512 0.00074079 0.00199684 0.999998 -0.0524135 0.165428 -0.178607
FixedParameters: 0 0 0

#Transform 80
Transform: AffineTransform_float_3_3
Parameters: 0.999998 0.00206203 -0.000997153 -0.00206339 0.999996 -0.00181938 0.000993582 0.00182136 0.999998 -0.0589124 0.0909168 -0.172705
FixedParameters: 0 0 0

#Transform 81
Transform: AffineTransform_float_3_3
Parameters: 0.999998 0.0020145 -0.00028104 -0.002015 0.999998 -0.00108806 0.000278707 0.00108898 1 -0.0628358 0.100391 -0.144197
FixedParameters: 0 0 0

#Transform 82
Transform: AffineTransform_float_3_3
Parameters: 0.999998 0.00179794 -0.000497967 -0.00179896 0.999996 -0.00227316 0.000493723 0.00227378 0.999997 -0.0291344 0.135897 -0.110233
FixedParameters: 0 0 0

#Transform 83
Transform: AffineTransform_float_3_3
Parameters: 0.999997 0.00200917 -0.000601929 -0.00201075 0.999995 -0.00238932 0.000597193 0.00239057 0.999997 -0.027186 0.139013 -0.0976536
FixedParameters: 0 0 0

#Transform 84
Transform: AffineTransform_float_3_3
Parameters: 0.999997 0.00192678 -0.00128058 -0.00192992 0.999993 -0.00294484 0.00127486 0.00294681 0.999995 -0.00820422 0.180518 -0.113259
FixedParameters: 0 0 0

#Transform 85
Transform: AffineTransform_float_3_3
Parameters: 0.99999 0.00335924 -0.00291697 -0.0033705 0.999986 -0.00399197 0.00290338 0.00400167 0.999987 -0.0258318 0.196754 -0.183974
FixedParameters: 0 0 0

#Transform 86
Transform: AffineTransform_float_3_3
Parameters: 0.999988 0.00314073 -0.00368255 -0.00315116 0.99999 -0.00302432 0.00367298 0.00303589 0.999988 -0.0308775 0.176347 -0.157047
FixedParameters: 0 0 0

#Transform 87
Transform: AffineTransform_float_3_3
Parameters: 0.99999 0.00308086 -0.00325881 -0.00308831 0.999992 -0.0024812 0.00325113 0.0024906 0.999992 -0.0403908 0.179893 -0.136492
FixedParameters: 0 0 0

#Transform 88
Transform: AffineTransform_float_3_3
Parameters: 0.999988 0.0033114 -0.00360326 -0.00332014 0.999991 -0.0025717 0.00359483 0.00258393 0.99999 -0.0357383 0.191592 -0.140652
FixedParameters: 0 0 0

#Transform 89
Transform: AffineTransform_float_3_3
Parameters: 0.99999 0.00316154 -0.00327442 -0.00317298 0.999989 -0.00341677 0.00326422 0.00342678 0.999989 -0.0316167 0.185369 -0.185956
FixedParameters: 0 0 0

#Transform 90
Transform: AffineTransform_float_3_3
Parameters: 0.999992 0.0027556 -0.00297629 -0.00276515 0.999991 -0.00307031 0.00296792 0.00307793 0.99999 -0.019942 0.182375 -0.113526
FixedParameters: 0 0 0

#Transform 91
Transform: AffineTransform_float_3_3
Parameters: 0.99999 0.00306408 -0.00299324 -0.00307335 0.999991 -0.00301352 0.00298431 0.00302298 0.999991 -0.0269153 0.18029 -0.12972
FixedParameters: 0 0 0

#Transform 92
Transform: AffineTransform_float_3_3
Parameters: 0.999991 0.00309648 -0.00305748 -0.00310655 0.999989 -0.00341639 0.00304668 0.0034266 0.99999 -0.0227427 0.186952 -0.157224
FixedParameters: 0 0 0

#Transform 93
Transform: AffineTransform_float_3_3
Parameters: 0.99999 0.00311937 -0.0031163 -0.00312983 0.99999 -0.0032599 0.00310643 0.0032695 0.99999 -0.0188368 0.176825 -0.157188
FixedParameters: 0 0 0

#Transform 94
Transform: AffineTransform_float_3_3
Parameters: 0.999991 0.00303042 -0.00289553 -0.0030404 0.99999 -0.00341494 0.00288525 0.00342463 0.99999 -0.0250761 0.190867 -0.152351
FixedParameters: 0 0 0

#Transform 95
Transform: AffineTransform_float_3_3
Parameters: 0.999992 0.0031162 -0.00245931 -0.00312289 0.999992 -0.00271667 0.0024511 0.00272492 0.999993 -0.0358075 0.190144 -0.100786
FixedParameters: 0 0 0

#Transform 96
Transform: AffineTransform_float_3_3
Parameters: 0.999993 0.00278416 -0.00250695 -0.00279148 0.999992 -0.00299167 0.00249885 0.00299869 0.999992 -0.0298507 0.11039 -0.117424
FixedParameters: 0 0 0

#Transform 97
Transform: AffineTransform_float_3_3
Parameters: 0.999993 0.00277869 -0.00264563 -0.00278651 0.999992 -0.00292332 0.002637 0.00293009 0.999992 -0.00506096 0.15104 -0.137533
FixedParameters: 0 0 0

#Transform 98
Transform: AffineTransform_float_3_3
Parameters: 0.999993 0.00276025 -0.00274499 -0.00276975 0.999991 -0.00332383 0.00273607 0.0033312 0.999991 -0.00139944 0.166723 -0.190057
FixedParameters: 0 0 0

#Transform 99
Transform: AffineTransform_float_3_3
Parameters: 0.999993 0.00291088 -0.00234403 -0.00292138 0.999986 -0.00436093 0.00233175 0.00436771 0.999988 -0.0225826 0.170526 -0.162397
FixedParameters: 0 0 0

#Transform 100
Transform: AffineTransform_float_3_3
Parameters: 0.999992 0.0027768 -0.00278001 -0.00278897 0.999987 -0.00433272 0.00276801 0.00434036 0.999986 -0.00771785 0.176598 -0.149202
FixedParameters: 0 0 0

#Transform 101
Transform: AffineTransform_float_3_3
Parameters: 0.999992 0.00278669 -0.0027804 -0.00279854 0.999986 -0.0042739 0.00276864 0.0042817 0.999987 -0.00347862 0.192538 -0.132305
FixedParameters: 0 0 0

#Transform 102
Transform: AffineTransform_float_3_3
Parameters: 0.999992 0.00274154 -0.00277655 -0.0027521 0.999989 -0.00384856 0.00276569 0.00385595 0.999988 -0.00304605 0.208064 -0.118913
FixedParameters: 0 0 0

#Transform 103
Transform: AffineTransform_float_3_3
Parameters: 0.999992 0.00279998 -0.00278 -0.00281083 0.999989 -0.00389409 0.00276838 0.00390193 0.999989 -0.00485259 0.199956 -0.090131
FixedParameters: 0 0 0

#Transform 104
Transform: AffineTransform_float_3_3
Parameters: 0.999991 0.0025419 -0.00357261 -0.00255259 0.999992 -0.00313788 0.00356493 0.00314668 0.999989 -0.00270208 0.179954 -0.0650384
FixedParameters: 0 0 0

#Transform 105
Transform: AffineTransform_float_3_3
Parameters: 0.999991 0.00274809 -0.00318471 -0.00275998 0.99999 -0.00355803 0.0031744 0.00356692 0.999989 0.00369596 0.191628 -0.0870404
FixedParameters: 0 0 0

#Transform 106
Transform: AffineTransform_float_3_3
Parameters: 0.999994 0.00236411 -0.00273494 -0.00237361 0.999992 -0.00332116 0.00272762 0.0033274 0.999991 0.0187229 0.162836 -0.0651637
FixedParameters: 0 0 0

#Transform 107
Transform: AffineTransform_float_3_3
Parameters: 0.999997 0.00158774 -0.00210112 -0.00159779 0.999986 -0.00515811 0.00209342 0.00516117 0.999984 -0.00491795 0.209957 -0.138935
FixedParameters: 0 0 0

#Transform 108
Transform: AffineTransform_float_3_3
Parameters: 0.999994 0.00249034 -0.00226805 -0.00250032 0.999987 -0.00436054 0.00225746 0.00436596 0.999987 -0.00645537 0.22286 -0.0827891
FixedParameters: 0 0 0

#Transform 109
Transform: AffineTransform_float_3_3
Parameters: 0.999994 0.00252422 -0.00196368 -0.00253242 0.999989 -0.00405664 0.00195345 0.0040616 0.99999 -0.0180252 0.207302 -0.10337
FixedParameters: 0 0 0

#Transform 110
Transform: AffineTransform_float_3_3
Parameters: 0.999998 0.00183448 -0.00088104 -0.00183338 0.999998 0.000634219 0.000882423 -0.000632087 1 0.0441142 0.161055 -0.718092
FixedParameters: 0 0 0

#Transform 111
Transform: AffineTransform_float_3_3
Parameters: 0.999995 0.00144307 0.00289688 -0.00147209 0.99995 0.00989511 -0.00288241 -0.00989931 0.999947 0.149216 0.240741 -1.53527
FixedParameters: 0 0 0

#Transform 112
Transform: AffineTransform_float_3_3
Parameters: 0.999998 0.00206738 -0.000733471 -0.00206263 0.999977 0.00634694 0.000746803 -0.00634514 0.99998 0.0693592 -0.0597575 -0.222833
FixedParameters: 0 0 0

#Transform 113
Transform: AffineTransform_float_3_3
Parameters: 0.999997 0.00164079 -0.00130882 -0.00164378 0.999995 -0.00238851 0.00130474 0.00239081 0.999996 0.0853544 0.146522 -0.326099
FixedParameters: 0 0 0

#Transform 114
Transform: AffineTransform_float_3_3
Parameters: 0.999997 0.00206281 -0.00065719 -0.00206436 0.999994 -0.00296713 0.000650698 0.0029686 0.999995 0.0461066 0.180372 -0.331561
FixedParameters: 0 0 0

#Transform 115
Transform: AffineTransform_float_3_3
Parameters: 0.99999 0.0029232 -0.00333425 -0.0029331 0.999991 -0.00309722 0.00332452 0.0031071 0.99999 0.10207 0.242455 -0.80287
FixedParameters: 0 0 0

#Transform 116
Transform: AffineTransform_float_3_3
Parameters: 0.999987 0.00249161 -0.00451458 -0.00251162 0.999988 -0.00431204 0.00450374 0.00432376 0.99998 0.149468 0.232452 -0.810774
FixedParameters: 0 0 0

#Transform 117
Transform: AffineTransform_float_3_3
Parameters: 0.999991 0.00333638 -0.00266348 -0.00335359 0.999973 -0.00651893 0.00264108 0.00652795 0.999976 0.0622538 0.219791 -0.760938
FixedParameters: 0 0 0

#Transform 118
Transform: AffineTransform_float_3_3
Parameters: 0.999993 0.00208857 -0.00292054 -0.00208901 0.999998 -0.000103203 0.0029202 0.000109543 0.999996 0.125139 0.0319297 -0.378687
FixedParameters: 0 0 0

#Transform 119
Transform: AffineTransform_float_3_3
Parameters: 0.999999 0.000695287 -0.000560659 -0.000695543 0.999999 0.000709241 0.000560701 -0.000708494 0.999999 0.0850612 0.0166354 -0.273348
FixedParameters: 0 0 0
