# transform file /out/sourcedata/freesurfer/sub-v2s15x29759_ses-1/mri/transforms/cc_up.lta
# created by oesteban on Wed Mar 11 11:38:43 2026

type      = 0 # LINEAR_VOX_TO_VOX
nxforms   = 1
mean      = 127.0000 143.0000 119.0000
sigma     = 10000.0000
1 4 4
9.981014728546143e-01 -3.543813154101372e-02 -5.037411674857140e-02 1.088738250732422e+01 
3.539308160543442e-02 9.993718266487122e-01 -1.786286593414843e-03 8.052944540977478e-01 
5.040578171610832e-02 1.164153218269348e-10 9.987288117408752e-01 1.678234672546387e+01 
0.000000000000000e+00 0.000000000000000e+00 0.000000000000000e+00 1.000000000000000e+00 
src volume info
valid = 1  # volume info valid
filename = /out/sourcedata/freesurfer/sub-v2s15x29759_ses-1/mri/norm.mgz
volume = 256 256 256
voxelsize = 1.000000000000000e+00 1.000000000000000e+00 1.000000000000000e+00
xras   = -1.000000000000000e+00 0.000000000000000e+00 1.862645149230957e-09
yras   = 0.000000000000000e+00 0.000000000000000e+00 -1.000000000000000e+00
zras   = 0.000000000000000e+00 1.000000000000000e+00 0.000000000000000e+00
cras   = 6.666908264160156e+00 7.653305053710938e+00 -1.979248046875000e+00
dst volume info
valid = 1  # volume info valid
filename = /out/sourcedata/freesurfer/sub-v2s15x29759_ses-1/mri/norm.mgz
volume = 256 256 256
voxelsize = 1.000000000000000e+00 1.000000000000000e+00 1.000000000000000e+00
xras   = -1.000000000000000e+00 0.000000000000000e+00 1.862645149230957e-09
yras   = 0.000000000000000e+00 0.000000000000000e+00 -1.000000000000000e+00
zras   = 0.000000000000000e+00 1.000000000000000e+00 0.000000000000000e+00
cras   = 6.666908264160156e+00 7.653305053710938e+00 -1.979248046875000e+00
