#Insight Transform File V1.0
#Transform 0
Transform: AffineTransform_float_3_3
Parameters: 0.999988 0.00230154 -0.00413775 -0.00233614 0.999962 -0.0084369 0.00411827 0.00844596 0.999956 -0.0292029 -0.0676603 -0.482984
FixedParameters: 0 0 0

#Transform 1
Transform: AffineTransform_float_3_3
Parameters: 0.999991 0.00136319 -0.00394151 -0.00139501 0.999966 -0.00813657 0.003931 0.00814221 0.999959 -0.0106238 -0.0860524 -0.516102
FixedParameters: 0 0 0

#Transform 2
Transform: AffineTransform_float_3_3
Parameters: 0.999993 0.00117639 -0.00355891 -0.00120886 0.999958 -0.00917432 0.00354789 0.00917868 0.999951 0.00732972 -0.0666427 -0.507259
FixedParameters: 0 0 0

#Transform 3
Transform: AffineTransform_float_3_3
Parameters: 0.999998 -0.000305351 -0.00190486 0.000281461 0.999921 -0.0126065 0.00190843 0.0126057 0.999919 -0.0103751 -0.119082 -0.839264
FixedParameters: 0 0 0

#Transform 4
Transform: AffineTransform_float_3_3
Parameters: 0.999998 -5.2211e-05 -0.00209138 2.70402e-05 0.99993 -0.0118335 0.00209184 0.0118329 0.999927 -0.0272196 -0.0829897 -0.677126
FixedParameters: 0 0 0

#Transform 5
Transform: AffineTransform_float_3_3
Parameters: 0.999995 0.00080792 -0.00293195 -0.000841308 0.999937 -0.0111275 0.00292212 0.0111304 0.999934 -0.045624 -0.0224594 -0.669305
FixedParameters: 0 0 0

#Transform 6
Transform: AffineTransform_float_3_3
Parameters: 0.999997 0.00127242 -0.0020715 -0.00129169 0.999954 -0.00952379 0.00205892 0.00952586 0.999952 -0.0438252 -0.0434803 -0.591112
FixedParameters: 0 0 0

#Transform 7
Transform: AffineTransform_float_3_3
Parameters: 0.999999 0.000550268 -0.00152301 -0.000564908 0.999957 -0.00927859 0.00151839 0.00927926 0.999955 -0.0164133 -0.00220254 -0.600846
FixedParameters: 0 0 0

#Transform 8
Transform: AffineTransform_float_3_3
Parameters: 0.999999 0.000549725 -0.00148054 -0.000559362 0.999976 -0.00696063 0.00147688 0.00696141 0.999975 -0.0167651 0.0540598 -0.611537
FixedParameters: 0 0 0

#Transform 9
Transform: AffineTransform_float_3_3
Parameters: 0.999998 0.000782359 -0.00178281 -0.000793822 0.999977 -0.00672632 0.00177744 0.00672703 0.999975 -0.0132959 0.0232963 -0.552076
FixedParameters: 0 0 0

#Transform 10
Transform: AffineTransform_float_3_3
Parameters: 0.999998 0.000879228 -0.00196784 -0.000892836 0.999977 -0.00674109 0.00196203 0.00674232 0.999976 -0.00983129 0.00263385 -0.518211
FixedParameters: 0 0 0

#Transform 11
Transform: AffineTransform_float_3_3
Parameters: 0.999997 0.00136212 -0.00202557 -0.00137505 0.999977 -0.00656831 0.00201597 0.00657113 0.999976 -0.0130037 -0.00346768 -0.449636
FixedParameters: 0 0 0

#Transform 12
Transform: AffineTransform_float_3_3
Parameters: 0.999998 0.00131276 -0.00129111 -0.00132352 0.999967 -0.00801538 0.00128031 0.00801686 0.999967 -0.000573333 -0.0203273 -0.305915
FixedParameters: 0 0 0

#Transform 13
Transform: AffineTransform_float_3_3
Parameters: 0.999998 0.00110502 -0.00121085 -0.00111291 0.999979 -0.00642436 0.00120363 0.00642615 0.999979 0.00354622 0.000849972 -0.113346
FixedParameters: 0 0 0

#Transform 14
Transform: AffineTransform_float_3_3
Parameters: 0.999999 0.00127238 -0.00111779 -0.00127952 0.999975 -0.00689094 0.00110868 0.00689218 0.999976 0.016686 0.0314967 -0.219927
FixedParameters: 0 0 0

#Transform 15
Transform: AffineTransform_float_3_3
Parameters: 0.999999 0.00110114 -0.00105371 -0.0011081 0.999978 -0.00649152 0.00104671 0.00649286 0.999978 0.00811093 0.00972599 -0.163699
FixedParameters: 0 0 0

#Transform 16
Transform: AffineTransform_float_3_3
Parameters: 0.999999 0.00117001 -0.00113682 -0.00117787 0.999974 -0.00706158 0.00112852 0.00706264 0.999975 0.0120474 0.00844472 -0.202131
FixedParameters: 0 0 0

#Transform 17
Transform: AffineTransform_float_3_3
Parameters: 1 0.000794472 0.000403796 -0.000793138 0.999998 -0.00214972 -0.000405233 0.00214852 0.999998 0.0882234 0.0398071 -0.203508
FixedParameters: 0 0 0

#Transform 18
Transform: AffineTransform_float_3_3
Parameters: 0.999993 0.00199341 0.00326897 -0.00203637 0.999909 0.0133026 -0.0032425 -0.0133092 0.999906 -0.0991583 -0.103531 0.135248
FixedParameters: 0 0 0

#Transform 19
Transform: AffineTransform_float_3_3
Parameters: 1 -0.000350467 -0.000511069 0.000350905 0.999999 0.00141734 0.000510188 -0.00141779 0.999999 0.0200235 0.0309248 0.114971
FixedParameters: 0 0 0

#Transform 20
Transform: AffineTransform_float_3_3
Parameters: 1 -2.93408e-05 0.000625784 2.98808e-05 1 -0.0004315 -0.000625759 0.000431537 0.999999 -0.00396555 0.010353 0.0570802
FixedParameters: 0 0 0

#Transform 21
Transform: AffineTransform_float_3_3
Parameters: 1 -0.000201746 0.000314964 0.000202368 1 -0.00108896 -0.000314718 0.00108908 1 -0.00923456 0.0399872 0.0362739
FixedParameters: 0 0 0

#Transform 22
Transform: AffineTransform_float_3_3
Parameters: 0.999999 0.000522493 -0.000400151 -0.000522336 1 -0.000181504 0.000400892 0.000181983 1 0.0276771 0.0579136 0.0551191
FixedParameters: 0 0 0

#Transform 23
Transform: AffineTransform_float_3_3
Parameters: 1 0.000358768 0.000213793 -0.000359566 1 0.00101194 -0.000214191 -0.00101216 1 5.10496e-05 0.0739977 0.118724
FixedParameters: 0 0 0

#Transform 24
Transform: AffineTransform_float_3_3
Parameters: 1 -0.000138578 0.000614279 0.000141182 0.999988 -0.00475304 -0.000613235 0.00475296 0.999988 -0.0875228 0.117077 -0.597083
FixedParameters: 0 0 0

#Transform 25
Transform: AffineTransform_float_3_3
Parameters: 1 3.62728e-05 -0.000399961 -3.78527e-05 0.999994 -0.00343944 0.000400094 0.00343964 0.999994 -0.0561364 0.0517909 -0.404619
FixedParameters: 0 0 0

#Transform 26
Transform: AffineTransform_float_3_3
Parameters: 1 0.000267394 -0.000989553 -0.000271819 0.999989 -0.00452508 0.000987825 0.00452533 0.999989 -0.0229232 0.0383206 -0.443422
FixedParameters: 0 0 0

#Transform 27
Transform: AffineTransform_float_3_3
Parameters: 0.999998 0.000397138 -0.00214988 -0.000407171 0.999989 -0.00474395 0.00214797 0.00474438 0.999986 -0.0631594 0.0950943 -0.338248
FixedParameters: 0 0 0

#Transform 28
Transform: AffineTransform_float_3_3
Parameters: 0.999998 0.000898333 -0.00218842 -0.000907959 0.999989 -0.0045188 0.00218472 0.00452149 0.999987 -0.061824 0.072479 -0.270739
FixedParameters: 0 0 0

#Transform 29
Transform: AffineTransform_float_3_3
Parameters: 0.999999 0.00049538 -0.00134033 -0.000496032 1 -0.000745126 0.00134018 0.000745794 0.999999 -0.0688176 0.0818432 -0.219428
FixedParameters: 0 0 0

#Transform 30
Transform: AffineTransform_float_3_3
Parameters: 0.999998 0.00108114 -0.00129497 -0.00107965 0.999999 0.00102079 0.00129652 -0.00101952 0.999999 -0.0421898 0.0847483 -0.186677
FixedParameters: 0 0 0

#Transform 31
Transform: AffineTransform_float_3_3
Parameters: 0.999999 0.00107159 -0.00117689 -0.00107042 0.999999 0.000584358 0.00117718 -0.000582702 0.999999 -0.0565811 0.0520295 -0.173713
FixedParameters: 0 0 0

#Transform 32
Transform: AffineTransform_float_3_3
Parameters: 0.999999 0.00130328 -0.00134613 -0.00130298 0.999999 0.000142167 0.00134592 -0.000140099 0.999998 -0.0504385 0.0679475 -0.171045
FixedParameters: 0 0 0

#Transform 33
Transform: AffineTransform_float_3_3
Parameters: 0.999998 0.00119932 -0.0012014 -0.001198 0.999999 0.000636552 0.00120196 -0.000634536 0.999999 -0.0360737 0.0708804 -0.119532
FixedParameters: 0 0 0

#Transform 34
Transform: AffineTransform_float_3_3
Parameters: 0.999998 0.00118659 -0.00119785 -0.0011872 0.999999 0.000200165 0.00119786 -0.000198851 0.999999 -0.0298194 0.0636596 -0.180668
FixedParameters: 0 0 0

#Transform 35
Transform: AffineTransform_float_3_3
Parameters: 0.999999 0.00114094 -0.00146316 -0.00114027 0.999999 0.000568842 0.00146396 -0.00056725 0.999999 0.00140527 0.0664043 -0.189758
FixedParameters: 0 0 0

#Transform 36
Transform: AffineTransform_float_3_3
Parameters: 0.999998 0.00108504 -0.00145211 -0.00108415 0.999999 0.000807716 0.00145228 -0.000805574 0.999998 0.0191588 0.0485462 -0.135924
FixedParameters: 0 0 0

#Transform 37
Transform: AffineTransform_float_3_3
Parameters: 0.999998 0.0011265 -0.00125462 -0.00112525 0.999999 0.000582668 0.00125496 -0.000580707 0.999999 0.0347457 0.0666279 -0.139063
FixedParameters: 0 0 0

#Transform 38
Transform: AffineTransform_float_3_3
Parameters: 0.999999 0.000958734 -0.000649279 -0.000956882 0.999996 0.0028088 0.000652327 -0.00280837 0.999996 0.00248252 0.0597005 -0.0978855
FixedParameters: 0 0 0

#Transform 39
Transform: AffineTransform_float_3_3
Parameters: 1 0.000886283 -0.000736106 -0.000883984 0.999998 0.00174101 0.000738031 -0.00174058 0.999999 0.0167165 0.0753882 -0.0826476
FixedParameters: 0 0 0

#Transform 40
Transform: AffineTransform_float_3_3
Parameters: 1 0.000750392 -0.00104974 -0.000748951 0.999999 0.00142532 0.00105032 -0.00142453 0.999998 0.0241456 0.0780084 -0.0836666
FixedParameters: 0 0 0

#Transform 41
Transform: AffineTransform_float_3_3
Parameters: 0.999999 0.000959032 -0.00111759 -0.000957965 0.999998 0.00112785 0.00111816 -0.00112672 0.999999 0.0269909 0.0659477 -0.0828711
FixedParameters: 0 0 0

#Transform 42
Transform: AffineTransform_float_3_3
Parameters: 1 0.000544253 -0.00030074 -0.00054332 0.999997 0.00236493 0.000301797 -0.00236468 0.999997 0.0403762 0.0734044 0.223284
FixedParameters: 0 0 0

#Transform 43
Transform: AffineTransform_float_3_3
Parameters: 0.999999 0.000631021 -0.000839122 -0.000630354 0.999999 0.00117939 0.000839791 -0.00117849 0.999999 0.0390846 0.0853926 0.164699
FixedParameters: 0 0 0

#Transform 44
Transform: AffineTransform_float_3_3
Parameters: 0.999997 0.00169467 -0.00139623 -0.00169489 0.999998 0.000254252 0.00139679 -0.000252434 0.999999 0.0159509 0.0976281 0.0688873
FixedParameters: 0 0 0

#Transform 45
Transform: AffineTransform_float_3_3
Parameters: 1 0.00106926 -0.000550267 -0.00106852 0.999999 0.000792598 0.000551193 -0.000792867 0.999999 0.0419951 0.0908251 0.0426462
FixedParameters: 0 0 0

#Transform 46
Transform: AffineTransform_float_3_3
Parameters: 0.999999 0.000928968 -0.000456038 -0.000928386 0.999998 0.00137035 0.000456527 -0.00136963 0.999999 0.0514895 0.0651331 0.0366459
FixedParameters: 0 0 0

#Transform 47
Transform: AffineTransform_float_3_3
Parameters: 1 0.000498127 -7.80685e-05 -0.000497977 0.999999 0.00175515 7.94279e-05 -0.00175508 0.999999 0.0481606 0.112308 -0.0215124
FixedParameters: 0 0 0

#Transform 48
Transform: AffineTransform_float_3_3
Parameters: 1 0.000564594 2.62472e-05 -0.000564937 0.999999 0.000770668 -2.63076e-05 -0.000770758 0.999999 0.0529734 0.0746767 -0.00050523
FixedParameters: 0 0 0

#Transform 49
Transform: AffineTransform_float_3_3
Parameters: 1 0.000733152 3.22098e-05 -0.00073276 0.999998 0.00198686 -3.09244e-05 -0.0019869 0.999998 0.0418812 0.0908047 0.0442615
FixedParameters: 0 0 0

#Transform 50
Transform: AffineTransform_float_3_3
Parameters: 0.999999 0.000763802 -0.000634404 -0.000763127 1 0.000693159 0.0006345 -0.000693643 0.999999 0.044052 0.0944501 0.0573337
FixedParameters: 0 0 0

#Transform 51
Transform: AffineTransform_float_3_3
Parameters: 0.999999 0.000550138 -0.000634046 -0.000549577 0.999998 0.0014762 0.000634851 -0.00147565 0.999998 0.0463464 0.105531 0.0451026
FixedParameters: 0 0 0

#Transform 52
Transform: AffineTransform_float_3_3
Parameters: 0.999999 0.000516548 -0.000801811 -0.000515252 0.999999 0.00166525 0.000802516 -0.00166458 0.999999 0.0657888 0.083964 0.0534898
FixedParameters: 0 0 0

#Transform 53
Transform: AffineTransform_float_3_3
Parameters: 1 0.000349852 -0.000651474 -0.000348655 0.999999 0.00112443 0.000651102 -0.00112484 1 0.0546161 0.0960306 0.0213645
FixedParameters: 0 0 0

#Transform 54
Transform: AffineTransform_float_3_3
Parameters: 0.999999 0.000562106 -0.00052563 -0.000560839 0.999999 0.00126439 0.000526855 -0.00126381 0.999999 0.0612576 0.0881722 0.0517433
FixedParameters: 0 0 0

#Transform 55
Transform: AffineTransform_float_3_3
Parameters: 0.999999 0.000614327 -0.000441536 -0.000615139 0.999997 -0.00246677 0.000439474 0.0024675 0.999997 0.0616283 -0.103742 -0.300883
FixedParameters: 0 0 0

#Transform 56
Transform: AffineTransform_float_3_3
Parameters: 0.999999 -0.00105498 0.000362936 0.00105303 0.999987 0.00501649 -0.000368201 -0.00501589 0.999987 -0.149695 0.232202 0.579607
FixedParameters: 0 0 0

#Transform 57
Transform: AffineTransform_float_3_3
Parameters: 1 -0.000556401 -0.000309233 0.000560454 0.999945 0.0104106 0.000303651 -0.0104104 0.999945 0.0139387 0.0217656 0.420774
FixedParameters: 0 0 0

#Transform 58
Transform: AffineTransform_float_3_3
Parameters: 1 -3.74126e-05 -4.48293e-05 3.71325e-05 0.999971 0.00764777 4.45134e-05 -0.00764767 0.999971 0.00291667 0.0585185 0.366793
FixedParameters: 0 0 0

#Transform 59
Transform: AffineTransform_float_3_3
Parameters: 1 -0.000521094 -0.000520219 0.000524534 0.999975 0.00694107 0.000517473 -0.00694169 0.999976 0.0513144 0.0415476 0.389398
FixedParameters: 0 0 0

#Transform 60
Transform: AffineTransform_float_3_3
Parameters: 1 4.09577e-05 -0.000617567 -3.70962e-05 0.999978 0.00652701 0.000618016 -0.00652724 0.999978 0.0503019 0.0256933 0.354093
FixedParameters: 0 0 0

#Transform 61
Transform: AffineTransform_float_3_3
Parameters: 1 -5.08503e-05 -0.00088944 5.62441e-05 0.999979 0.00647792 0.000889527 -0.00647765 0.999978 0.0618991 0.0579281 0.329733
FixedParameters: 0 0 0

#Transform 62
Transform: AffineTransform_float_3_3
Parameters: 1 -0.000106337 -0.00115945 0.000113848 0.999977 0.00675418 0.00115897 -0.00675425 0.999976 0.0594082 0.0350231 0.425421
FixedParameters: 0 0 0

#Transform 63
Transform: AffineTransform_float_3_3
Parameters: 1 -9.4604e-05 -0.00116954 0.000102603 0.999976 0.00688956 0.00116896 -0.00689042 0.999975 0.0611721 0.0445184 0.447903
FixedParameters: 0 0 0

#Transform 64
Transform: AffineTransform_float_3_3
Parameters: 1 -0.000431361 -0.000969893 0.000437252 0.99998 0.00634758 0.000967523 -0.00634801 0.999979 0.0648187 0.032422 0.361008
FixedParameters: 0 0 0

#Transform 65
Transform: AffineTransform_float_3_3
Parameters: 0.999999 -0.000275442 -0.00120682 0.000281346 0.999985 0.00534983 0.00120517 -0.00534965 0.999985 0.0585813 0.0502138 0.392283
FixedParameters: 0 0 0

#Transform 66
Transform: AffineTransform_float_3_3
Parameters: 0.999999 -0.000258961 -0.00068551 0.000261576 0.999992 0.00397838 0.0006847 -0.00397811 0.999992 0.0228115 0.0563369 0.498519
FixedParameters: 0 0 0

#Transform 67
Transform: AffineTransform_float_3_3
Parameters: 1 0.00011015 -0.00123747 -0.000105 0.999993 0.00378747 0.00123815 -0.00378699 0.999992 0.0429134 0.0790159 0.474111
FixedParameters: 0 0 0

#Transform 68
Transform: AffineTransform_float_3_3
Parameters: 1 0.000154355 -0.00125158 -0.000148912 0.999991 0.00428937 0.00125267 -0.00428888 0.99999 0.039808 0.0594494 0.511633
FixedParameters: 0 0 0

#Transform 69
Transform: AffineTransform_float_3_3
Parameters: 1 -0.000664613 -0.000301263 0.00066575 0.999992 0.00393102 0.000299043 -0.00393058 0.999993 0.0479047 0.0570112 0.504134
FixedParameters: 0 0 0

#Transform 70
Transform: AffineTransform_float_3_3
Parameters: 1 6.50774e-06 -0.00056271 -3.83925e-06 0.999991 0.00428926 0.00056255 -0.00428942 0.99999 0.0346237 0.0713261 0.51389
FixedParameters: 0 0 0

#Transform 71
Transform: AffineTransform_float_3_3
Parameters: 0.999999 0.000203466 -0.000900922 -0.000200326 0.999992 0.00415563 0.00090208 -0.00415566 0.999991 0.0376185 0.0651258 0.491271
FixedParameters: 0 0 0

#Transform 72
Transform: AffineTransform_float_3_3
Parameters: 0.999999 -0.000684068 -0.00171325 0.000688603 0.999995 0.0029666 0.00171118 -0.00296824 0.999994 0.0588993 0.099782 0.388607
FixedParameters: 0 0 0

#Transform 73
Transform: AffineTransform_float_3_3
Parameters: 1 -0.000254384 -0.00104332 0.000258817 0.999988 0.00492083 0.00104217 -0.00492123 0.999988 0.0344325 0.0606914 0.427461
FixedParameters: 0 0 0

#Transform 74
Transform: AffineTransform_float_3_3
Parameters: 1 -4.37883e-07 -0.00116111 5.14155e-06 0.999988 0.00476967 0.00116079 -0.00476965 0.999988 0.0305905 0.0433158 0.439522
FixedParameters: 0 0 0

#Transform 75
Transform: AffineTransform_float_3_3
Parameters: 0.999998 -0.000481829 -0.00148788 0.000487475 0.999992 0.00414532 0.00148615 -0.00414589 0.999991 0.0572498 0.0774903 0.416555
FixedParameters: 0 0 0

#Transform 76
Transform: AffineTransform_float_3_3
Parameters: 0.999999 -0.000456705 -0.00135616 0.000461848 0.999992 0.00399034 0.00135467 -0.00399062 0.999991 0.0507615 0.0646425 0.43031
FixedParameters: 0 0 0

#Transform 77
Transform: AffineTransform_float_3_3
Parameters: 0.999999 0.000121462 -0.00163152 -0.000113252 0.999984 0.00547785 0.00163169 -0.00547859 0.999984 0.0388174 -0.00979334 0.482526
FixedParameters: 0 0 0

#Transform 78
Transform: AffineTransform_float_3_3
Parameters: 0.999998 -0.00152426 -0.0011043 0.00150742 0.999886 -0.0150201 0.00112712 0.0150195 0.999887 -0.010838 0.0775431 -0.154076
FixedParameters: 0 0 0

#Transform 79
Transform: AffineTransform_float_3_3
Parameters: 1 -0.000644947 -0.000793785 0.000638779 0.999971 -0.0076369 0.000799522 0.0076371 0.999971 0.00630394 0.0739213 0.128453
FixedParameters: 0 0 0

#Transform 80
Transform: AffineTransform_float_3_3
Parameters: 0.999999 -0.00061331 -0.00140921 0.000602613 0.999973 -0.00733621 0.00141319 0.00733526 0.999972 0.0361464 0.0759767 0.137953
FixedParameters: 0 0 0

#Transform 81
Transform: AffineTransform_float_3_3
Parameters: 0.999999 -0.00078655 -0.00131892 0.000776846 0.999972 -0.00743108 0.0013254 0.00742978 0.999972 0.0332815 0.0571226 0.110907
FixedParameters: 0 0 0

#Transform 82
Transform: AffineTransform_float_3_3
Parameters: 0.999999 -0.000484776 -0.00142195 0.000477625 0.999989 -0.00482066 0.00142394 0.0048197 0.999988 0.0389189 0.0758738 0.21605
FixedParameters: 0 0 0

#Transform 83
Transform: AffineTransform_float_3_3
Parameters: 0.999998 -0.000407308 -0.00159457 0.000400764 0.999991 -0.00416917 0.00159587 0.00416831 0.99999 0.0435314 0.0790511 0.116036
FixedParameters: 0 0 0

#Transform 84
Transform: AffineTransform_float_3_3
Parameters: 0.999999 -0.000203016 -0.00133481 0.000198931 0.999995 -0.0030918 0.00133568 0.00309146 0.999995 0.0327151 0.0899257 0.0874102
FixedParameters: 0 0 0

#Transform 85
Transform: AffineTransform_float_3_3
Parameters: 0.999999 -0.000417957 -0.00172242 0.000411453 0.999993 -0.00388475 0.00172395 0.00388376 0.999991 0.0405428 0.0710254 0.129419
FixedParameters: 0 0 0

#Transform 86
Transform: AffineTransform_float_3_3
Parameters: 0.999993 -0.0015809 -0.0032863 0.00156581 0.999989 -0.00449094 0.00329337 0.00448597 0.999985 -0.0107883 0.0655614 0.107858
FixedParameters: 0 0 0

#Transform 87
Transform: AffineTransform_float_3_3
Parameters: 0.999995 -0.000954757 -0.00305037 0.000942438 0.999991 -0.0042272 0.00305414 0.00422397 0.999987 0.0281445 0.0960819 0.279216
FixedParameters: 0 0 0

#Transform 88
Transform: AffineTransform_float_3_3
Parameters: 0.999991 0.00227944 -0.00349685 -0.00227374 0.999996 0.00161469 0.00350047 -0.00160713 0.999992 0.00600094 0.125403 0.371106
FixedParameters: 0 0 0

#Transform 89
Transform: AffineTransform_float_3_3
Parameters: 0.999996 0.000766711 -0.00265169 -0.000765466 0.999999 0.000563785 0.0026523 -0.000561986 0.999997 0.036891 0.0962356 0.311106
FixedParameters: 0 0 0

#Transform 90
Transform: AffineTransform_float_3_3
Parameters: 0.999996 0.000480884 -0.00273037 -0.000481671 1 -0.000208655 0.00273027 0.00021005 0.999996 0.042447 0.105263 0.292948
FixedParameters: 0 0 0

#Transform 91
Transform: AffineTransform_float_3_3
Parameters: 0.999997 0.000469205 -0.00269112 -0.000471063 1 -0.000429433 0.00269078 0.000429926 0.999997 0.0382085 0.107875 0.29468
FixedParameters: 0 0 0

#Transform 92
Transform: AffineTransform_float_3_3
Parameters: 0.999997 0.000651432 -0.00260884 -0.000653405 0.999999 -0.000684585 0.00260867 0.0006869 0.999996 0.0280783 0.105832 0.357783
FixedParameters: 0 0 0

#Transform 93
Transform: AffineTransform_float_3_3
Parameters: 0.999997 0.0006529 -0.00261088 -0.000655271 1 -0.0010187 0.00261086 0.00101978 0.999996 0.0327202 0.120657 0.288413
FixedParameters: 0 0 0

#Transform 94
Transform: AffineTransform_float_3_3
Parameters: 0.999996 0.000428394 -0.00297115 -0.000437423 0.999995 -0.00303068 0.00296908 0.00303268 0.999991 0.0586894 0.0184688 0.221016
FixedParameters: 0 0 0

#Transform 95
Transform: AffineTransform_float_3_3
Parameters: 0.999997 0.000350539 -0.00227952 -0.00035534 0.999997 -0.00232622 0.00227865 0.00232717 0.999995 0.0577458 0.192208 0.198452
FixedParameters: 0 0 0

#Transform 96
Transform: AffineTransform_float_3_3
Parameters: 0.999996 -0.00267314 -0.000941956 0.00265669 0.99985 -0.0170831 0.000987592 0.0170811 0.999854 0.066777 -0.0147724 -0.21035
FixedParameters: 0 0 0

#Transform 97
Transform: AffineTransform_float_3_3
Parameters: 0.999993 -0.00378289 -0.00100468 0.00375716 0.999704 -0.024054 0.00109525 0.0240494 0.999711 0.0917379 0.0751909 -0.202793
FixedParameters: 0 0 0

#Transform 98
Transform: AffineTransform_float_3_3
Parameters: 0.999995 -0.00228813 -0.0019606 0.00225426 0.999852 -0.0170499 0.00199963 0.0170454 0.999853 0.0640629 0.0665927 -0.0430018
FixedParameters: 0 0 0

#Transform 99
Transform: AffineTransform_float_3_3
Parameters: 0.999994 -0.00265406 -0.00223881 0.00261735 0.999867 -0.0161055 0.00228052 0.0161003 0.999868 0.063574 0.0459791 -0.0669976
FixedParameters: 0 0 0

#Transform 100
Transform: AffineTransform_float_3_3
Parameters: 0.999996 -0.00226589 -0.00141165 0.00225088 0.999941 -0.0106259 0.00143605 0.0106226 0.999943 -0.0140327 0.051494 -0.214378
FixedParameters: 0 0 0

#Transform 101
Transform: AffineTransform_float_3_3
Parameters: 0.999996 -0.00190895 -0.00215221 0.00188587 0.99994 -0.0108204 0.00217288 0.0108166 0.999939 0.0391281 0.0420733 -0.159021
FixedParameters: 0 0 0

#Transform 102
Transform: AffineTransform_float_3_3
Parameters: 0.999998 -0.00177785 -0.00145453 0.0017614 0.999941 -0.0106483 0.00147312 0.0106455 0.999942 0.0316412 0.0439893 -0.145495
FixedParameters: 0 0 0

#Transform 103
Transform: AffineTransform_float_3_3
Parameters: 0.999998 -0.00157508 -0.00148691 0.00155932 0.999947 -0.0101853 0.00150288 0.0101831 0.999947 0.0204434 0.0226202 -0.125795
FixedParameters: 0 0 0

#Transform 104
Transform: AffineTransform_float_3_3
Parameters: 0.999998 -0.000804929 -0.00137194 0.000794475 0.99997 -0.00771554 0.00137845 0.00771418 0.99997 0.044562 0.168447 -0.0776592
FixedParameters: 0 0 0

#Transform 105
Transform: AffineTransform_float_3_3
Parameters: 0.999995 0.00161034 0.002783 -0.00164608 0.999916 0.0128045 -0.00276214 -0.0128089 0.999914 -0.032991 0.109523 0.491268
FixedParameters: 0 0 0

#Transform 106
Transform: AffineTransform_float_3_3
Parameters: 0.999998 0.000825758 0.00137683 -0.000836103 0.999968 0.00798248 -0.00137009 -0.00798386 0.999967 -0.0171383 0.0794911 0.305961
FixedParameters: 0 0 0

#Transform 107
Transform: AffineTransform_float_3_3
Parameters: 1 0.000567965 0.000926662 -0.000573171 0.999984 0.00571571 -0.000923264 -0.00571705 0.999984 -0.00467747 0.0849795 0.251972
FixedParameters: 0 0 0

#Transform 108
Transform: AffineTransform_float_3_3
Parameters: 1 0.000725393 0.00098159 -0.000729901 0.999987 0.0049651 -0.000977611 -0.00496545 0.999987 -0.00875636 0.0968247 0.25353
FixedParameters: 0 0 0

#Transform 109
Transform: AffineTransform_float_3_3
Parameters: 1 0.000421167 0.00100457 -0.000424808 0.999991 0.00411651 -0.00100328 -0.00411715 0.999991 -0.0310021 0.100313 0.337263
FixedParameters: 0 0 0

#Transform 110
Transform: AffineTransform_float_3_3
Parameters: 1 0.000533678 7.68615e-05 -0.000534562 0.999995 0.00333781 -7.44625e-05 -0.00333793 0.999995 0.0138797 0.100132 0.710783
FixedParameters: 0 0 0

#Transform 111
Transform: AffineTransform_float_3_3
Parameters: 0.999999 0.000195362 0.000989876 -0.000196066 0.999999 0.00080169 -0.000990064 -0.000801413 0.999999 0.0179563 0.160386 0.445235
FixedParameters: 0 0 0

#Transform 112
Transform: AffineTransform_float_3_3
Parameters: 0.999998 0.00125318 0.0010815 -0.00125737 0.999989 0.00454881 -0.0010753 -0.00455048 0.99999 -0.121249 0.194021 0.55118
FixedParameters: 0 0 0

#Transform 113
Transform: AffineTransform_float_3_3
Parameters: 0.999999 0.000148346 0.000857374 -0.000150944 0.999997 0.00264759 -0.000857043 -0.00264764 0.999996 -0.0128876 0.217258 0.508019
FixedParameters: 0 0 0

#Transform 114
Transform: AffineTransform_float_3_3
Parameters: 0.999999 0.000520227 0.00119084 -0.000526838 0.999987 0.00511472 -0.00118803 -0.00511565 0.999986 -0.0128356 0.129404 0.496036
FixedParameters: 0 0 0

#Transform 115
Transform: AffineTransform_float_3_3
Parameters: 1 0.000736177 0.00101281 -0.000739932 0.999994 0.0033876 -0.00101113 -0.00338827 0.999994 -0.00740315 0.112539 0.441988
FixedParameters: 0 0 0

#Transform 116
Transform: AffineTransform_float_3_3
Parameters: 0.999999 0.000607026 0.000827398 -0.000608971 0.999996 0.00273994 -0.000825766 -0.00274072 0.999996 -0.0105048 0.132505 0.436393
FixedParameters: 0 0 0

#Transform 117
Transform: AffineTransform_float_3_3
Parameters: 0.999999 0.000517137 0.000809071 -0.00051854 0.999998 0.00195909 -0.000808045 -0.00195978 0.999997 -0.00641524 0.136603 0.421408
FixedParameters: 0 0 0

#Transform 118
Transform: AffineTransform_float_3_3
Parameters: 0.999999 0.000512134 0.000758068 -0.000513562 0.999998 0.00206585 -0.000757148 -0.00206589 0.999998 -0.00471123 0.165711 0.454796
FixedParameters: 0 0 0

#Transform 119
Transform: AffineTransform_float_3_3
Parameters: 0.999998 -0.00203846 0.000743811 0.0020355 0.999993 0.00331121 -0.00075117 -0.00330952 0.999994 0.0557292 0.127687 0.586085
FixedParameters: 0 0 0
