#Insight Transform File V1.0
#Transform 0
Transform: AffineTransform_float_3_3
Parameters: 1 0.000963526 0.000587062 -0.000962328 0.999998 -0.00140757 -0.000588433 0.00140643 0.999999 -0.105605 -0.0764233 -0.182987
FixedParameters: 0 0 0

#Transform 1
Transform: AffineTransform_float_3_3
Parameters: 0.999998 0.00137028 0.00085195 -0.00137019 1 0.000473444 -0.000851092 -0.000474557 0.999999 -0.121771 -0.0670006 -0.122225
FixedParameters: 0 0 0

#Transform 2
Transform: AffineTransform_float_3_3
Parameters: 0.999997 0.00119854 0.00208916 -0.00119429 0.999997 -0.00209231 -0.00209196 0.00208969 0.999996 -0.0925049 0.0262724 -0.356881
FixedParameters: 0 0 0

#Transform 3
Transform: AffineTransform_float_3_3
Parameters: 0.999998 0.00112469 0.00122045 -0.00112315 0.999999 -0.000820774 -0.00122095 0.000820225 0.999999 -0.104834 -0.10944 -0.282323
FixedParameters: 0 0 0

#Transform 4
Transform: AffineTransform_float_3_3
Parameters: 0.999998 0.0011351 0.00196678 -0.00113409 0.999998 -0.000943044 -0.00196759 0.000940957 0.999998 -0.103952 -0.0486583 -0.270269
FixedParameters: 0 0 0

#Transform 5
Transform: AffineTransform_float_3_3
Parameters: 0.999997 0.000768501 0.00227038 -0.0007656 0.999999 -0.00132936 -0.00227199 0.00132764 0.999997 -0.0957286 -0.0971524 -0.156608
FixedParameters: 0 0 0

#Transform 6
Transform: AffineTransform_float_3_3
Parameters: 0.999993 0.00125609 0.00346512 -0.00125025 0.999998 -0.00168437 -0.00346759 0.00168062 0.999992 -0.0572509 -0.0567671 0.0389833
FixedParameters: 0 0 0

#Transform 7
Transform: AffineTransform_float_3_3
Parameters: 0.999996 0.00058035 0.00275274 -0.00057149 0.999995 -0.0030732 -0.00275454 0.0030718 0.999991 -0.0298602 -0.0342645 0.0680801
FixedParameters: 0 0 0

#Transform 8
Transform: AffineTransform_float_3_3
Parameters: 0.999997 0.000297344 0.00223856 -0.000291749 0.999996 -0.00255108 -0.00223831 0.00255092 0.999995 -0.0140886 -0.0375418 -0.0742481
FixedParameters: 0 0 0

#Transform 9
Transform: AffineTransform_float_3_3
Parameters: 0.999999 0.000124259 0.000751854 -0.00012331 0.999998 -0.0021167 -0.000752393 0.0021173 0.999998 -0.020131 0.0153687 -0.230978
FixedParameters: 0 0 0

#Transform 10
Transform: AffineTransform_float_3_3
Parameters: 0.999999 0.000614922 0.00133583 -0.000612222 0.999998 -0.00201742 -0.00133698 0.00201658 0.999997 -0.0306924 -0.0786786 0.0113493
FixedParameters: 0 0 0

#Transform 11
Transform: AffineTransform_float_3_3
Parameters: 0.999999 4.60526e-06 -0.00145925 -8.17556e-06 0.999998 -0.0019894 0.00145924 0.0019896 0.999997 -0.0322486 0.0263455 -0.361425
FixedParameters: 0 0 0

#Transform 12
Transform: AffineTransform_float_3_3
Parameters: 1 0.000134134 0.000497841 -0.000135013 1 0.000882934 -0.000497603 -0.000883068 1 0.0285635 0.0972967 0.0777746
FixedParameters: 0 0 0

#Transform 13
Transform: AffineTransform_float_3_3
Parameters: 1 0.000151723 0.000416626 -0.000153345 0.999991 0.00410233 -0.000416258 -0.00410167 0.999992 0.0226576 0.106 -0.0584012
FixedParameters: 0 0 0

#Transform 14
Transform: AffineTransform_float_3_3
Parameters: 1 -0.00014488 -0.000113867 0.00014526 0.999998 0.00167198 0.000113382 -0.00167202 0.999998 0.00889569 0.102756 -0.0176379
FixedParameters: 0 0 0

#Transform 15
Transform: AffineTransform_float_3_3
Parameters: 0.999999 -1.88432e-05 -0.000855231 1.94516e-05 0.999999 0.00088038 0.000855639 -0.00087962 0.999999 -0.0124885 -0.0148806 -0.141433
FixedParameters: 0 0 0

#Transform 16
Transform: AffineTransform_float_3_3
Parameters: 0.999999 -5.40267e-05 -0.00131112 5.35974e-05 1 -0.000505675 0.00131074 0.000506326 0.999999 -0.00782476 0.0640299 0.032467
FixedParameters: 0 0 0

#Transform 17
Transform: AffineTransform_float_3_3
Parameters: 0.999999 0.000535418 -0.00115768 -0.000534788 1 0.000659418 0.00115883 -0.000659581 0.999999 -0.0157452 0.0809582 0.0766917
FixedParameters: 0 0 0

#Transform 18
Transform: AffineTransform_float_3_3
Parameters: 0.999998 0.000764999 -0.00147172 -0.000764475 0.999999 0.000178119 0.00147199 -0.00017788 0.999999 -0.0412402 0.0542703 -0.0627201
FixedParameters: 0 0 0

#Transform 19
Transform: AffineTransform_float_3_3
Parameters: 1 -0.000106374 -0.00104352 0.000104834 1 -0.000737714 0.00104367 0.000738285 0.999999 -0.0248076 0.0488964 -0.159741
FixedParameters: 0 0 0

#Transform 20
Transform: AffineTransform_float_3_3
Parameters: 0.999999 -0.000334827 -0.000658857 0.000333869 1 -0.000726824 0.000659343 0.000727176 1 -0.00143795 -0.025464 -0.0212684
FixedParameters: 0 0 0

#Transform 21
Transform: AffineTransform_float_3_3
Parameters: 1 -8.67696e-05 -0.000517958 8.64132e-05 1 -0.000344045 0.000518018 0.000343955 1 -0.00100378 0.0224953 -0.108014
FixedParameters: 0 0 0

#Transform 22
Transform: AffineTransform_float_3_3
Parameters: 1 -6.24606e-05 -0.000106342 6.23004e-05 0.999999 -0.000753006 0.000106436 0.000752993 0.999999 0.0148364 0.0365539 -0.148593
FixedParameters: 0 0 0

#Transform 23
Transform: AffineTransform_float_3_3
Parameters: 1 -6.61998e-05 -0.00067525 6.65205e-05 1 -0.000427045 0.000674866 0.000426955 0.999999 0.012749 -0.00313445 -0.0961292
FixedParameters: 0 0 0

#Transform 24
Transform: AffineTransform_float_3_3
Parameters: 1 -0.000254103 -0.000440041 0.000254597 1 0.000560888 0.000439756 -0.000561112 0.999999 0.022105 0.0810268 -0.265489
FixedParameters: 0 0 0

#Transform 25
Transform: AffineTransform_float_3_3
Parameters: 0.999995 -0.000661881 0.00312837 0.000663752 1 -0.000368555 -0.00312877 0.000370443 0.999995 0.0366768 0.209699 0.120283
FixedParameters: 0 0 0

#Transform 26
Transform: AffineTransform_float_3_3
Parameters: 0.999984 -0.00120595 0.00541446 0.00120337 0.999999 0.000364633 -0.00541488 -0.000358363 0.999985 0.0436342 0.043412 0.132187
FixedParameters: 0 0 0

#Transform 27
Transform: AffineTransform_float_3_3
Parameters: 0.999995 -0.000973327 0.00308222 0.000974689 1 -0.000365023 -0.00308107 0.000367976 0.999995 0.0330988 0.126914 -0.252028
FixedParameters: 0 0 0

#Transform 28
Transform: AffineTransform_float_3_3
Parameters: 0.999994 -0.000657633 0.00345355 0.000656934 0.999999 0.000296232 -0.00345348 -0.000293769 0.999994 0.0371043 0.0787242 -0.115208
FixedParameters: 0 0 0

#Transform 29
Transform: AffineTransform_float_3_3
Parameters: 0.999995 -0.000714505 0.00311803 0.000715194 1 -0.0001094 -0.00311787 0.000111599 0.999995 0.0321832 0.00942512 -0.0914662
FixedParameters: 0 0 0

#Transform 30
Transform: AffineTransform_float_3_3
Parameters: 0.999995 -0.000675753 0.00303143 0.000673692 0.999999 0.000709416 -0.00303237 -0.000707583 0.999995 0.0203794 0.106918 0.0757509
FixedParameters: 0 0 0

#Transform 31
Transform: AffineTransform_float_3_3
Parameters: 0.999995 -0.000635324 0.00311478 0.000632441 0.999999 0.000893742 -0.003115 -0.000891259 0.999995 0.031681 0.1044 0.0639412
FixedParameters: 0 0 0

#Transform 32
Transform: AffineTransform_float_3_3
Parameters: 0.999995 -0.000391511 0.00331972 0.000385585 0.999998 0.00176806 -0.00332061 -0.00176694 0.999992 0.0331962 0.0909197 0.0954888
FixedParameters: 0 0 0

#Transform 33
Transform: AffineTransform_float_3_3
Parameters: 0.999994 -0.000255851 0.00342391 0.000266753 0.999995 -0.00296275 -0.00342332 0.00296325 0.99999 0.0460918 0.0966832 -0.529002
FixedParameters: 0 0 0

#Transform 34
Transform: AffineTransform_float_3_3
Parameters: 0.999993 0.00133282 0.00349834 -0.00138298 0.999896 0.0143818 -0.00347953 -0.0143872 0.99989 0.0202904 0.315451 1.52585
FixedParameters: 0 0 0

#Transform 35
Transform: AffineTransform_float_3_3
Parameters: 0.999989 0.000980926 0.00446307 -0.00104053 0.999908 0.013569 -0.00444911 -0.013574 0.999898 0.0382727 0.477057 1.3044
FixedParameters: 0 0 0

#Transform 36
Transform: AffineTransform_float_3_3
Parameters: 0.999986 0.000453265 0.00531544 -0.000521963 0.999917 0.0128653 -0.00530962 -0.0128687 0.999903 0.0393943 0.424245 1.17701
FixedParameters: 0 0 0

#Transform 37
Transform: AffineTransform_float_3_3
Parameters: 0.999982 0.000633049 0.00608663 -0.000712955 0.999914 0.0130778 -0.00607791 -0.0130822 0.999896 0.0830241 0.442622 1.22876
FixedParameters: 0 0 0

#Transform 38
Transform: AffineTransform_float_3_3
Parameters: 0.999974 0.000751039 0.00717406 -0.000852133 0.9999 0.0140715 -0.00716204 -0.0140775 0.999875 0.111736 0.421471 1.38201
FixedParameters: 0 0 0

#Transform 39
Transform: AffineTransform_float_3_3
Parameters: 0.999985 -0.000167133 0.00550339 0.000124823 0.99997 0.00774371 -0.00550448 -0.00774229 0.999955 0.107076 0.387854 0.610703
FixedParameters: 0 0 0

#Transform 40
Transform: AffineTransform_float_3_3
Parameters: 0.999976 0.00106053 0.00675605 -0.00113115 0.999945 0.0104331 -0.00674436 -0.0104399 0.999923 0.0495731 0.29478 1.09229
FixedParameters: 0 0 0

#Transform 41
Transform: AffineTransform_float_3_3
Parameters: 0.999966 0.000998659 0.00809543 -0.00108562 0.999941 0.0107652 -0.00808361 -0.0107728 0.999909 0.107605 0.35243 1.17263
FixedParameters: 0 0 0

#Transform 42
Transform: AffineTransform_float_3_3
Parameters: 0.99996 0.00154991 0.00873158 -0.00165511 0.999925 0.0121066 -0.00871265 -0.0121204 0.999889 0.0861473 0.434886 1.23487
FixedParameters: 0 0 0

#Transform 43
Transform: AffineTransform_float_3_3
Parameters: 0.999975 0.00116809 0.00707418 -0.00123018 0.999961 0.00875796 -0.0070635 -0.00876603 0.999937 0.0560361 0.467735 1.00977
FixedParameters: 0 0 0

#Transform 44
Transform: AffineTransform_float_3_3
Parameters: 0.999977 0.00119821 0.0066752 -0.00126553 0.999948 0.0101116 -0.00666236 -0.0101203 0.999926 0.0393683 0.436301 1.10556
FixedParameters: 0 0 0

#Transform 45
Transform: AffineTransform_float_3_3
Parameters: 0.999984 0.00069095 0.00549482 -0.000748454 0.999945 0.0104916 -0.00548695 -0.0104954 0.99993 0.0364859 0.441002 0.920996
FixedParameters: 0 0 0

#Transform 46
Transform: AffineTransform_float_3_3
Parameters: 0.999982 0.00017588 0.0059775 -0.000234542 0.999953 0.00977207 -0.00597535 -0.00977294 0.999935 0.0277386 0.408725 0.886137
FixedParameters: 0 0 0

#Transform 47
Transform: AffineTransform_float_3_3
Parameters: 0.999975 0.000670178 0.00701364 -0.000741824 0.999948 0.0101827 -0.0070064 -0.0101873 0.999924 0.0139247 0.407999 0.996392
FixedParameters: 0 0 0

#Transform 48
Transform: AffineTransform_float_3_3
Parameters: 0.999973 0.000837526 0.00738732 -0.000923934 0.999931 0.0116995 -0.00737689 -0.0117055 0.999904 0.0298209 0.392062 0.972889
FixedParameters: 0 0 0

#Transform 49
Transform: AffineTransform_float_3_3
Parameters: 0.999974 0.000783529 0.00725746 -0.000860605 0.999943 0.0106473 -0.00724795 -0.0106537 0.999917 0.0585528 0.468044 0.982467
FixedParameters: 0 0 0

#Transform 50
Transform: AffineTransform_float_3_3
Parameters: 0.999968 0.00105125 0.0078397 -0.00114543 0.999928 0.011978 -0.00782709 -0.011987 0.999898 0.0546337 0.409136 1.12015
FixedParameters: 0 0 0

#Transform 51
Transform: AffineTransform_float_3_3
Parameters: 0.999968 0.00107634 0.00786415 -0.00115847 0.999945 0.0103758 -0.00785296 -0.0103852 0.999915 0.0406823 0.472223 1.0181
FixedParameters: 0 0 0

#Transform 52
Transform: AffineTransform_float_3_3
Parameters: 0.999976 0.000302521 0.0069206 -0.000362432 0.999962 0.00865994 -0.00691759 -0.00866206 0.999939 0.0841992 0.36457 0.692217
FixedParameters: 0 0 0

#Transform 53
Transform: AffineTransform_float_3_3
Parameters: 0.999981 0.000414318 0.00619083 -0.000455369 0.999978 0.00653158 -0.00618802 -0.00653441 0.99996 0.087632 0.346802 0.559935
FixedParameters: 0 0 0

#Transform 54
Transform: AffineTransform_float_3_3
Parameters: 0.999984 0.000459193 0.00567364 -0.000507434 0.999964 0.00847216 -0.00567006 -0.00847484 0.999948 0.0391429 0.309458 0.748858
FixedParameters: 0 0 0

#Transform 55
Transform: AffineTransform_float_3_3
Parameters: 0.999985 0.000453904 0.00533306 -0.000501414 0.999959 0.00907157 -0.00532856 -0.00907344 0.999945 0.0265587 0.333654 0.771365
FixedParameters: 0 0 0

#Transform 56
Transform: AffineTransform_float_3_3
Parameters: 0.999988 0.000775138 0.00498759 -0.000824574 0.999951 0.00985334 -0.00497912 -0.00985766 0.999939 0.0264516 0.377282 0.818035
FixedParameters: 0 0 0

#Transform 57
Transform: AffineTransform_float_3_3
Parameters: 0.999987 0.000381726 0.0049502 -0.000419253 0.999971 0.00758854 -0.00494702 -0.00758946 0.999959 0.0401462 0.319976 0.629096
FixedParameters: 0 0 0

#Transform 58
Transform: AffineTransform_float_3_3
Parameters: 0.999978 -6.09125e-05 0.00673029 0.000120109 0.999961 -0.00881654 -0.00672952 0.00881647 0.999939 0.155395 0.203761 -0.676367
FixedParameters: 0 0 0

#Transform 59
Transform: AffineTransform_float_3_3
Parameters: 0.999988 0.000406995 0.00490621 -0.000429416 0.99999 0.00456507 -0.00490448 -0.00456693 0.999978 0.117664 0.185353 0.49443
FixedParameters: 0 0 0

#Transform 60
Transform: AffineTransform_float_3_3
Parameters: 0.999931 -0.000829096 0.011669 0.00110835 0.999713 -0.0239311 -0.0116458 0.0239419 0.999646 0.413884 -0.601144 -1.48865
FixedParameters: 0 0 0

#Transform 61
Transform: AffineTransform_float_3_3
Parameters: 0.999946 -0.000905979 0.0104242 0.00121768 0.999551 -0.0299469 -0.0103921 0.0299581 0.999497 0.509694 -0.448467 -1.65277
FixedParameters: 0 0 0

#Transform 62
Transform: AffineTransform_float_3_3
Parameters: 0.999937 0.000955134 0.0111307 -0.000762483 0.99985 -0.0173284 -0.0111456 0.0173187 0.999788 0.370935 -0.456492 -0.996724
FixedParameters: 0 0 0

#Transform 63
Transform: AffineTransform_float_3_3
Parameters: 0.999965 -4.6681e-05 0.00845372 0.000155854 0.999916 -0.0129632 -0.00845269 0.0129638 0.99988 0.243146 -0.142399 -0.104722
FixedParameters: 0 0 0

#Transform 64
Transform: AffineTransform_float_3_3
Parameters: 0.999974 0.000197733 0.00711176 -0.000104282 0.999914 -0.0131076 -0.00711452 0.0131074 0.999889 0.26821 -0.118701 0.00610917
FixedParameters: 0 0 0

#Transform 65
Transform: AffineTransform_float_3_3
Parameters: 0.999968 0.00028214 0.00807528 -0.000155163 0.999875 -0.0157786 -0.00807941 0.0157764 0.999843 0.269086 -0.156194 0.313256
FixedParameters: 0 0 0

#Transform 66
Transform: AffineTransform_float_3_3
Parameters: 0.999971 4.3747e-05 0.00759714 5.33477e-05 0.999918 -0.0127763 -0.00759719 0.0127766 0.99989 0.310186 -0.120076 0.512797
FixedParameters: 0 0 0

#Transform 67
Transform: AffineTransform_float_3_3
Parameters: 0.999971 -0.000244068 0.00752677 0.000346438 0.999908 -0.0135752 -0.00752208 0.0135768 0.99988 0.314823 -0.0466874 0.411002
FixedParameters: 0 0 0

#Transform 68
Transform: AffineTransform_float_3_3
Parameters: 0.999971 -0.000750387 0.00766946 0.000837432 0.999936 -0.0112717 -0.0076606 0.0112783 0.999907 0.361912 -0.0311393 0.300303
FixedParameters: 0 0 0

#Transform 69
Transform: AffineTransform_float_3_3
Parameters: 0.99996 -0.000386531 0.00885515 0.000515151 0.999894 -0.0145361 -0.00884778 0.0145399 0.999856 0.333146 -0.050823 0.455873
FixedParameters: 0 0 0

#Transform 70
Transform: AffineTransform_float_3_3
Parameters: 0.999967 0.000126978 0.00806299 -1.67007e-05 0.999907 -0.0136328 -0.00806341 0.0136322 0.999874 0.276994 -0.000679031 0.519411
FixedParameters: 0 0 0

#Transform 71
Transform: AffineTransform_float_3_3
Parameters: 0.999968 -0.000552792 0.00797029 0.00065962 0.99991 -0.0133798 -0.0079619 0.0133842 0.999879 0.303165 0.00724985 0.544619
FixedParameters: 0 0 0

#Transform 72
Transform: AffineTransform_float_3_3
Parameters: 0.999987 -0.00100701 0.00485279 0.0010677 0.999921 -0.0125715 -0.00484006 0.0125766 0.99991 0.33671 -0.000338553 0.253136
FixedParameters: 0 0 0

#Transform 73
Transform: AffineTransform_float_3_3
Parameters: 0.999973 -0.000939681 0.0073092 0.00106254 0.999858 -0.0168248 -0.00729194 0.0168321 0.999831 0.268957 -0.00725038 0.376125
FixedParameters: 0 0 0

#Transform 74
Transform: AffineTransform_float_3_3
Parameters: 0.999983 -0.00109961 0.00583196 0.00118836 0.999882 -0.0153624 -0.00581481 0.0153686 0.999865 0.326102 -0.0405356 0.218428
FixedParameters: 0 0 0

#Transform 75
Transform: AffineTransform_float_3_3
Parameters: 0.999984 -0.00112301 0.00550338 0.00121932 0.999845 -0.0175845 -0.00548248 0.0175905 0.99983 0.344667 -0.0776458 0.140653
FixedParameters: 0 0 0

#Transform 76
Transform: AffineTransform_float_3_3
Parameters: 0.99999 -0.000828911 0.00435 0.000895019 0.999883 -0.0152691 -0.00433661 0.0152729 0.999874 0.382261 -0.148181 0.586512
FixedParameters: 0 0 0

#Transform 77
Transform: AffineTransform_float_3_3
Parameters: 0.999988 -0.000601806 0.00497949 0.00068785 0.99985 -0.0173617 -0.00496793 0.0173653 0.999837 0.405527 -0.173677 0.543642
FixedParameters: 0 0 0

#Transform 78
Transform: AffineTransform_float_3_3
Parameters: 0.999987 -0.000947326 0.00487949 0.00102707 0.999865 -0.0164337 -0.0048632 0.0164383 0.999853 0.391197 -0.124711 0.623591
FixedParameters: 0 0 0

#Transform 79
Transform: AffineTransform_float_3_3
Parameters: 0.999989 -0.000910097 0.00474255 0.000985639 0.999874 -0.0158032 -0.00472737 0.0158078 0.999864 0.400593 -0.0830475 0.512549
FixedParameters: 0 0 0

#Transform 80
Transform: AffineTransform_float_3_3
Parameters: 0.999988 -0.000286098 0.00500947 0.000364465 0.999875 -0.0157695 -0.00500464 0.0157715 0.999863 0.395655 -0.0832538 0.52455
FixedParameters: 0 0 0

#Transform 81
Transform: AffineTransform_float_3_3
Parameters: 0.999985 -0.000769483 0.00540356 0.000848485 0.999892 -0.0146819 -0.00539193 0.0146861 0.999878 0.421228 -0.0580989 0.621448
FixedParameters: 0 0 0

#Transform 82
Transform: AffineTransform_float_3_3
Parameters: 0.999984 -0.000919755 0.00560685 0.00100668 0.99988 -0.0154967 -0.0055923 0.0155023 0.999864 0.425701 -0.0379819 0.595657
FixedParameters: 0 0 0

#Transform 83
Transform: AffineTransform_float_3_3
Parameters: 0.999981 -0.000961815 0.00609561 0.00105582 0.99988 -0.015495 -0.00608015 0.015501 0.999862 0.430831 -0.0676935 0.615401
FixedParameters: 0 0 0

#Transform 84
Transform: AffineTransform_float_3_3
Parameters: 0.999978 -0.000994452 0.00665476 0.00109113 0.999895 -0.0144588 -0.00663996 0.0144662 0.999873 0.450553 -0.0289643 0.556049
FixedParameters: 0 0 0

#Transform 85
Transform: AffineTransform_float_3_3
Parameters: 0.999976 -0.00105728 0.00685812 0.00116103 0.999885 -0.0151009 -0.00684182 0.0151091 0.999862 0.451018 -0.0159148 0.578397
FixedParameters: 0 0 0

#Transform 86
Transform: AffineTransform_float_3_3
Parameters: 0.999975 -0.00102477 0.00690375 0.00112838 0.999887 -0.0149589 -0.00688784 0.0149661 0.999864 0.446883 -0.106355 0.658707
FixedParameters: 0 0 0

#Transform 87
Transform: AffineTransform_float_3_3
Parameters: 0.999984 -0.000952752 0.00559791 0.00103751 0.999884 -0.0152085 -0.00558249 0.0152145 0.999868 0.447913 -0.0200829 0.605221
FixedParameters: 0 0 0

#Transform 88
Transform: AffineTransform_float_3_3
Parameters: 0.999976 -0.00131386 0.00677287 0.00141004 0.999897 -0.0142379 -0.00675347 0.0142471 0.999875 0.461502 -0.0572615 0.614307
FixedParameters: 0 0 0

#Transform 89
Transform: AffineTransform_float_3_3
Parameters: 0.999981 -0.00116737 0.00603455 0.0012484 0.99991 -0.013389 -0.00601836 0.013396 0.999893 0.457391 -0.0582952 0.593231
FixedParameters: 0 0 0

#Transform 90
Transform: AffineTransform_float_3_3
Parameters: 0.999979 -0.000831624 0.00633823 0.000930622 0.999878 -0.0155769 -0.00632482 0.0155821 0.999858 0.425649 -0.00575831 0.534603
FixedParameters: 0 0 0

#Transform 91
Transform: AffineTransform_float_3_3
Parameters: 0.999981 -0.000903034 0.0060658 0.00100374 0.99986 -0.0166789 -0.00604984 0.0166851 0.999843 0.443452 -0.101445 0.521649
FixedParameters: 0 0 0

#Transform 92
Transform: AffineTransform_float_3_3
Parameters: 0.999987 -0.000919346 0.00488069 0.00100274 0.999855 -0.0170338 -0.00486412 0.0170382 0.999843 0.44296 -0.129241 0.593685
FixedParameters: 0 0 0

#Transform 93
Transform: AffineTransform_float_3_3
Parameters: 0.999991 -0.00116376 0.00403262 0.00121041 0.999929 -0.0117791 -0.00401882 0.0117839 0.999922 0.428877 0.036915 0.573235
FixedParameters: 0 0 0

#Transform 94
Transform: AffineTransform_float_3_3
Parameters: 0.999988 -0.000750708 0.0049785 0.000785406 0.999975 -0.00712126 -0.00497316 0.00712475 0.999962 0.330862 0.0837938 0.0494476
FixedParameters: 0 0 0

#Transform 95
Transform: AffineTransform_float_3_3
Parameters: 0.999967 -0.000581024 0.00817427 0.000683192 0.999923 -0.0124308 -0.00816679 0.0124362 0.999889 0.264149 -0.0256169 0.769939
FixedParameters: 0 0 0

#Transform 96
Transform: AffineTransform_float_3_3
Parameters: 0.999963 -0.000717706 0.00856945 0.000857857 0.999867 -0.0162951 -0.00855673 0.0163019 0.999831 0.362093 -0.16626 0.9167
FixedParameters: 0 0 0

#Transform 97
Transform: AffineTransform_float_3_3
Parameters: 0.999981 -0.000702179 0.00621052 0.000821852 0.999817 -0.019115 -0.006196 0.019119 0.999798 0.393337 -0.171142 0.652886
FixedParameters: 0 0 0

#Transform 98
Transform: AffineTransform_float_3_3
Parameters: 0.999983 -0.000936001 0.00566104 0.00102823 0.999866 -0.0163325 -0.00564475 0.0163385 0.99985 0.386287 -0.0647142 0.711384
FixedParameters: 0 0 0

#Transform 99
Transform: AffineTransform_float_3_3
Parameters: 0.999987 -0.00131372 0.00489193 0.00138443 0.999892 -0.0146447 -0.00487254 0.0146513 0.99988 0.418091 -0.0306321 0.546397
FixedParameters: 0 0 0

#Transform 100
Transform: AffineTransform_float_3_3
Parameters: 0.999987 -0.00206085 0.00481362 0.00211255 0.999939 -0.0108112 -0.00479073 0.0108218 0.999929 0.443573 0.114935 0.52778
FixedParameters: 0 0 0

#Transform 101
Transform: AffineTransform_float_3_3
Parameters: 0.999957 -0.00167639 0.00905916 0.00178637 0.999925 -0.0121158 -0.00903799 0.0121322 0.999886 0.443789 0.00940036 0.676546
FixedParameters: 0 0 0

#Transform 102
Transform: AffineTransform_float_3_3
Parameters: 0.999958 -0.00137625 0.00898942 0.00151854 0.999874 -0.0158039 -0.00896646 0.0158172 0.999835 0.471713 -0.0372455 0.650511
FixedParameters: 0 0 0

#Transform 103
Transform: AffineTransform_float_3_3
Parameters: 0.999958 -0.00148867 0.00905837 0.00162837 0.999879 -0.0154659 -0.00903473 0.01548 0.999839 0.481415 -0.0501745 0.670059
FixedParameters: 0 0 0

#Transform 104
Transform: AffineTransform_float_3_3
Parameters: 0.99996 -0.00130073 0.00889285 0.00143989 0.999876 -0.0156993 -0.00887127 0.0157107 0.999837 0.480496 -0.0208745 0.668517
FixedParameters: 0 0 0

#Transform 105
Transform: AffineTransform_float_3_3
Parameters: 0.999962 -0.00143037 0.00852265 0.00157293 0.999858 -0.0167415 -0.00849695 0.0167546 0.999824 0.475093 -0.0283447 0.737856
FixedParameters: 0 0 0

#Transform 106
Transform: AffineTransform_float_3_3
Parameters: 0.999958 -0.00136695 0.00912408 0.00151479 0.999867 -0.0161939 -0.00910069 0.0162071 0.999828 0.492157 -0.0898808 0.810786
FixedParameters: 0 0 0

#Transform 107
Transform: AffineTransform_float_3_3
Parameters: 0.999967 -0.00124592 0.00802967 0.00136923 0.999881 -0.0153975 -0.00800985 0.0154075 0.999849 0.479342 -0.00506391 0.783116
FixedParameters: 0 0 0

#Transform 108
Transform: AffineTransform_float_3_3
Parameters: 0.999967 -0.00259789 0.00770071 0.0026887 0.999926 -0.0118793 -0.0076684 0.0118997 0.9999 0.496035 0.097938 0.692289
FixedParameters: 0 0 0

#Transform 109
Transform: AffineTransform_float_3_3
Parameters: 0.999956 -0.00203565 0.00917571 0.00214324 0.99993 -0.0116839 -0.00915123 0.0117031 0.99989 0.491248 0.0574125 0.768489
FixedParameters: 0 0 0

#Transform 110
Transform: AffineTransform_float_3_3
Parameters: 0.999954 -0.0026663 0.00921837 0.00277738 0.999924 -0.0119884 -0.00918593 0.0120136 0.999886 0.514895 0.0971525 0.577578
FixedParameters: 0 0 0

#Transform 111
Transform: AffineTransform_float_3_3
Parameters: 0.999914 -0.00232334 0.0129584 0.00247706 0.999927 -0.0118398 -0.0129298 0.0118711 0.999846 0.555627 0.0255589 0.778023
FixedParameters: 0 0 0

#Transform 112
Transform: AffineTransform_float_3_3
Parameters: 0.999919 -0.00251192 0.0124239 0.00263231 0.99995 -0.00967314 -0.0123986 0.00970585 0.999876 0.584297 0.125973 0.835172
FixedParameters: 0 0 0

#Transform 113
Transform: AffineTransform_float_3_3
Parameters: 0.99992 -0.00241175 0.012457 0.00255402 0.999931 -0.0114256 -0.0124293 0.0114564 0.999857 0.578518 0.088239 0.79043
FixedParameters: 0 0 0

#Transform 114
Transform: AffineTransform_float_3_3
Parameters: 0.999917 -0.00266744 0.0126237 0.00279506 0.999945 -0.0100892 -0.0125961 0.0101238 0.999869 0.626048 0.0755445 0.692311
FixedParameters: 0 0 0

#Transform 115
Transform: AffineTransform_float_3_3
Parameters: 0.999914 -0.00268391 0.0128418 0.00279974 0.999955 -0.00902153 -0.0128176 0.00905648 0.999877 0.627154 0.081496 0.503658
FixedParameters: 0 0 0

#Transform 116
Transform: AffineTransform_float_3_3
Parameters: 0.999848 -0.00162744 0.0173475 0.00188009 0.999892 -0.0145795 -0.0173221 0.0146105 0.999743 0.668682 -0.127576 1.0505
FixedParameters: 0 0 0

#Transform 117
Transform: AffineTransform_float_3_3
Parameters: 0.999873 -0.00203942 0.0158514 0.00222099 0.999931 -0.0114831 -0.0158273 0.011516 0.999809 0.685057 0.0723829 0.75897
FixedParameters: 0 0 0

#Transform 118
Transform: AffineTransform_float_3_3
Parameters: 0.999882 -0.00238075 0.0152225 0.00252903 0.999949 -0.00977538 -0.0151977 0.00981263 0.999836 0.715417 0.0783609 0.667425
FixedParameters: 0 0 0

#Transform 119
Transform: AffineTransform_float_3_3
Parameters: 0.999877 -0.0025619 0.0155124 0.00269685 0.999959 -0.008727 -0.0154896 0.00876803 0.999842 0.675747 0.0805174 0.556687
FixedParameters: 0 0 0
