# transform file /out/sourcedata/freesurfer/sub-v2s15x29741_ses-1/mri/transforms/cc_up.lta
# created by oesteban on Wed Mar 11 10:06:23 2026

type      = 0 # LINEAR_VOX_TO_VOX
nxforms   = 1
mean      = 130.0000 127.0000 121.0000
sigma     = 10000.0000
1 4 4
9.925820827484131e-01 -1.140835955739021e-01 4.201803728938103e-02 8.918723106384277e+00 
1.139815151691437e-01 9.934710264205933e-01 4.825071431696415e-03 3.602608203887939e+00 
-4.229416698217392e-02 0.000000000000000e+00 9.991050958633423e-01 2.451119422912598e+01 
0.000000000000000e+00 0.000000000000000e+00 0.000000000000000e+00 1.000000000000000e+00 
src volume info
valid = 1  # volume info valid
filename = /out/sourcedata/freesurfer/sub-v2s15x29741_ses-1/mri/norm.mgz
volume = 256 256 256
voxelsize = 1.000000000000000e+00 1.000000000000000e+00 1.000000000000000e+00
xras   = -1.000000000000000e+00 0.000000000000000e+00 0.000000000000000e+00
yras   = 0.000000000000000e+00 0.000000000000000e+00 -1.000000000000000e+00
zras   = 0.000000000000000e+00 1.000000000000000e+00 0.000000000000000e+00
cras   = 6.145782470703125e+00 -1.426605224609375e+00 1.304077148437500e+01
dst volume info
valid = 1  # volume info valid
filename = /out/sourcedata/freesurfer/sub-v2s15x29741_ses-1/mri/norm.mgz
volume = 256 256 256
voxelsize = 1.000000000000000e+00 1.000000000000000e+00 1.000000000000000e+00
xras   = -1.000000000000000e+00 0.000000000000000e+00 0.000000000000000e+00
yras   = 0.000000000000000e+00 0.000000000000000e+00 -1.000000000000000e+00
zras   = 0.000000000000000e+00 1.000000000000000e+00 0.000000000000000e+00
cras   = 6.145782470703125e+00 -1.426605224609375e+00 1.304077148437500e+01
