# transform file /out/sourcedata/freesurfer/sub-v2s15x29754_ses-1/mri/transforms/cc_up.lta
# created by oesteban on Wed Mar 11 10:34:14 2026

type      = 0 # LINEAR_VOX_TO_VOX
nxforms   = 1
mean      = 128.0000 129.0000 124.0000
sigma     = 10000.0000
1 4 4
9.900798201560974e-01 -1.290704309940338e-01 -5.552322417497635e-02 2.271481704711914e+01 
1.288679540157318e-01 9.916355013847351e-01 -7.226855959743261e-03 -4.699170589447021e+00 
5.599156767129898e-02 0.000000000000000e+00 9.984312653541565e-01 -6.015007495880127e+00 
0.000000000000000e+00 0.000000000000000e+00 0.000000000000000e+00 1.000000000000000e+00 
src volume info
valid = 1  # volume info valid
filename = /out/sourcedata/freesurfer/sub-v2s15x29754_ses-1/mri/norm.mgz
volume = 256 256 256
voxelsize = 1.000000000000000e+00 1.000000000000000e+00 1.000000000000000e+00
xras   = -1.000000000000000e+00 0.000000000000000e+00 7.450580596923828e-09
yras   = 0.000000000000000e+00 0.000000000000000e+00 -1.000000000000000e+00
zras   = 0.000000000000000e+00 1.000000000000000e+00 0.000000000000000e+00
cras   = 1.457038879394531e+01 7.653289794921875e+00 1.062187194824219e+01
dst volume info
valid = 1  # volume info valid
filename = /out/sourcedata/freesurfer/sub-v2s15x29754_ses-1/mri/norm.mgz
volume = 256 256 256
voxelsize = 1.000000000000000e+00 1.000000000000000e+00 1.000000000000000e+00
xras   = -1.000000000000000e+00 0.000000000000000e+00 7.450580596923828e-09
yras   = 0.000000000000000e+00 0.000000000000000e+00 -1.000000000000000e+00
zras   = 0.000000000000000e+00 1.000000000000000e+00 0.000000000000000e+00
cras   = 1.457038879394531e+01 7.653289794921875e+00 1.062187194824219e+01
