#Insight Transform File V1.0
#Transform 0
Transform: AffineTransform_float_3_3
Parameters: 0.999984 0.00132825 0.0054694 -0.00131661 0.999997 -0.00222106 -0.00547216 0.00221329 0.999983 -0.161341 -0.0101552 -0.397115
FixedParameters: 0 0 0

#Transform 1
Transform: AffineTransform_float_3_3
Parameters: 0.999985 0.000906624 0.00531269 -0.000892943 0.999996 -0.00258475 -0.00531498 0.00257995 0.999983 -0.152704 -0.0126485 -0.351811
FixedParameters: 0 0 0

#Transform 2
Transform: AffineTransform_float_3_3
Parameters: 0.999988 0.000894197 0.00485208 -0.000878761 0.999995 -0.00311208 -0.00485507 0.00310784 0.999983 -0.149817 0.00675165 -0.307063
FixedParameters: 0 0 0

#Transform 3
Transform: AffineTransform_float_3_3
Parameters: 0.999989 0.00123092 0.00454768 -0.00121799 0.999995 -0.00281456 -0.00455128 0.00280854 0.999986 -0.160649 -0.0216322 -0.255827
FixedParameters: 0 0 0

#Transform 4
Transform: AffineTransform_float_3_3
Parameters: 0.999989 0.00120589 0.00454899 -0.00118967 0.999993 -0.00360334 -0.00455288 0.00359757 0.999983 -0.160086 0.0175194 -0.258798
FixedParameters: 0 0 0

#Transform 5
Transform: AffineTransform_float_3_3
Parameters: 0.999988 0.00153693 0.00452483 -0.00152617 0.999996 -0.00234714 -0.00452798 0.00234127 0.999987 -0.179045 -0.0129181 -0.169023
FixedParameters: 0 0 0

#Transform 6
Transform: AffineTransform_float_3_3
Parameters: 0.999989 0.0010507 0.00456151 -0.00103833 0.999996 -0.00263553 -0.0045639 0.00263093 0.999986 -0.160808 0.00546769 -0.317239
FixedParameters: 0 0 0

#Transform 7
Transform: AffineTransform_float_3_3
Parameters: 0.99999 0.000747096 0.00442979 -0.000729177 0.999991 -0.00425225 -0.00443283 0.00424901 0.999981 -0.130276 0.0115015 -0.359703
FixedParameters: 0 0 0

#Transform 8
Transform: AffineTransform_float_3_3
Parameters: 0.99999 0.000743285 0.00440799 -0.000723725 0.99999 -0.00445854 -0.0044112 0.00445538 0.99998 -0.12413 0.0519335 -0.384255
FixedParameters: 0 0 0

#Transform 9
Transform: AffineTransform_float_3_3
Parameters: 0.999991 0.000680567 0.0041692 -0.000663645 0.999991 -0.00404075 -0.0041717 0.00403817 0.999983 -0.120262 0.0465338 -0.355135
FixedParameters: 0 0 0

#Transform 10
Transform: AffineTransform_float_3_3
Parameters: 0.999993 0.00107667 0.00380324 -0.0010598 0.99999 -0.00439616 -0.00380762 0.00439174 0.999983 -0.12474 0.0579942 -0.321071
FixedParameters: 0 0 0

#Transform 11
Transform: AffineTransform_float_3_3
Parameters: 0.999992 0.00113074 0.00386528 -0.00111935 0.999995 -0.00285877 -0.00386858 0.00285368 0.999989 -0.125921 0.0477248 -0.247382
FixedParameters: 0 0 0

#Transform 12
Transform: AffineTransform_float_3_3
Parameters: 0.99999 0.00354936 -0.00284697 -0.00352214 0.999949 0.00946087 0.00288083 -0.0094511 0.999951 -0.153458 -0.26019 0.5673
FixedParameters: 0 0 0

#Transform 13
Transform: AffineTransform_float_3_3
Parameters: 0.999987 -0.000437487 0.00495093 0.000411986 0.999987 0.00511306 -0.00495299 -0.00511017 0.999974 -0.0836578 -0.112969 -0.0227493
FixedParameters: 0 0 0

#Transform 14
Transform: AffineTransform_float_3_3
Parameters: 0.999976 -0.000855009 0.00698874 0.000823104 0.999989 0.00457659 -0.00699191 -0.00457068 0.999965 -0.191985 -0.235177 0.0174112
FixedParameters: 0 0 0

#Transform 15
Transform: AffineTransform_float_3_3
Parameters: 0.999991 0.000479212 0.00426097 -0.00050252 0.999984 0.005537 -0.00425898 -0.0055389 0.999975 -0.180693 -0.0761502 0.00831756
FixedParameters: 0 0 0

#Transform 16
Transform: AffineTransform_float_3_3
Parameters: 0.999999 0.00055549 0.00133506 -0.000563369 0.999984 0.00551142 -0.00133209 -0.00551205 0.999984 -0.115333 -0.174987 0.131351
FixedParameters: 0 0 0

#Transform 17
Transform: AffineTransform_float_3_3
Parameters: 1 0.000351698 -6.65064e-05 -0.000351281 0.999995 0.00335267 6.839e-05 -0.00335261 0.999995 -0.0592996 -0.130947 0.0714877
FixedParameters: 0 0 0

#Transform 18
Transform: AffineTransform_float_3_3
Parameters: 1 -0.000644964 0.000914364 0.000644988 0.999999 0.000532245 -0.000915123 -0.000530962 1 0.0359799 -0.0331649 -0.243592
FixedParameters: 0 0 0

#Transform 19
Transform: AffineTransform_float_3_3
Parameters: 1 -0.000754155 0.000752417 0.000755143 0.999999 -0.00136784 -0.000751272 0.00136903 0.999999 -0.000734276 0.00209492 -0.275224
FixedParameters: 0 0 0

#Transform 20
Transform: AffineTransform_float_3_3
Parameters: 0.999999 0.000481325 0.000562523 -0.000481084 0.999999 0.000671428 -0.00056195 -0.000672012 0.999999 -0.0196665 -0.0085616 0.0836383
FixedParameters: 0 0 0

#Transform 21
Transform: AffineTransform_float_3_3
Parameters: 0.999977 -0.00109991 0.00671868 0.00104173 0.999962 0.00875786 -0.00672751 -0.00874993 0.999939 -0.287823 -0.224333 0.491823
FixedParameters: 0 0 0

#Transform 22
Transform: AffineTransform_float_3_3
Parameters: 0.999993 -0.00105433 -0.00363606 0.00106186 0.999997 0.00209048 0.00363437 -0.00209385 0.999991 -0.0491472 -0.155418 0.734185
FixedParameters: 0 0 0

#Transform 23
Transform: AffineTransform_float_3_3
Parameters: 0.999989 -0.00102601 -0.00458387 0.00102375 0.999999 -0.000372127 0.00458454 0.000367261 0.99999 0.0612447 0.00326652 0.288202
FixedParameters: 0 0 0

#Transform 24
Transform: AffineTransform_float_3_3
Parameters: 0.999992 -0.00130826 -0.00382931 0.00129735 0.999995 -0.00285374 0.00383329 0.00284827 0.999989 0.0737544 0.056119 0.115924
FixedParameters: 0 0 0

#Transform 25
Transform: AffineTransform_float_3_3
Parameters: 0.999994 -0.00145018 -0.0030751 0.00144044 0.999994 -0.00303205 0.00307956 0.00302847 0.999991 0.0603515 0.0306097 0.144733
FixedParameters: 0 0 0

#Transform 26
Transform: AffineTransform_float_3_3
Parameters: 0.999997 -0.00219172 -0.00136868 0.00218468 0.999984 -0.00522881 0.0013799 0.00522619 0.999985 0.051766 0.0614558 0.0814509
FixedParameters: 0 0 0

#Transform 27
Transform: AffineTransform_float_3_3
Parameters: 0.999998 -0.00191444 -0.000793715 0.00191038 0.999987 -0.00471363 0.000803193 0.00471214 0.999988 0.0261411 0.0740769 0.133248
FixedParameters: 0 0 0

#Transform 28
Transform: AffineTransform_float_3_3
Parameters: 0.999998 -0.00146435 -0.00105842 0.00145975 0.999987 -0.00480626 0.00106594 0.00480492 0.999988 -4.43061e-05 0.0823185 0.0740021
FixedParameters: 0 0 0

#Transform 29
Transform: AffineTransform_float_3_3
Parameters: 0.999999 -0.000990986 -0.000855673 0.000986363 0.999987 -0.00486869 0.000860989 0.00486784 0.999988 -0.0344499 0.0748658 0.0849253
FixedParameters: 0 0 0

#Transform 30
Transform: AffineTransform_float_3_3
Parameters: 0.999998 -0.00112322 -0.00155102 0.00111405 0.999981 -0.00605325 0.00155834 0.00605136 0.99998 0.00303686 0.129563 0.0606588
FixedParameters: 0 0 0

#Transform 31
Transform: AffineTransform_float_3_3
Parameters: 0.999999 -0.000676634 -9.23817e-05 0.00067592 0.999995 -0.003057 9.39665e-05 0.00305788 0.999996 0.0350102 0.103811 -0.571276
FixedParameters: 0 0 0

#Transform 32
Transform: AffineTransform_float_3_3
Parameters: 0.999998 -0.00174061 -0.000425748 0.00173727 0.999971 -0.00744906 0.000438621 0.00744817 0.999972 0.0614283 0.161134 -0.42388
FixedParameters: 0 0 0

#Transform 33
Transform: AffineTransform_float_3_3
Parameters: 0.999998 -0.00196901 -0.000405316 0.00196602 0.999963 -0.00830793 0.000421446 0.00830788 0.999965 0.0532115 0.186192 -0.372482
FixedParameters: 0 0 0

#Transform 34
Transform: AffineTransform_float_3_3
Parameters: 0.999998 -0.00169519 -0.000766169 0.00168872 0.999965 -0.00812213 0.000779923 0.00812113 0.999967 0.0743438 0.168563 -0.450457
FixedParameters: 0 0 0

#Transform 35
Transform: AffineTransform_float_3_3
Parameters: 0.999997 -0.00229238 -0.000920298 0.00228512 0.999965 -0.00807247 0.000938139 0.00807048 0.999967 0.0809072 0.177974 -0.321469
FixedParameters: 0 0 0

#Transform 36
Transform: AffineTransform_float_3_3
Parameters: 0.999997 -0.00233436 -0.00112607 0.0023253 0.999969 -0.00747749 0.00114344 0.00747559 0.999971 0.0905217 0.150483 -0.335827
FixedParameters: 0 0 0

#Transform 37
Transform: AffineTransform_float_3_3
Parameters: 0.999997 -0.00231552 -0.000950734 0.00230783 0.999968 -0.00758691 0.000968501 0.00758492 0.999971 0.0825397 0.164678 -0.337582
FixedParameters: 0 0 0

#Transform 38
Transform: AffineTransform_float_3_3
Parameters: 0.999997 -0.00230052 -0.000889178 0.00229328 0.999967 -0.0078216 0.000906892 0.00781978 0.999969 0.072797 0.164707 -0.339589
FixedParameters: 0 0 0

#Transform 39
Transform: AffineTransform_float_3_3
Parameters: 0.999997 -0.00139154 -0.00194487 0.00137485 0.999961 -0.00870709 0.00195683 0.00870397 0.99996 0.089918 0.183478 -0.377021
FixedParameters: 0 0 0

#Transform 40
Transform: AffineTransform_float_3_3
Parameters: 0.999998 -0.000544183 -0.00221591 0.000530365 0.999981 -0.00623248 0.00221925 0.0062308 0.999978 0.0619684 0.156776 -0.272939
FixedParameters: 0 0 0

#Transform 41
Transform: AffineTransform_float_3_3
Parameters: 0.999994 0.000539843 -0.00324419 -0.000553821 0.999991 -0.00418003 0.00324243 0.00418175 0.999986 0.0383551 0.0831929 -0.134077
FixedParameters: 0 0 0

#Transform 42
Transform: AffineTransform_float_3_3
Parameters: 0.999991 0.00261095 -0.00332365 -0.00259603 0.999987 0.00438676 0.00333497 -0.00437768 0.999985 -0.0469652 -0.0826637 0.135258
FixedParameters: 0 0 0

#Transform 43
Transform: AffineTransform_float_3_3
Parameters: 0.999991 0.00199636 -0.00379869 -0.00198852 0.999996 0.00217372 0.00380389 -0.00216652 0.999991 -0.00517765 -0.0638534 0.111645
FixedParameters: 0 0 0

#Transform 44
Transform: AffineTransform_float_3_3
Parameters: 0.999994 0.00131699 -0.00322881 -0.00131835 0.999999 -0.000339307 0.00322876 0.00034341 0.999995 0.00223998 -0.00292087 0.078069
FixedParameters: 0 0 0

#Transform 45
Transform: AffineTransform_float_3_3
Parameters: 0.999989 0.0020448 -0.00422771 -0.00202308 0.999984 0.00519818 0.00423827 -0.00518913 0.999977 -0.0611373 -0.102598 0.164875
FixedParameters: 0 0 0

#Transform 46
Transform: AffineTransform_float_3_3
Parameters: 0.999987 0.00266149 -0.00418435 -0.00262641 0.999961 0.00839421 0.00420586 -0.00838284 0.999956 -0.0205408 -0.220278 0.365595
FixedParameters: 0 0 0

#Transform 47
Transform: AffineTransform_float_3_3
Parameters: 0.999999 0.00137527 -0.000204617 -0.00137427 0.999979 0.00642359 0.000213071 -0.0064232 0.999979 -0.10543 -0.163382 0.281722
FixedParameters: 0 0 0

#Transform 48
Transform: AffineTransform_float_3_3
Parameters: 0.999997 0.000502692 0.00230353 -0.000514422 0.999988 0.00490518 -0.00230129 -0.00490655 0.999986 -0.129565 -0.152689 0.202411
FixedParameters: 0 0 0

#Transform 49
Transform: AffineTransform_float_3_3
Parameters: 0.999997 0.000702032 0.00238999 -0.000714044 0.999989 0.00477985 -0.00238705 -0.00478141 0.999985 -0.130172 -0.123409 0.194306
FixedParameters: 0 0 0

#Transform 50
Transform: AffineTransform_float_3_3
Parameters: 0.999998 0.000681811 0.00194756 -0.00069159 0.999987 0.00504096 -0.00194423 -0.00504177 0.999986 -0.119715 -0.141104 0.23023
FixedParameters: 0 0 0

#Transform 51
Transform: AffineTransform_float_3_3
Parameters: 0.999998 0.00189046 0.000386692 -0.00189298 0.999979 0.00617281 -0.000375001 -0.0061736 0.999981 -0.0691975 -0.114223 0.201345
FixedParameters: 0 0 0

#Transform 52
Transform: AffineTransform_float_3_3
Parameters: 0.999999 0.00131352 0.000120157 -0.00131461 0.999979 0.00636045 -0.000111802 -0.00636088 0.99998 -0.0378664 -0.155229 0.203645
FixedParameters: 0 0 0

#Transform 53
Transform: AffineTransform_float_3_3
Parameters: 0.999999 0.000641999 0.000109257 -0.000643357 0.999986 0.00539051 -0.000105088 -0.00539077 0.999985 -0.0124604 -0.141346 0.133622
FixedParameters: 0 0 0

#Transform 54
Transform: AffineTransform_float_3_3
Parameters: 0.999999 0.000379722 -0.00185146 -0.000393568 0.999973 -0.00731568 0.00184918 0.00731583 0.999972 0.0767508 0.202773 -0.212664
FixedParameters: 0 0 0

#Transform 55
Transform: AffineTransform_float_3_3
Parameters: 0.999997 0.00192129 0.00154869 -0.00192486 0.999996 0.00239263 -0.00154367 -0.00239591 0.999996 -0.0834441 -0.0797856 0.161266
FixedParameters: 0 0 0

#Transform 56
Transform: AffineTransform_float_3_3
Parameters: 0.999994 0.00168205 0.00271292 -0.00169551 0.999986 0.00500263 -0.00270405 -0.0050071 0.999984 -0.118918 -0.0911082 0.0446955
FixedParameters: 0 0 0

#Transform 57
Transform: AffineTransform_float_3_3
Parameters: 0.999983 0.00192177 0.00554163 -0.0019727 0.999957 0.00905256 -0.00552364 -0.00906325 0.999943 -0.20463 -0.19807 0.158937
FixedParameters: 0 0 0

#Transform 58
Transform: AffineTransform_float_3_3
Parameters: 0.999986 0.0010139 0.00517172 -0.00105292 0.999971 0.00752131 -0.00516357 -0.00752664 0.999959 -0.166608 -0.161829 0.0243099
FixedParameters: 0 0 0

#Transform 59
Transform: AffineTransform_float_3_3
Parameters: 0.99998 0.000444477 0.00620341 -0.000490699 0.999973 0.00743004 -0.0061994 -0.00743306 0.999953 -0.164791 -0.172778 0.043552
FixedParameters: 0 0 0

#Transform 60
Transform: AffineTransform_float_3_3
Parameters: 0.999983 0.000204293 0.00572302 -0.000237006 0.999984 0.00573996 -0.00572142 -0.00574157 0.999967 -0.153909 -0.119964 0.0690029
FixedParameters: 0 0 0

#Transform 61
Transform: AffineTransform_float_3_3
Parameters: 0.999979 0.000181802 0.00649531 -0.000228746 0.999974 0.00723123 -0.00649353 -0.00723285 0.999953 -0.190513 -0.193726 0.0930829
FixedParameters: 0 0 0

#Transform 62
Transform: AffineTransform_float_3_3
Parameters: 0.999984 0.000468928 0.00550222 -0.000508874 0.999973 0.00725616 -0.0054987 -0.00725893 0.999959 -0.187235 -0.194518 0.0739328
FixedParameters: 0 0 0

#Transform 63
Transform: AffineTransform_float_3_3
Parameters: 0.99999 0.000535105 0.0044363 -0.000556401 0.999988 0.00487298 -0.00443355 -0.00487532 0.999979 -0.130189 -0.150665 0.105495
FixedParameters: 0 0 0

#Transform 64
Transform: AffineTransform_float_3_3
Parameters: 0.999979 0.00178195 0.00629784 -0.0019065 0.999803 0.0197147 -0.00626154 -0.0197266 0.999785 -0.34014 -0.0959028 0.201868
FixedParameters: 0 0 0

#Transform 65
Transform: AffineTransform_float_3_3
Parameters: 0.999872 0.00146746 0.0159657 -0.00184324 0.999722 0.023516 -0.0159274 -0.0235425 0.999596 -0.445144 0.0196707 -0.763092
FixedParameters: 0 0 0

#Transform 66
Transform: AffineTransform_float_3_3
Parameters: 0.999855 -0.00177582 0.016924 0.00152 0.999885 0.0151124 -0.0169487 -0.0150842 0.999742 -0.568497 -0.30494 -0.167256
FixedParameters: 0 0 0

#Transform 67
Transform: AffineTransform_float_3_3
Parameters: 0.999742 -0.00235661 0.0226346 0.00199393 0.99987 0.0160432 -0.0226692 -0.0159939 0.999615 -0.624383 -0.273974 0.1337
FixedParameters: 0 0 0

#Transform 68
Transform: AffineTransform_float_3_3
Parameters: 0.999958 -0.00435069 0.00805311 0.00428988 0.999962 0.00762806 -0.00808573 -0.00759301 0.999938 -0.206516 -0.0634142 0.1398
FixedParameters: 0 0 0

#Transform 69
Transform: AffineTransform_float_3_3
Parameters: 0.99999 -0.000876475 0.00448829 0.000757089 0.999646 0.0265822 -0.00450968 -0.0265786 0.999637 -0.29743 -0.463799 0.398024
FixedParameters: 0 0 0

#Transform 70
Transform: AffineTransform_float_3_3
Parameters: 0.999998 -0.00129068 0.00120858 0.00127564 0.999928 0.011979 -0.00122409 -0.0119775 0.999928 -0.136986 -0.252032 0.0607182
FixedParameters: 0 0 0

#Transform 71
Transform: AffineTransform_float_3_3
Parameters: 0.999999 -0.00126085 -0.000903283 0.00126823 0.999967 0.0081177 0.00089315 -0.00811869 0.999967 -0.0153408 0.00974253 -0.586157
FixedParameters: 0 0 0

#Transform 72
Transform: AffineTransform_float_3_3
Parameters: 0.999998 -0.00179002 -0.000710224 0.00179652 0.999961 0.00873047 0.000694634 -0.00873094 0.999962 -0.0433809 -0.225953 -0.0676464
FixedParameters: 0 0 0

#Transform 73
Transform: AffineTransform_float_3_3
Parameters: 0.999996 -0.00272941 0.000403163 0.00272661 0.999966 0.0076874 -0.000424031 -0.00768579 0.99997 -0.0487494 -0.175295 -0.0442989
FixedParameters: 0 0 0

#Transform 74
Transform: AffineTransform_float_3_3
Parameters: 0.999993 -0.00286828 0.00208558 0.00285148 0.999962 0.00818844 -0.00210901 -0.00818252 0.999964 -0.0700531 -0.147538 -0.119519
FixedParameters: 0 0 0

#Transform 75
Transform: AffineTransform_float_3_3
Parameters: 0.999991 -0.0028928 0.00306548 0.00287073 0.999969 0.00737351 -0.00308659 -0.00736477 0.999968 -0.0787316 -0.142205 -0.201042
FixedParameters: 0 0 0

#Transform 76
Transform: AffineTransform_float_3_3
Parameters: 0.999987 -0.0034289 0.00391907 0.00340288 0.999972 0.00664651 -0.0039419 -0.0066326 0.99997 -0.0802777 -0.136847 -0.251634
FixedParameters: 0 0 0

#Transform 77
Transform: AffineTransform_float_3_3
Parameters: 0.99999 -0.00301567 0.00313632 0.00299491 0.999972 0.00683911 -0.00315623 -0.006829 0.999972 -0.0635294 -0.126087 -0.246627
FixedParameters: 0 0 0

#Transform 78
Transform: AffineTransform_float_3_3
Parameters: 0.999992 -0.00317284 0.00256878 0.00315726 0.999978 0.00574761 -0.00258714 -0.00573918 0.99998 -0.0548186 -0.119231 -0.158212
FixedParameters: 0 0 0

#Transform 79
Transform: AffineTransform_float_3_3
Parameters: 0.99999 -0.00349585 0.00258325 0.00348022 0.999975 0.00616071 -0.00260411 -0.00615175 0.999978 -0.0449512 -0.11409 -0.158334
FixedParameters: 0 0 0

#Transform 80
Transform: AffineTransform_float_3_3
Parameters: 0.999992 -0.00291999 0.00292932 0.00289872 0.999969 0.00724735 -0.00295005 -0.00723817 0.99997 -0.0957477 -0.134214 -0.154954
FixedParameters: 0 0 0

#Transform 81
Transform: AffineTransform_float_3_3
Parameters: 0.999999 -0.00100588 0.000805197 0.000997595 0.999944 0.0105165 -0.000816036 -0.0105153 0.999944 -0.15628 -0.15465 -0.0398429
FixedParameters: 0 0 0

#Transform 82
Transform: AffineTransform_float_3_3
Parameters: 0.999992 -0.00320485 0.00226433 0.00318409 0.999951 0.00937759 -0.00229429 -0.00937044 0.999953 -0.103535 -0.121451 -0.172838
FixedParameters: 0 0 0

#Transform 83
Transform: AffineTransform_float_3_3
Parameters: 0.999998 -0.000734695 0.00162023 0.000722521 0.999974 0.0072721 -0.00162532 -0.0072701 0.999972 -0.0553708 -0.0745578 -0.227451
FixedParameters: 0 0 0

#Transform 84
Transform: AffineTransform_float_3_3
Parameters: 0.999998 -0.00202879 0.000260418 0.00202571 0.999943 0.0104645 -0.000281261 -0.0104637 0.999946 -0.197356 -0.228395 0.13018
FixedParameters: 0 0 0

#Transform 85
Transform: AffineTransform_float_3_3
Parameters: 0.999987 0.00207847 -0.00447788 -0.00196231 0.999667 0.0257414 0.00452956 -0.0257323 0.999658 -0.155216 -0.382318 0.251002
FixedParameters: 0 0 0

#Transform 86
Transform: AffineTransform_float_3_3
Parameters: 0.999995 0.00117062 -0.00310042 -0.00111135 0.999819 0.0190085 0.00312161 -0.0190044 0.999815 -0.12016 -0.359313 0.128944
FixedParameters: 0 0 0

#Transform 87
Transform: AffineTransform_float_3_3
Parameters: 0.999997 -0.000142314 -0.00249503 0.000176087 0.999911 0.0133903 0.00249204 -0.0133902 0.999908 -0.062643 -0.231417 -0.0244771
FixedParameters: 0 0 0

#Transform 88
Transform: AffineTransform_float_3_3
Parameters: 0.999994 -0.000641291 -0.00322065 0.00067604 0.99994 0.0109331 0.00321309 -0.010936 0.999935 -0.0218949 -0.186102 -0.081244
FixedParameters: 0 0 0

#Transform 89
Transform: AffineTransform_float_3_3
Parameters: 0.999994 -0.000653661 -0.00321984 0.000689445 0.999936 0.0112418 0.00321201 -0.0112437 0.999932 -0.0125396 -0.186968 -0.0915019
FixedParameters: 0 0 0

#Transform 90
Transform: AffineTransform_float_3_3
Parameters: 1 -0.000527865 -0.000435311 0.000533041 0.999923 0.0123409 0.000429246 -0.0123412 0.999923 -0.0781705 -0.203502 -0.0480967
FixedParameters: 0 0 0

#Transform 91
Transform: AffineTransform_float_3_3
Parameters: 0.999999 5.1205e-05 -0.000582038 -4.41861e-05 0.999926 0.0121226 0.000582087 -0.0121222 0.999926 -0.104273 -0.180389 -0.0448738
FixedParameters: 0 0 0

#Transform 92
Transform: AffineTransform_float_3_3
Parameters: 0.999992 0.00152108 -0.00344 -0.00146466 0.999868 0.0161677 0.00346444 -0.0161624 0.999864 -0.124836 -0.243442 0.498042
FixedParameters: 0 0 0

#Transform 93
Transform: AffineTransform_float_3_3
Parameters: 0.999963 0.00252708 -0.00825195 -0.00241925 0.999912 0.0130509 0.00828415 -0.0130301 0.999881 -0.0712053 -0.189547 0.839725
FixedParameters: 0 0 0

#Transform 94
Transform: AffineTransform_float_3_3
Parameters: 0.999996 -0.000424675 -0.00257729 0.000446791 0.999963 0.00851701 0.00257369 -0.00851773 0.999961 -0.124663 -0.0976017 0.511296
FixedParameters: 0 0 0

#Transform 95
Transform: AffineTransform_float_3_3
Parameters: 0.999991 -0.00164222 0.00392434 0.0016009 0.999944 0.010479 -0.00394156 -0.0104721 0.999937 -0.246489 -0.175786 0.320997
FixedParameters: 0 0 0

#Transform 96
Transform: AffineTransform_float_3_3
Parameters: 0.999996 -0.001455 0.00202232 0.0014336 0.999939 0.0109608 -0.00203837 -0.0109577 0.999938 -0.186427 -0.1828 0.266497
FixedParameters: 0 0 0

#Transform 97
Transform: AffineTransform_float_3_3
Parameters: 0.999996 -0.00101991 0.00274766 0.000981047 0.999902 0.0139572 -0.00276185 -0.0139538 0.999899 -0.258008 -0.078201 -0.0336345
FixedParameters: 0 0 0

#Transform 98
Transform: AffineTransform_float_3_3
Parameters: 0.999992 -0.00188603 0.00358031 0.00183378 0.999889 0.0147697 -0.00360773 -0.0147629 0.999884 -0.220404 -0.289112 0.138626
FixedParameters: 0 0 0

#Transform 99
Transform: AffineTransform_float_3_3
Parameters: 0.999991 -0.00123707 0.00405545 0.00118327 0.999911 0.0132854 -0.00407084 -0.0132808 0.999904 -0.236494 -0.234807 0.181875
FixedParameters: 0 0 0

#Transform 100
Transform: AffineTransform_float_3_3
Parameters: 1 0.000171655 -7.26492e-05 -0.000169881 0.999913 0.0132281 7.47744e-05 -0.0132282 0.999912 -0.199654 -0.189579 0.221651
FixedParameters: 0 0 0

#Transform 101
Transform: AffineTransform_float_3_3
Parameters: 0.999998 -0.00146883 0.00112197 0.00145732 0.999945 0.0104372 -0.00113762 -0.0104354 0.999945 -0.12442 -0.205005 0.0829523
FixedParameters: 0 0 0

#Transform 102
Transform: AffineTransform_float_3_3
Parameters: 0.999999 -9.4361e-05 0.00169078 6.17373e-05 0.999811 0.0194732 -0.00169177 -0.0194732 0.999809 -0.242943 -0.289711 0.417245
FixedParameters: 0 0 0

#Transform 103
Transform: AffineTransform_float_3_3
Parameters: 1 -5.65231e-05 0.00103162 3.89069e-05 0.999841 0.0178292 -0.00103194 -0.0178289 0.99984 -0.191442 -0.264741 0.257936
FixedParameters: 0 0 0

#Transform 104
Transform: AffineTransform_float_3_3
Parameters: 1 -0.000685439 0.000235441 0.000682675 0.999912 0.0133022 -0.000245151 -0.0133021 0.999912 -0.158006 -0.199715 0.126369
FixedParameters: 0 0 0

#Transform 105
Transform: AffineTransform_float_3_3
Parameters: 1 -0.00039865 -0.00095884 0.000411452 0.999905 0.0138285 0.000952924 -0.0138287 0.999904 -0.139701 -0.208673 0.199488
FixedParameters: 0 0 0

#Transform 106
Transform: AffineTransform_float_3_3
Parameters: 0.999999 -0.000172444 0.0013311 0.00015236 0.999892 0.0147325 -0.00133387 -0.0147328 0.99989 -0.181418 -0.247534 0.218518
FixedParameters: 0 0 0

#Transform 107
Transform: AffineTransform_float_3_3
Parameters: 1 -0.000272764 4.10308e-05 0.000271981 0.999924 0.0123097 -4.41284e-05 -0.0123097 0.999924 -0.13268 -0.204032 0.19021
FixedParameters: 0 0 0

#Transform 108
Transform: AffineTransform_float_3_3
Parameters: 1 -0.000101205 3.08651e-05 0.000100488 0.999915 0.0130289 -3.20852e-05 -0.0130289 0.999915 -0.15052 -0.209216 0.201073
FixedParameters: 0 0 0

#Transform 109
Transform: AffineTransform_float_3_3
Parameters: 0.999999 0.000345585 -0.000201556 -0.000342633 0.999916 0.01297 0.000205989 -0.0129697 0.999916 -0.179777 -0.23954 0.257874
FixedParameters: 0 0 0

#Transform 110
Transform: AffineTransform_float_3_3
Parameters: 0.999999 0.000929944 0.000256774 -0.000933671 0.99988 0.0154549 -0.000241951 -0.0154556 0.999881 -0.217998 -0.233478 0.259509
FixedParameters: 0 0 0

#Transform 111
Transform: AffineTransform_float_3_3
Parameters: 0.999987 0.00107947 0.00510505 -0.0011807 0.999802 0.0198375 -0.00508267 -0.0198426 0.99979 -0.332588 -0.296027 0.424721
FixedParameters: 0 0 0

#Transform 112
Transform: AffineTransform_float_3_3
Parameters: 0.999991 0.00105236 0.0039671 -0.00112697 0.999823 0.018769 -0.00394642 -0.0187728 0.999816 -0.31555 -0.296197 0.480982
FixedParameters: 0 0 0

#Transform 113
Transform: AffineTransform_float_3_3
Parameters: 0.999997 0.000995589 0.0025641 -0.00103558 0.999877 0.0156494 -0.00254876 -0.015652 0.999874 -0.28404 -0.261078 0.601738
FixedParameters: 0 0 0

#Transform 114
Transform: AffineTransform_float_3_3
Parameters: 1 0.000746168 0.000418181 -0.000751191 0.999907 0.0136266 -0.000408282 -0.0136275 0.999907 -0.219462 -0.220455 0.486222
FixedParameters: 0 0 0

#Transform 115
Transform: AffineTransform_float_3_3
Parameters: 0.999996 0.00129728 -0.0021465 -0.00126218 0.999864 0.0164356 0.00216774 -0.0164333 0.999863 -0.166928 -0.224881 0.517433
FixedParameters: 0 0 0

#Transform 116
Transform: AffineTransform_float_3_3
Parameters: 0.99999 0.0017473 -0.00398868 -0.0016819 0.999867 0.0162442 0.00401624 -0.0162369 0.99986 -0.136331 -0.220581 0.512654
FixedParameters: 0 0 0

#Transform 117
Transform: AffineTransform_float_3_3
Parameters: 0.999984 0.00199221 -0.00533687 -0.0018682 0.999735 0.0229774 0.00538095 -0.0229668 0.999722 -0.180423 -0.412833 1.19595
FixedParameters: 0 0 0

#Transform 118
Transform: AffineTransform_float_3_3
Parameters: 0.999984 0.00545953 -0.00138717 -0.00543089 0.999791 0.0197277 0.00149493 -0.0197203 0.999804 -0.275393 -0.18349 0.691432
FixedParameters: 0 0 0

#Transform 119
Transform: AffineTransform_float_3_3
Parameters: 0.999988 -0.00476345 -0.00110679 0.00478096 0.999851 0.0165867 0.00102828 -0.0165914 0.999862 -0.052214 -0.253561 0.774818
FixedParameters: 0 0 0
