#Insight Transform File V1.0
#Transform 0
Transform: AffineTransform_float_3_3
Parameters: 0.99999 0.00449633 0.00129472 -0.00447992 0.999918 -0.0119616 -0.00134892 0.0119557 0.999927 -0.302273 0.240994 -0.696772
FixedParameters: 0 0 0

#Transform 1
Transform: AffineTransform_float_3_3
Parameters: 0.999989 0.00440889 0.00122055 -0.00439334 0.999915 -0.0122872 -0.00127494 0.0122823 0.999924 -0.29084 0.242783 -0.728929
FixedParameters: 0 0 0

#Transform 2
Transform: AffineTransform_float_3_3
Parameters: 0.999993 0.00340445 0.00147018 -0.0033882 0.999931 -0.011245 -0.00150814 0.0112394 0.999935 -0.222298 0.257012 -0.787665
FixedParameters: 0 0 0

#Transform 3
Transform: AffineTransform_float_3_3
Parameters: 0.999988 0.00451396 0.00156753 -0.00449633 0.99993 -0.0109253 -0.00161679 0.0109182 0.99994 -0.258297 0.191689 -0.784938
FixedParameters: 0 0 0

#Transform 4
Transform: AffineTransform_float_3_3
Parameters: 0.999994 0.00327147 0.00139352 -0.00325843 0.999953 -0.00912374 -0.00142337 0.00911952 0.999957 -0.177915 0.198693 -0.71265
FixedParameters: 0 0 0

#Transform 5
Transform: AffineTransform_float_3_3
Parameters: 0.999991 0.00418974 0.001217 -0.004179 0.999947 -0.00934267 -0.001256 0.00933784 0.999955 -0.20434 0.226945 -0.777165
FixedParameters: 0 0 0

#Transform 6
Transform: AffineTransform_float_3_3
Parameters: 0.999992 0.00392039 0.000540909 -0.00391552 0.999943 -0.00996438 -0.000579805 0.0099618 0.999951 -0.186327 0.189588 -0.81506
FixedParameters: 0 0 0

#Transform 7
Transform: AffineTransform_float_3_3
Parameters: 0.999988 0.0047825 0.000516212 -0.00477745 0.999946 -0.00920065 -0.000560093 0.00919813 0.999958 -0.192339 0.176062 -0.823842
FixedParameters: 0 0 0

#Transform 8
Transform: AffineTransform_float_3_3
Parameters: 0.999986 0.00516566 0.000508528 -0.00516164 0.999946 -0.00901069 -0.000554736 0.00900797 0.99996 -0.203955 0.238044 -0.828108
FixedParameters: 0 0 0

#Transform 9
Transform: AffineTransform_float_3_3
Parameters: 0.999987 0.00519195 -0.000238754 -0.0051939 0.999937 -0.00992517 0.000186723 0.00992626 0.999951 -0.158036 0.365938 -0.949098
FixedParameters: 0 0 0

#Transform 10
Transform: AffineTransform_float_3_3
Parameters: 0.999983 0.00502237 0.00275798 -0.00499928 0.999953 -0.00835484 -0.00280029 0.00834165 0.999962 -0.223445 0.0934771 -0.607142
FixedParameters: 0 0 0

#Transform 11
Transform: AffineTransform_float_3_3
Parameters: 0.999984 0.00493381 0.00244524 -0.00491756 0.999969 -0.00621957 -0.00247626 0.0062072 0.999978 -0.296145 0.282993 -0.509659
FixedParameters: 0 0 0

#Transform 12
Transform: AffineTransform_float_3_3
Parameters: 0.999986 0.00521566 -0.00100039 -0.00522443 0.999948 -0.00873495 0.000954699 0.00874017 0.999961 -0.234874 0.162565 -0.720675
FixedParameters: 0 0 0

#Transform 13
Transform: AffineTransform_float_3_3
Parameters: 0.999989 0.00474139 -0.000523116 -0.00474623 0.999941 -0.00976916 0.000477363 0.00977203 0.999952 -0.252985 0.21719 -0.576758
FixedParameters: 0 0 0

#Transform 14
Transform: AffineTransform_float_3_3
Parameters: 0.999984 0.00561428 2.98924e-05 -0.00561365 0.999917 -0.0116321 -9.43215e-05 0.0116322 0.999932 -0.272035 0.189335 -0.654629
FixedParameters: 0 0 0

#Transform 15
Transform: AffineTransform_float_3_3
Parameters: 0.999984 0.00552991 -0.000514535 -0.00553441 0.999933 -0.010235 0.000457707 0.0102379 0.999948 -0.17359 0.380406 -0.986522
FixedParameters: 0 0 0

#Transform 16
Transform: AffineTransform_float_3_3
Parameters: 0.999991 0.00419284 -0.000792826 -0.0042028 0.999906 -0.0129909 0.00073814 0.0129942 0.999915 -0.0663448 0.307339 -1.13471
FixedParameters: 0 0 0

#Transform 17
Transform: AffineTransform_float_3_3
Parameters: 0.99999 0.00304922 0.00322797 -0.00307477 0.999965 0.00785322 -0.00320362 -0.00786347 0.999965 0.0407341 -0.0419837 -0.222582
FixedParameters: 0 0 0

#Transform 18
Transform: AffineTransform_float_3_3
Parameters: 0.999994 0.0024465 0.00239399 -0.00246329 0.999973 0.00694728 -0.00237771 -0.00695335 0.999973 0.027398 -0.0595412 -0.230166
FixedParameters: 0 0 0

#Transform 19
Transform: AffineTransform_float_3_3
Parameters: 0.999996 0.00203676 0.00200536 -0.00205638 0.99995 0.00977518 -0.00198532 -0.00977898 0.99995 0.071291 0.131307 -0.432618
FixedParameters: 0 0 0

#Transform 20
Transform: AffineTransform_float_3_3
Parameters: 0.999999 0.000716892 -0.000908003 -0.000713241 0.999992 0.00396789 0.000910461 -0.003967 0.999992 0.0139824 -0.0397937 -0.0624937
FixedParameters: 0 0 0

#Transform 21
Transform: AffineTransform_float_3_3
Parameters: 0.999992 0.00258632 -0.00292452 -0.00259788 0.999989 -0.00398152 0.00291364 0.00398921 0.999988 -0.0619516 0.192031 -0.275212
FixedParameters: 0 0 0

#Transform 22
Transform: AffineTransform_float_3_3
Parameters: 0.99998 0.00444116 -0.00456245 -0.00444164 0.99999 -8.37182e-05 0.00456253 0.000103805 0.999989 -0.0814107 0.136972 -0.290808
FixedParameters: 0 0 0

#Transform 23
Transform: AffineTransform_float_3_3
Parameters: 0.999989 0.00312979 -0.00355671 -0.00313301 0.999994 -0.000885927 0.00355491 0.000897297 0.999993 -0.0585203 0.0931648 -0.324281
FixedParameters: 0 0 0

#Transform 24
Transform: AffineTransform_float_3_3
Parameters: 0.999988 0.00292262 -0.00380791 -0.00292667 0.999995 -0.00122626 0.00380458 0.00123753 0.999992 -0.0401635 0.104132 -0.324396
FixedParameters: 0 0 0

#Transform 25
Transform: AffineTransform_float_3_3
Parameters: 0.999989 0.00302372 -0.00347611 -0.00302814 0.999995 -0.00106927 0.00347298 0.00107938 0.999993 -0.0449831 0.11396 -0.334207
FixedParameters: 0 0 0

#Transform 26
Transform: AffineTransform_float_3_3
Parameters: 0.99999 0.00276772 -0.00353371 -0.00277672 0.999992 -0.00266717 0.00352704 0.00267755 0.99999 0.00794807 0.253802 -0.775762
FixedParameters: 0 0 0

#Transform 27
Transform: AffineTransform_float_3_3
Parameters: 0.999993 0.00187989 -0.00299062 -0.00188638 0.999995 -0.00229702 0.0029861 0.0023033 0.999993 0.0465498 0.0627233 -0.581473
FixedParameters: 0 0 0

#Transform 28
Transform: AffineTransform_float_3_3
Parameters: 0.999993 0.00218475 -0.00292288 -0.00219724 0.999988 -0.0044878 0.00291316 0.00449401 0.999985 0.0361251 0.132238 -0.543173
FixedParameters: 0 0 0

#Transform 29
Transform: AffineTransform_float_3_3
Parameters: 0.999992 0.00243714 -0.00296485 -0.00244703 0.999992 -0.00308638 0.0029578 0.0030933 0.999991 0.0166729 0.197769 -0.547348
FixedParameters: 0 0 0

#Transform 30
Transform: AffineTransform_float_3_3
Parameters: 0.999991 0.00184583 -0.00357605 -0.00185484 0.999994 -0.00262406 0.00357092 0.00263131 0.99999 0.157929 0.339703 -0.872476
FixedParameters: 0 0 0

#Transform 31
Transform: AffineTransform_float_3_3
Parameters: 0.999932 0.00838146 -0.00801662 -0.00843686 0.99994 -0.00693363 0.00795819 0.00700067 0.999944 -0.365971 0.0850263 -0.59138
FixedParameters: 0 0 0

#Transform 32
Transform: AffineTransform_float_3_3
Parameters: 0.999974 0.00424549 -0.00591982 -0.00427516 0.999978 -0.00501255 0.00589792 0.00503732 0.99997 -0.0381131 0.216123 -0.670296
FixedParameters: 0 0 0

#Transform 33
Transform: AffineTransform_float_3_3
Parameters: 0.999965 0.0047016 -0.00695797 -0.00474273 0.999971 -0.00591355 0.00693036 0.00594641 0.999958 -0.0238985 0.27836 -0.769107
FixedParameters: 0 0 0

#Transform 34
Transform: AffineTransform_float_3_3
Parameters: 0.999966 0.00491018 -0.006558 -0.0049458 0.999973 -0.00540051 0.00653127 0.00543269 0.999964 -0.0348986 0.0759932 -0.780503
FixedParameters: 0 0 0

#Transform 35
Transform: AffineTransform_float_3_3
Parameters: 0.999966 0.0046456 -0.0068721 -0.00468309 0.999975 -0.0054327 0.0068467 0.00546524 0.999962 -0.000830828 0.27635 -0.825967
FixedParameters: 0 0 0

#Transform 36
Transform: AffineTransform_float_3_3
Parameters: 0.999968 0.00400513 -0.0069455 -0.00403521 0.999982 -0.00440079 0.0069274 0.0044288 0.999966 0.0187736 0.192732 -0.780829
FixedParameters: 0 0 0

#Transform 37
Transform: AffineTransform_float_3_3
Parameters: 0.99997 0.00391223 -0.00673287 -0.00394618 0.999979 -0.00507754 0.0067134 0.00510377 0.999965 -9.88293e-05 0.165604 -0.783315
FixedParameters: 0 0 0

#Transform 38
Transform: AffineTransform_float_3_3
Parameters: 0.999971 0.0037771 -0.00665277 -0.00382457 0.999967 -0.00708548 0.00662564 0.00711079 0.999952 0.0385528 0.294247 -0.787472
FixedParameters: 0 0 0

#Transform 39
Transform: AffineTransform_float_3_3
Parameters: 0.999977 0.00404282 -0.00538498 -0.00407347 0.999975 -0.00575376 0.00536171 0.00577545 0.999969 -0.0514784 0.0229019 -0.701064
FixedParameters: 0 0 0

#Transform 40
Transform: AffineTransform_float_3_3
Parameters: 0.999977 0.00439182 -0.00514484 -0.00441567 0.99998 -0.0045725 0.00512423 0.00459534 0.999977 -0.0336748 0.270252 -0.745965
FixedParameters: 0 0 0

#Transform 41
Transform: AffineTransform_float_3_3
Parameters: 0.999982 0.0032602 -0.00512934 -0.00327879 0.999989 -0.00353027 0.00511789 0.00354716 0.99998 -0.0391001 0.176513 -0.70512
FixedParameters: 0 0 0

#Transform 42
Transform: AffineTransform_float_3_3
Parameters: 0.999984 0.00268506 -0.00500867 -0.00269608 0.999994 -0.0022781 0.00500275 0.0022922 0.999985 0.00592707 0.232159 -0.798863
FixedParameters: 0 0 0

#Transform 43
Transform: AffineTransform_float_3_3
Parameters: 0.99998 0.00353182 -0.00521505 -0.00354179 0.999992 -0.00179576 0.00520908 0.00181418 0.999984 -0.00710868 -0.0303212 -0.707442
FixedParameters: 0 0 0

#Transform 44
Transform: AffineTransform_float_3_3
Parameters: 0.999979 0.00373947 -0.005259 -0.00375513 0.999988 -0.00293238 0.00524811 0.00295132 0.999982 -0.000311166 0.185599 -0.785739
FixedParameters: 0 0 0

#Transform 45
Transform: AffineTransform_float_3_3
Parameters: 0.999976 0.00437237 -0.00538636 -0.00439779 0.999979 -0.00474063 0.00536584 0.00476504 0.999974 -0.0335593 0.237507 -0.81116
FixedParameters: 0 0 0

#Transform 46
Transform: AffineTransform_float_3_3
Parameters: 0.999976 0.00395299 -0.00578827 -0.00397716 0.999983 -0.00419183 0.00577222 0.00421435 0.999975 -0.016565 0.205145 -0.795366
FixedParameters: 0 0 0

#Transform 47
Transform: AffineTransform_float_3_3
Parameters: 0.999971 0.00369036 -0.00659831 -0.00371088 0.999989 -0.00312375 0.00658658 0.00314839 0.999973 -0.00138185 0.197565 -0.824169
FixedParameters: 0 0 0

#Transform 48
Transform: AffineTransform_float_3_3
Parameters: 0.999972 0.00224037 -0.00720404 -0.00225482 0.999996 -0.00191326 0.00719968 0.00192993 0.999972 0.0228523 0.316493 -0.605772
FixedParameters: 0 0 0

#Transform 49
Transform: AffineTransform_float_3_3
Parameters: 0.999979 0.00280639 -0.00580853 -0.00282225 0.999992 -0.0026885 0.00580134 0.00270414 0.99998 -0.0611762 -0.0067282 -0.492382
FixedParameters: 0 0 0

#Transform 50
Transform: AffineTransform_float_3_3
Parameters: 0.999994 0.00239336 -0.00257751 -0.00240163 0.999992 -0.00316497 0.00256951 0.00317025 0.999991 -0.068698 0.306758 -0.461137
FixedParameters: 0 0 0

#Transform 51
Transform: AffineTransform_float_3_3
Parameters: 0.999883 1.11281e-05 -0.0152996 -0.000117098 0.999976 -0.0069089 0.0152991 0.00690957 0.999859 0.0885428 0.130965 -0.108238
FixedParameters: 0 0 0

#Transform 52
Transform: AffineTransform_float_3_3
Parameters: 0.999941 0.00141691 -0.0108358 -0.00147247 0.999986 -0.00515031 0.0108286 0.00516569 0.999928 0.0418911 0.198123 -0.363703
FixedParameters: 0 0 0

#Transform 53
Transform: AffineTransform_float_3_3
Parameters: 0.999937 0.00212433 -0.0109755 -0.0021744 0.999988 -0.00454546 0.0109655 0.00456889 0.99993 0.0280496 0.27544 -0.551378
FixedParameters: 0 0 0

#Transform 54
Transform: AffineTransform_float_3_3
Parameters: 0.999954 0.00228692 -0.00936234 -0.00224347 0.999986 0.00463416 0.00937214 -0.00461307 0.999945 0.120476 0.198732 -0.96857
FixedParameters: 0 0 0

#Transform 55
Transform: AffineTransform_float_3_3
Parameters: 0.999968 0.00239217 -0.00755595 -0.00238316 0.999997 0.00121195 0.00755864 -0.00119471 0.99997 -0.00285156 -0.0377045 -0.720075
FixedParameters: 0 0 0

#Transform 56
Transform: AffineTransform_float_3_3
Parameters: 0.999965 0.00250405 -0.00803344 -0.00250353 0.999997 9.77161e-05 0.00803336 -7.75917e-05 0.999967 0.0061196 0.182553 -0.764214
FixedParameters: 0 0 0

#Transform 57
Transform: AffineTransform_float_3_3
Parameters: 0.999971 0.00273336 -0.00709964 -0.00273105 0.999996 0.000352394 0.00710087 -0.000333298 0.999975 0.0449951 0.263203 -0.903618
FixedParameters: 0 0 0

#Transform 58
Transform: AffineTransform_float_3_3
Parameters: 0.999985 0.000737956 -0.00533268 -0.000732967 1 0.000901048 0.005333 -0.00089672 0.999985 0.11074 0.257276 -0.669689
FixedParameters: 0 0 0

#Transform 59
Transform: AffineTransform_float_3_3
Parameters: 0.999987 0.000774575 -0.00507779 -0.000768952 0.999999 0.00110272 0.00507866 -0.00109896 0.999987 0.0757883 0.0741319 -0.320356
FixedParameters: 0 0 0

#Transform 60
Transform: AffineTransform_float_3_3
Parameters: 0.999981 -0.000980737 -0.0061622 0.000965133 0.999996 -0.00268776 0.00616478 0.00268145 0.999978 -0.0875096 0.314195 0.491719
FixedParameters: 0 0 0

#Transform 61
Transform: AffineTransform_float_3_3
Parameters: 0.999992 0.000725738 -0.00400184 -0.000744992 0.999987 -0.00498074 0.00399745 0.00498359 0.99998 -0.163281 0.104126 0.220905
FixedParameters: 0 0 0

#Transform 62
Transform: AffineTransform_float_3_3
Parameters: 0.999994 0.00136312 -0.00325755 -0.00136903 0.999997 -0.00195921 0.00325413 0.00196367 0.999993 -0.191496 0.330698 0.200409
FixedParameters: 0 0 0

#Transform 63
Transform: AffineTransform_float_3_3
Parameters: 0.999966 0.000530225 -0.00813455 -0.000550627 0.999997 -0.00249962 0.00813318 0.00250458 0.999963 -0.0286771 0.252697 0.0557313
FixedParameters: 0 0 0

#Transform 64
Transform: AffineTransform_float_3_3
Parameters: 0.999974 0.000112429 -0.00723657 -0.000117167 1 -0.00062688 0.00723606 0.000627398 0.999973 0.000496778 0.190813 0.0340012
FixedParameters: 0 0 0

#Transform 65
Transform: AffineTransform_float_3_3
Parameters: 0.999974 -0.000135086 -0.00719211 0.000126437 0.999999 -0.00116174 0.00719187 0.00116085 0.999974 -0.00433372 0.200168 -0.0232757
FixedParameters: 0 0 0

#Transform 66
Transform: AffineTransform_float_3_3
Parameters: 0.999974 -7.96321e-05 -0.00720178 7.24491e-05 1 -0.000914959 0.00720217 0.000915027 0.999973 -0.0201044 0.198689 -0.0153542
FixedParameters: 0 0 0

#Transform 67
Transform: AffineTransform_float_3_3
Parameters: 0.999972 -7.44645e-05 -0.00748704 6.95396e-05 1 -0.000668789 0.00748663 0.00066839 0.999971 -0.0273044 0.210995 -0.078634
FixedParameters: 0 0 0

#Transform 68
Transform: AffineTransform_float_3_3
Parameters: 0.999963 -0.00263729 -0.00822108 0.00269296 0.999973 0.00674141 0.00820261 -0.00676309 0.999944 0.0965083 0.18172 -0.231098
FixedParameters: 0 0 0

#Transform 69
Transform: AffineTransform_float_3_3
Parameters: 0.999965 -0.00123382 -0.00827211 0.00122781 0.999999 -0.000697326 0.00827282 0.000687604 0.999965 -0.0192268 0.0769152 0.0190164
FixedParameters: 0 0 0

#Transform 70
Transform: AffineTransform_float_3_3
Parameters: 0.999969 -0.000649991 -0.00784564 0.000651554 0.999999 0.00027428 0.00784579 -0.000278912 0.999969 -0.022732 0.204137 0.0467538
FixedParameters: 0 0 0

#Transform 71
Transform: AffineTransform_float_3_3
Parameters: 0.999966 -0.00256984 -0.00780734 0.00256204 0.999996 -0.00107493 0.00780985 0.00105505 0.999969 0.123781 0.343253 -0.411118
FixedParameters: 0 0 0

#Transform 72
Transform: AffineTransform_float_3_3
Parameters: 0.999973 -0.00122083 -0.00731546 0.00120273 0.999996 -0.0024311 0.00731822 0.00242183 0.99997 0.0498766 0.0214265 -0.269651
FixedParameters: 0 0 0

#Transform 73
Transform: AffineTransform_float_3_3
Parameters: 0.999973 -0.00126305 -0.00730847 0.00123837 0.999994 -0.00336417 0.00731303 0.00335495 0.999968 0.0612027 0.223564 -0.338897
FixedParameters: 0 0 0

#Transform 74
Transform: AffineTransform_float_3_3
Parameters: 0.99997 -0.00082189 -0.00767154 0.000805705 0.999998 -0.00197419 0.00767267 0.00196825 0.999968 0.0689667 0.224729 -0.343775
FixedParameters: 0 0 0

#Transform 75
Transform: AffineTransform_float_3_3
Parameters: 0.999972 -0.000815085 -0.00739195 0.000789332 0.999993 -0.00351604 0.00739434 0.00351077 0.999966 0.0489072 0.313593 -0.357554
FixedParameters: 0 0 0

#Transform 76
Transform: AffineTransform_float_3_3
Parameters: 0.99998 -0.000565137 -0.00637508 0.000555864 0.999999 -0.00144465 0.00637595 0.00144079 0.999979 -0.00747474 0.117472 -0.221904
FixedParameters: 0 0 0

#Transform 77
Transform: AffineTransform_float_3_3
Parameters: 0.999977 -0.000364135 -0.00680999 0.000358202 1 -0.000916282 0.00681081 0.000913848 0.999976 -0.0110655 0.164509 -0.191282
FixedParameters: 0 0 0

#Transform 78
Transform: AffineTransform_float_3_3
Parameters: 0.999971 -0.000802549 -0.00764265 0.000786677 0.999998 -0.0020343 0.00764452 0.00202897 0.999969 0.0529224 0.414125 -0.358988
FixedParameters: 0 0 0

#Transform 79
Transform: AffineTransform_float_3_3
Parameters: 0.999969 -0.000722277 -0.00792018 0.000710473 0.999998 -0.00147203 0.00792111 0.00146643 0.999967 0.0514112 0.0777773 -0.215274
FixedParameters: 0 0 0

#Transform 80
Transform: AffineTransform_float_3_3
Parameters: 0.99997 -0.00034953 -0.00772981 0.000336317 0.999999 -0.00169782 0.00773044 0.00169565 0.999968 0.0271149 0.183031 -0.301924
FixedParameters: 0 0 0

#Transform 81
Transform: AffineTransform_float_3_3
Parameters: 0.999969 5.87159e-05 -0.00779121 -7.78053e-05 0.999997 -0.00252956 0.00779176 0.00253028 0.999966 0.0397601 0.207411 -0.36535
FixedParameters: 0 0 0

#Transform 82
Transform: AffineTransform_float_3_3
Parameters: 0.999964 -0.000790966 -0.00837362 0.000763239 0.999995 -0.003275 0.00837665 0.0032684 0.99996 0.0937407 0.407693 -0.462062
FixedParameters: 0 0 0

#Transform 83
Transform: AffineTransform_float_3_3
Parameters: 0.999963 -0.000148878 -0.00858426 0.000124262 0.999996 -0.00279416 0.00858493 0.00279363 0.999959 0.0878513 0.0892055 -0.424472
FixedParameters: 0 0 0

#Transform 84
Transform: AffineTransform_float_3_3
Parameters: 0.99996 -0.000497712 -0.00901659 0.000474404 0.999997 -0.00256859 0.00901814 0.00256424 0.999956 0.0931038 0.185424 -0.450189
FixedParameters: 0 0 0

#Transform 85
Transform: AffineTransform_float_3_3
Parameters: 0.999945 -0.000136727 -0.010467 0.000132311 1 -0.000409572 0.0104682 0.000408448 0.999945 0.118147 0.427328 -0.733014
FixedParameters: 0 0 0

#Transform 86
Transform: AffineTransform_float_3_3
Parameters: 0.999925 -0.000147093 -0.0122676 0.000184901 0.999995 0.00309368 0.0122668 -0.00309588 0.99992 0.128413 0.028539 -0.601034
FixedParameters: 0 0 0

#Transform 87
Transform: AffineTransform_float_3_3
Parameters: 0.999932 -7.39935e-05 -0.01167 0.000104379 0.999996 0.00259552 0.0116696 -0.00259613 0.999929 0.0874363 0.147328 -0.550493
FixedParameters: 0 0 0

#Transform 88
Transform: AffineTransform_float_3_3
Parameters: 0.999948 0.000118954 -0.0101827 -0.00010157 0.999998 0.00171546 0.0101831 -0.00171409 0.999947 0.108334 0.305126 -0.50785
FixedParameters: 0 0 0

#Transform 89
Transform: AffineTransform_float_3_3
Parameters: 0.999948 0.000441495 -0.0101732 -0.000480166 0.999993 -0.00384618 0.0101712 0.00385148 0.999941 0.0453458 0.0887657 0.0154497
FixedParameters: 0 0 0

#Transform 90
Transform: AffineTransform_float_3_3
Parameters: 0.999965 0.00183968 -0.00822626 -0.00186456 0.999994 -0.00299371 0.00822062 0.00300869 0.999961 -0.00132081 0.27319 -0.20129
FixedParameters: 0 0 0

#Transform 91
Transform: AffineTransform_float_3_3
Parameters: 0.99996 0.00148703 -0.00886308 -0.00150933 0.999996 -0.00245647 0.0088604 0.00246932 0.999958 0.0184071 0.209569 -0.243733
FixedParameters: 0 0 0

#Transform 92
Transform: AffineTransform_float_3_3
Parameters: 0.999945 -0.000242152 -0.0104817 0.000196329 0.99999 -0.00443776 0.0104825 0.00443627 0.999935 0.0233127 0.484492 -0.198678
FixedParameters: 0 0 0

#Transform 93
Transform: AffineTransform_float_3_3
Parameters: 0.999958 -0.000140814 -0.00923947 8.14498e-05 0.99998 -0.00641498 0.00924017 0.00641425 0.999937 -0.103133 0.0998742 0.156788
FixedParameters: 0 0 0

#Transform 94
Transform: AffineTransform_float_3_3
Parameters: 0.999969 0.000519356 -0.00780768 -0.000567765 0.99998 -0.00629092 0.00780452 0.00629485 0.99995 -0.125331 0.254567 0.0417955
FixedParameters: 0 0 0

#Transform 95
Transform: AffineTransform_float_3_3
Parameters: 0.999957 0.00180042 -0.00908513 -0.00183567 0.999991 -0.00385035 0.00907843 0.00386796 0.999952 -0.122534 0.308598 -0.200165
FixedParameters: 0 0 0

#Transform 96
Transform: AffineTransform_float_3_3
Parameters: 0.999967 0.00142462 -0.00803143 -0.00145341 0.999992 -0.00351673 0.00802672 0.00352835 0.999961 -0.150133 0.218482 -0.0489977
FixedParameters: 0 0 0

#Transform 97
Transform: AffineTransform_float_3_3
Parameters: 0.999967 0.0013054 -0.00801876 -0.00135355 0.999981 -0.00603837 0.00801056 0.00604948 0.999949 -0.153492 0.257684 -0.091041
FixedParameters: 0 0 0

#Transform 98
Transform: AffineTransform_float_3_3
Parameters: 0.999963 0.0012646 -0.00844032 -0.00132303 0.999975 -0.00693437 0.00843088 0.00694551 0.999941 -0.11324 0.327786 -0.221395
FixedParameters: 0 0 0

#Transform 99
Transform: AffineTransform_float_3_3
Parameters: 0.999962 0.000493001 -0.00867448 -0.000549382 0.999979 -0.00645246 0.00867087 0.00645683 0.999942 -8.21149e-06 0.47329 -0.448269
FixedParameters: 0 0 0

#Transform 100
Transform: AffineTransform_float_3_3
Parameters: 0.99996 0.000629204 -0.00894227 -0.000670867 0.999989 -0.00469968 0.0089391 0.00470525 0.999949 -0.0264848 0.275159 -0.402373
FixedParameters: 0 0 0

#Transform 101
Transform: AffineTransform_float_3_3
Parameters: 0.999963 0.00168574 -0.00847363 -0.00171603 0.999992 -0.00354074 0.00846797 0.00355542 0.999958 -0.076852 0.279236 -0.368806
FixedParameters: 0 0 0

#Transform 102
Transform: AffineTransform_float_3_3
Parameters: 0.999941 0.00111768 -0.0107635 -0.00119292 0.999975 -0.00699147 0.0107555 0.00700386 0.999918 -0.130001 0.257588 0.0649355
FixedParameters: 0 0 0

#Transform 103
Transform: AffineTransform_float_3_3
Parameters: 0.999947 0.00210703 -0.0100718 -0.00216152 0.999983 -0.00538523 0.0100604 0.00540714 0.999935 -0.174403 0.255664 -0.101171
FixedParameters: 0 0 0

#Transform 104
Transform: AffineTransform_float_3_3
Parameters: 0.999962 0.00206212 -0.00839337 -0.00208673 0.999993 -0.00289383 0.00838779 0.00291156 0.99996 -0.0882825 0.458239 -0.434674
FixedParameters: 0 0 0

#Transform 105
Transform: AffineTransform_float_3_3
Parameters: 0.999962 0.00252505 -0.00834082 -0.00255862 0.999988 -0.00403192 0.00833049 0.00405329 0.999957 -0.170271 0.149623 -0.2309
FixedParameters: 0 0 0

#Transform 106
Transform: AffineTransform_float_3_3
Parameters: 0.999959 0.00289515 -0.00852049 -0.00292493 0.99999 -0.00344963 0.00850993 0.00347482 0.999958 -0.162106 0.308698 -0.331232
FixedParameters: 0 0 0

#Transform 107
Transform: AffineTransform_float_3_3
Parameters: 0.999952 0.00110893 -0.00971114 -0.00110139 0.999999 0.000848586 0.0097118 -0.00083765 0.999953 -0.00703538 0.405708 -0.580971
FixedParameters: 0 0 0

#Transform 108
Transform: AffineTransform_float_3_3
Parameters: 0.999997 -0.00143004 0.00179404 0.00143151 0.999999 -0.000545013 -0.00179331 0.000547129 0.999999 -0.205777 0.173422 0.342976
FixedParameters: 0 0 0

#Transform 109
Transform: AffineTransform_float_3_3
Parameters: 1 -0.000391986 3.43872e-05 0.000392019 0.999998 -0.00160526 -3.35443e-05 0.00160527 0.999998 -0.215494 0.246805 0.161547
FixedParameters: 0 0 0

#Transform 110
Transform: AffineTransform_float_3_3
Parameters: 0.999994 -0.0028278 -0.00224277 0.00281754 0.999986 -0.00444799 0.00225534 0.0044416 0.999987 -0.0335716 0.445918 -0.046051
FixedParameters: 0 0 0

#Transform 111
Transform: AffineTransform_float_3_3
Parameters: 0.999992 -0.00251576 -0.00298112 0.00251351 0.999997 -0.000607638 0.00298249 0.00060001 0.999995 -0.068348 0.123403 0.391014
FixedParameters: 0 0 0

#Transform 112
Transform: AffineTransform_float_3_3
Parameters: 0.999993 -0.00231708 -0.0029577 0.00231708 0.999998 1.93613e-07 0.00295811 -7.70188e-06 0.999996 -0.0570461 0.212028 0.322145
FixedParameters: 0 0 0

#Transform 113
Transform: AffineTransform_float_3_3
Parameters: 0.999978 -0.00283308 -0.00594809 0.0028277 0.999996 -0.000980792 0.00595062 0.000964634 0.999982 0.0439001 0.303829 -0.0361506
FixedParameters: 0 0 0

#Transform 114
Transform: AffineTransform_float_3_3
Parameters: 0.999983 -0.0016665 -0.00556057 0.00167008 0.999998 0.000657982 0.00555997 -0.000666493 0.999985 0.0308267 0.211931 0.0745588
FixedParameters: 0 0 0

#Transform 115
Transform: AffineTransform_float_3_3
Parameters: 0.999995 -0.000366125 -0.00326425 0.000380189 0.999992 0.00415028 0.00326286 -0.00415166 0.999986 0.0156817 0.262451 0.0635936
FixedParameters: 0 0 0

#Transform 116
Transform: AffineTransform_float_3_3
Parameters: 0.999999 0.000169977 -0.00168566 -0.000158101 0.999979 0.00656666 0.00168712 -0.00656669 0.999978 0.0150706 0.122447 0.0218908
FixedParameters: 0 0 0

#Transform 117
Transform: AffineTransform_float_3_3
Parameters: 0.999996 0.00150549 -0.00212296 -0.00149779 0.999993 0.00329129 0.00212865 -0.00328791 0.999992 -0.0287359 0.242737 -0.0795735
FixedParameters: 0 0 0

#Transform 118
Transform: AffineTransform_float_3_3
Parameters: 0.999996 0.00164702 -0.00208143 -0.00163856 0.999991 0.00388187 0.00208755 -0.00387842 0.99999 -0.0656607 0.139159 -0.0426762
FixedParameters: 0 0 0

#Transform 119
Transform: AffineTransform_float_3_3
Parameters: 0.999992 0.00217095 -0.00343976 -0.00216027 0.999993 0.00313694 0.00344623 -0.00312969 0.999989 -0.0897394 0.280392 -0.0958769
FixedParameters: 0 0 0
