# transform file /out/sourcedata/freesurfer/sub-v2s15x29736_ses-1/mri/transforms/cc_up.lta
# created by oesteban on Wed Mar 11 09:19:27 2026

type      = 0 # LINEAR_VOX_TO_VOX
nxforms   = 1
mean      = 126.0000 148.0000 120.0000
sigma     = 10000.0000
1 4 4
9.963889718055725e-01 -1.780421100556850e-02 8.301695436239243e-02 -3.552622556686401e+00 
1.774273253977299e-02 9.998413920402527e-01 1.478285528719425e-03 -4.363167762756348e+00 
-8.303011953830719e-02 1.164153079491470e-10 9.965469837188721e-01 3.078107452392578e+01 
0.000000000000000e+00 0.000000000000000e+00 0.000000000000000e+00 1.000000000000000e+00 
src volume info
valid = 1  # volume info valid
filename = /out/sourcedata/freesurfer/sub-v2s15x29736_ses-1/mri/norm.mgz
volume = 256 256 256
voxelsize = 1.000000000000000e+00 1.000000000000000e+00 1.000000000000000e+00
xras   = -1.000000000000000e+00 0.000000000000000e+00 0.000000000000000e+00
yras   = 0.000000000000000e+00 0.000000000000000e+00 -1.000000000000000e+00
zras   = 0.000000000000000e+00 1.000000000000000e+00 0.000000000000000e+00
cras   = -4.930236816406250e+00 7.653289794921875e+00 1.194080352783203e+01
dst volume info
valid = 1  # volume info valid
filename = /out/sourcedata/freesurfer/sub-v2s15x29736_ses-1/mri/norm.mgz
volume = 256 256 256
voxelsize = 1.000000000000000e+00 1.000000000000000e+00 1.000000000000000e+00
xras   = -1.000000000000000e+00 0.000000000000000e+00 0.000000000000000e+00
yras   = 0.000000000000000e+00 0.000000000000000e+00 -1.000000000000000e+00
zras   = 0.000000000000000e+00 1.000000000000000e+00 0.000000000000000e+00
cras   = -4.930236816406250e+00 7.653289794921875e+00 1.194080352783203e+01
