# transform file /out/sourcedata/freesurfer/sub-v2s15x29745_ses-1/mri/transforms/cc_up.lta
# created by oesteban on Wed Mar 11 10:25:47 2026

type      = 0 # LINEAR_VOX_TO_VOX
nxforms   = 1
mean      = 125.0000 129.0000 120.0000
sigma     = 10000.0000
1 4 4
9.949320554733276e-01 -2.219791337847710e-02 -9.806873649358749e-02 1.542437458038330e+01 
2.209085784852505e-02 9.997535943984985e-01 -2.177457557991147e-03 1.647357559204102e+01 
9.809290617704391e-02 -2.328306436538696e-10 9.951772689819336e-01 6.129256725311279e+00 
0.000000000000000e+00 0.000000000000000e+00 0.000000000000000e+00 1.000000000000000e+00 
src volume info
valid = 1  # volume info valid
filename = /out/sourcedata/freesurfer/sub-v2s15x29745_ses-1/mri/norm.mgz
volume = 256 256 256
voxelsize = 1.000000000000000e+00 1.000000000000000e+00 1.000000000000000e+00
xras   = -1.000000000000000e+00 0.000000000000000e+00 0.000000000000000e+00
yras   = 0.000000000000000e+00 0.000000000000000e+00 -1.000000000000000e+00
zras   = 0.000000000000000e+00 1.000000000000000e+00 0.000000000000000e+00
cras   = -5.477905273437500e-03 9.946975708007812e-01 1.605331420898438e+00
dst volume info
valid = 1  # volume info valid
filename = /out/sourcedata/freesurfer/sub-v2s15x29745_ses-1/mri/norm.mgz
volume = 256 256 256
voxelsize = 1.000000000000000e+00 1.000000000000000e+00 1.000000000000000e+00
xras   = -1.000000000000000e+00 0.000000000000000e+00 0.000000000000000e+00
yras   = 0.000000000000000e+00 0.000000000000000e+00 -1.000000000000000e+00
zras   = 0.000000000000000e+00 1.000000000000000e+00 0.000000000000000e+00
cras   = -5.477905273437500e-03 9.946975708007812e-01 1.605331420898438e+00
