#Insight Transform File V1.0
#Transform 0
Transform: AffineTransform_float_3_3
Parameters: 0.999999 -0.00114211 0.000652577 0.00114181 0.999999 0.000474049 -0.000652747 -0.000473182 0.999999 0.0479339 -0.0407341 0.0795429
FixedParameters: 0 0 0

#Transform 1
Transform: AffineTransform_float_3_3
Parameters: 0.999999 -0.000722624 -0.000168998 0.00072262 0.999999 -1.15463e-05 0.000169015 1.1302e-05 1 0.0296877 -0.0204322 0.0350061
FixedParameters: 0 0 0

#Transform 2
Transform: AffineTransform_float_3_3
Parameters: 0.999999 0.000564221 -0.000659998 -0.0005653 1 -0.000817484 0.000659074 0.000817616 0.999999 0.0317415 0.0502326 -0.0557809
FixedParameters: 0 0 0

#Transform 3
Transform: AffineTransform_float_3_3
Parameters: 0.999999 0.000498597 -0.00131726 -0.000501048 0.999998 -0.00189224 0.00131665 0.00189271 0.999997 0.0316256 -0.010097 -0.0562507
FixedParameters: 0 0 0

#Transform 4
Transform: AffineTransform_float_3_3
Parameters: 0.999999 0.000936788 -0.00127113 -0.000939319 0.999998 -0.00161429 0.00126971 0.00161506 0.999998 0.0323208 -0.0289678 -0.0663016
FixedParameters: 0 0 0

#Transform 5
Transform: AffineTransform_float_3_3
Parameters: 0.999998 0.00111064 -0.0013306 -0.00111269 0.999998 -0.00136504 0.00132914 0.00136656 0.999998 0.0329076 -0.00754255 -0.065014
FixedParameters: 0 0 0

#Transform 6
Transform: AffineTransform_float_3_3
Parameters: 0.999999 0.000576509 -0.00114716 -0.000578139 0.999999 -0.00167486 0.00114557 0.00167536 0.999998 0.0316286 0.0192299 -0.0710517
FixedParameters: 0 0 0

#Transform 7
Transform: AffineTransform_float_3_3
Parameters: 0.999999 0.000767449 -0.00121283 -0.000769766 0.999998 -0.00160991 0.00121196 0.00161094 0.999998 0.0106441 -0.00207984 -0.070654
FixedParameters: 0 0 0

#Transform 8
Transform: AffineTransform_float_3_3
Parameters: 0.999998 0.00107909 -0.00123958 -0.00108125 0.999998 -0.00151298 0.00123792 0.00151483 0.999998 -0.00428018 0.00850341 -0.0417297
FixedParameters: 0 0 0

#Transform 9
Transform: AffineTransform_float_3_3
Parameters: 0.999999 0.00126087 -0.000940251 -0.00126093 0.999999 -0.000691948 0.000939098 0.00069289 0.999999 0.00877638 -0.00191496 -0.0797054
FixedParameters: 0 0 0

#Transform 10
Transform: AffineTransform_float_3_3
Parameters: 0.999998 0.00124544 -0.00101947 -0.00124656 0.999998 -0.00132377 0.00101774 0.00132486 0.999999 0.0332915 0.0503447 -0.0687699
FixedParameters: 0 0 0

#Transform 11
Transform: AffineTransform_float_3_3
Parameters: 0.999999 0.00101241 -0.00115286 -0.00101376 0.999999 -0.00126907 0.00115186 0.00126997 0.999998 0.00990553 0.0298285 -0.0598439
FixedParameters: 0 0 0

#Transform 12
Transform: AffineTransform_float_3_3
Parameters: 0.999998 0.00101764 -0.00132299 -0.00101977 0.999999 -0.00139982 0.00132171 0.00140107 0.999998 0.00896569 0.00316567 -0.0618875
FixedParameters: 0 0 0

#Transform 13
Transform: AffineTransform_float_3_3
Parameters: 1 0.000608964 -0.000997303 -0.000608191 0.999999 -0.000234013 0.000997611 0.000234412 0.999999 0.0311013 -0.03113 -0.0856979
FixedParameters: 0 0 0

#Transform 14
Transform: AffineTransform_float_3_3
Parameters: 1 -5.344e-05 0.000112489 5.36859e-05 1 -0.00104175 -0.000112343 0.00104176 1 0.0657207 0.0803622 0.0649853
FixedParameters: 0 0 0

#Transform 15
Transform: AffineTransform_float_3_3
Parameters: 1 -1.01523e-05 4.68622e-05 1.02681e-05 1 -0.00111063 -4.68052e-05 0.00111064 1 0.0313316 0.0367283 0.0067035
FixedParameters: 0 0 0

#Transform 16
Transform: AffineTransform_float_3_3
Parameters: 1 0.000282055 -0.00012223 -0.000282262 0.999999 -0.000848539 0.000121751 0.000848608 0.999999 0.0223514 -0.0115648 0.0172006
FixedParameters: 0 0 0

#Transform 17
Transform: AffineTransform_float_3_3
Parameters: 0.999999 0.000719597 0.000182315 -0.000719028 0.999999 -0.000625057 -0.000182275 0.000625574 0.999999 0.0172293 0.00195319 -0.0263831
FixedParameters: 0 0 0

#Transform 18
Transform: AffineTransform_float_3_3
Parameters: 1 0.000656321 -0.000240019 -0.000656626 0.999999 -0.000637257 0.000239182 0.000637572 1 0.0217049 0.0439279 -0.0638554
FixedParameters: 0 0 0

#Transform 19
Transform: AffineTransform_float_3_3
Parameters: 1 0.000127764 -5.44514e-05 -0.000127863 1 -0.00101865 5.42254e-05 0.00101866 1 0.0171252 0.0276219 -0.0236263
FixedParameters: 0 0 0

#Transform 20
Transform: AffineTransform_float_3_3
Parameters: 1 9.12676e-06 -0.000159603 -9.32754e-06 1 -0.000629004 0.000159591 0.000629007 1 0.0179614 0.00111076 -0.0101355
FixedParameters: 0 0 0

#Transform 21
Transform: AffineTransform_float_3_3
Parameters: 1 -3.62169e-05 0.000577895 3.61892e-05 1 2.40024e-05 -0.000577897 -2.39606e-05 1 -0.061226 0.0175968 -0.0194188
FixedParameters: 0 0 0

#Transform 22
Transform: AffineTransform_float_3_3
Parameters: 1 -2.90918e-05 0.000458274 2.9784e-05 0.999999 -0.000755313 -0.000458229 0.00075534 0.999999 -0.060403 0.0555933 0.00944061
FixedParameters: 0 0 0

#Transform 23
Transform: AffineTransform_float_3_3
Parameters: 1 -9.33162e-05 0.000597552 9.37108e-05 1 -0.000330121 -0.000597491 0.000330233 1 -0.0593104 0.00287793 0.103896
FixedParameters: 0 0 0

#Transform 24
Transform: AffineTransform_float_3_3
Parameters: 1 2.62148e-05 -0.000245755 -2.62532e-05 1 -7.81096e-05 0.000245751 7.81225e-05 1 -0.0376747 0.057521 0.0654377
FixedParameters: 0 0 0

#Transform 25
Transform: AffineTransform_float_3_3
Parameters: 1 -0.000228047 0.000260574 0.000227401 0.999999 0.00126082 -0.000261114 -0.0012607 0.999999 -0.0474981 0.0121622 0.108015
FixedParameters: 0 0 0

#Transform 26
Transform: AffineTransform_float_3_3
Parameters: 0.999999 -0.000792201 0.000102502 0.000791401 1 0.00086371 -0.0001026 -0.000864157 0.999999 -0.0555294 0.0111987 0.0878716
FixedParameters: 0 0 0

#Transform 27
Transform: AffineTransform_float_3_3
Parameters: 0.999999 -0.000753918 0.000600505 0.000753729 1 0.000142788 -0.000600715 -0.000143285 1 -0.0610929 0.0394058 0.177084
FixedParameters: 0 0 0

#Transform 28
Transform: AffineTransform_float_3_3
Parameters: 1 -0.000456812 0.000533373 0.000457057 0.999999 0.000640455 -0.000534276 -0.000640771 1 -0.0686133 0.139013 0.0951458
FixedParameters: 0 0 0

#Transform 29
Transform: AffineTransform_float_3_3
Parameters: 0.999999 -0.000498993 0.000907016 0.000497412 0.999997 0.00211118 -0.000908718 -0.00210971 0.999998 -0.0580228 0.0980425 0.112466
FixedParameters: 0 0 0

#Transform 30
Transform: AffineTransform_float_3_3
Parameters: 1 -0.000340451 0.000278373 0.000340536 1 -0.000152419 -0.000278269 0.000152608 1 -0.037797 0.0731506 0.0826198
FixedParameters: 0 0 0

#Transform 31
Transform: AffineTransform_float_3_3
Parameters: 0.999999 -0.000564927 0.000530868 0.000565253 1 -0.000306583 -0.000530521 0.000307183 1 -0.0384628 0.032202 0.0995161
FixedParameters: 0 0 0

#Transform 32
Transform: AffineTransform_float_3_3
Parameters: 0.999999 -0.000800518 0.00099241 0.000800968 1 0.000407945 -0.000992475 -0.000406994 0.999999 -0.0147055 0.0631102 0.0882412
FixedParameters: 0 0 0

#Transform 33
Transform: AffineTransform_float_3_3
Parameters: 0.999999 -0.000906531 0.00122495 0.000904933 0.999999 0.000645547 -0.00122611 -0.000644117 0.999999 -0.0222019 0.0730674 0.0874946
FixedParameters: 0 0 0

#Transform 34
Transform: AffineTransform_float_3_3
Parameters: 0.999999 -0.000551501 0.000789202 0.000550649 0.999999 0.00135153 -0.000790035 -0.00135068 0.999999 -0.0443278 0.0689981 0.0369319
FixedParameters: 0 0 0

#Transform 35
Transform: AffineTransform_float_3_3
Parameters: 1 -0.000113306 0.000257594 0.000113288 1 3.35722e-05 -0.000257602 -3.35139e-05 1 -0.0296745 0.109061 0.0132636
FixedParameters: 0 0 0

#Transform 36
Transform: AffineTransform_float_3_3
Parameters: 1 -0.000384325 0.000350463 0.000384383 1 -0.000106444 -0.000350375 0.000105923 1 -0.0011883 0.0619689 0.039031
FixedParameters: 0 0 0

#Transform 37
Transform: AffineTransform_float_3_3
Parameters: 0.999999 -0.000165787 0.000985955 0.000166078 1 -0.000147513 -0.000985906 0.00014784 0.999999 -0.0141546 0.0616793 0.0604765
FixedParameters: 0 0 0

#Transform 38
Transform: AffineTransform_float_3_3
Parameters: 1 -0.000186839 0.00105977 0.000187171 1 -0.00015597 -0.00105971 0.000156979 1 -0.02524 0.0659249 0.0397039
FixedParameters: 0 0 0

#Transform 39
Transform: AffineTransform_float_3_3
Parameters: 0.999999 -0.000505084 0.00135264 0.000505221 1 -5.65534e-05 -0.00135257 5.7743e-05 0.999999 -0.0115093 0.074343 0.0498928
FixedParameters: 0 0 0

#Transform 40
Transform: AffineTransform_float_3_3
Parameters: 1 -0.000685916 0.000832007 0.000685771 0.999999 7.00065e-05 -0.000832132 -6.96549e-05 1 0.010786 0.0601904 0.0323346
FixedParameters: 0 0 0

#Transform 41
Transform: AffineTransform_float_3_3
Parameters: 0.999999 -0.000484636 0.00137582 0.000485192 1 -0.000669754 -0.00137578 0.000670324 0.999999 0.00163813 0.0583057 -0.01099
FixedParameters: 0 0 0

#Transform 42
Transform: AffineTransform_float_3_3
Parameters: 0.999999 -0.000250687 0.00151319 0.00025091 0.999999 -0.000498493 -0.00151355 0.000499101 0.999999 0.00249558 0.0700006 0.0100745
FixedParameters: 0 0 0

#Transform 43
Transform: AffineTransform_float_3_3
Parameters: 0.999998 -0.00041032 0.00162364 0.000409509 0.999999 -0.00015143 -0.00162412 0.000151819 0.999999 -0.0094752 0.0334596 -0.0187616
FixedParameters: 0 0 0

#Transform 44
Transform: AffineTransform_float_3_3
Parameters: 0.999998 -0.000303959 0.00198386 0.000302587 1 0.000657331 -0.00198362 -0.00065712 0.999998 0.00178445 0.0388694 -0.00269242
FixedParameters: 0 0 0

#Transform 45
Transform: AffineTransform_float_3_3
Parameters: 0.999999 -0.000506864 0.00135523 0.000506647 1 7.44284e-05 -0.0013553 -7.32317e-05 0.999999 0.018767 0.066845 -0.0499808
FixedParameters: 0 0 0

#Transform 46
Transform: AffineTransform_float_3_3
Parameters: 0.999998 -0.000211652 0.00221915 0.000211165 1 9.96179e-05 -0.00221921 -9.90333e-05 0.999997 0.00112359 0.047053 -0.0295442
FixedParameters: 0 0 0

#Transform 47
Transform: AffineTransform_float_3_3
Parameters: 0.999999 -0.000474616 0.00145092 0.000474312 1 9.94258e-05 -0.00145101 -9.82259e-05 0.999999 0.0111445 0.0309341 -0.0746627
FixedParameters: 0 0 0

#Transform 48
Transform: AffineTransform_float_3_3
Parameters: 0.999999 -0.000415748 0.0016932 0.00041646 1 -0.000218032 -0.00169304 0.000219264 0.999998 0.0143457 0.0637504 -0.0892276
FixedParameters: 0 0 0

#Transform 49
Transform: AffineTransform_float_3_3
Parameters: 0.999999 -0.00018793 0.00123368 0.000189019 1 -0.000447927 -0.0012335 0.000448215 0.999999 0.0179912 0.056622 -0.0932604
FixedParameters: 0 0 0

#Transform 50
Transform: AffineTransform_float_3_3
Parameters: 0.999999 -0.000117152 0.00100756 0.000117344 0.999999 -0.000567499 -0.00100706 0.000567572 1 0.0226904 0.0631294 -0.128934
FixedParameters: 0 0 0

#Transform 51
Transform: AffineTransform_float_3_3
Parameters: 1 -0.000227339 0.00104476 0.000227764 0.999999 0.000390338 -0.00104435 -0.000390678 0.999999 0.0224472 0.052065 -0.127544
FixedParameters: 0 0 0

#Transform 52
Transform: AffineTransform_float_3_3
Parameters: 1 -0.000366579 0.000989156 0.000365814 1 -9.67584e-05 -0.000988795 9.74973e-05 0.999999 0.00571411 0.0346911 -0.0964178
FixedParameters: 0 0 0

#Transform 53
Transform: AffineTransform_float_3_3
Parameters: 1 -0.000366956 0.00113115 0.000367831 1 -0.000391616 -0.0011309 0.000392448 0.999999 0.00281142 0.0533035 -0.0948241
FixedParameters: 0 0 0

#Transform 54
Transform: AffineTransform_float_3_3
Parameters: 0.999999 -0.000246966 0.00155506 0.000247695 1 -0.000239643 -0.00155493 0.000240235 0.999999 0.00492762 0.0545664 -0.0607207
FixedParameters: 0 0 0

#Transform 55
Transform: AffineTransform_float_3_3
Parameters: 1 -0.000398849 0.00107651 0.000399514 1 -0.000316403 -0.00107625 0.000317086 1 0.00657331 0.0833244 -0.0855579
FixedParameters: 0 0 0

#Transform 56
Transform: AffineTransform_float_3_3
Parameters: 0.999999 -0.00032596 0.00120041 0.000326174 1 -9.58788e-05 -0.00120034 9.64846e-05 1 0.00610327 0.082073 -0.0868936
FixedParameters: 0 0 0

#Transform 57
Transform: AffineTransform_float_3_3
Parameters: 0.999999 -0.000317196 0.000952165 0.000317335 1 -8.16603e-05 -0.000952107 8.14745e-05 0.999999 0.00378936 0.0643318 -0.108772
FixedParameters: 0 0 0

#Transform 58
Transform: AffineTransform_float_3_3
Parameters: 1 -0.000237759 0.00115413 0.000237172 1 0.000246855 -0.00115424 -0.000246483 1 0.0100827 0.0575568 -0.0894325
FixedParameters: 0 0 0

#Transform 59
Transform: AffineTransform_float_3_3
Parameters: 0.999999 -0.000103694 0.00148971 0.000103461 1 0.000390077 -0.00149011 -0.000389959 0.999999 0.0235281 0.103409 -0.0751066
FixedParameters: 0 0 0

#Transform 60
Transform: AffineTransform_float_3_3
Parameters: 0.999999 -0.00044506 0.00117942 0.000444877 0.999999 0.000471419 -0.00118016 -0.000470561 1 0.0393114 0.0751582 -0.103206
FixedParameters: 0 0 0

#Transform 61
Transform: AffineTransform_float_3_3
Parameters: 1 -0.000461165 0.00111852 0.000461552 0.999999 0.000237143 -0.00111909 -0.000236914 0.999999 0.0194148 0.0758245 -0.116384
FixedParameters: 0 0 0

#Transform 62
Transform: AffineTransform_float_3_3
Parameters: 1 -0.000185119 0.0010302 0.000183832 1 0.000619059 -0.00103046 -0.000618679 0.999999 0.0195726 0.058763 -0.113207
FixedParameters: 0 0 0

#Transform 63
Transform: AffineTransform_float_3_3
Parameters: 0.999999 -0.000255288 0.00154127 0.00025484 1 0.000753154 -0.0015423 -0.000753186 0.999998 0.0239085 0.054857 -0.108186
FixedParameters: 0 0 0

#Transform 64
Transform: AffineTransform_float_3_3
Parameters: 0.999999 5.10189e-05 0.00143688 -5.06865e-05 1 0.00021368 -0.00143718 -0.000213228 0.999999 0.0188809 0.0827942 -0.106717
FixedParameters: 0 0 0

#Transform 65
Transform: AffineTransform_float_3_3
Parameters: 0.999999 -4.20498e-05 0.000960384 4.18622e-05 1 9.76844e-05 -0.000960392 -9.76038e-05 0.999999 0.0178274 0.075312 -0.11501
FixedParameters: 0 0 0

#Transform 66
Transform: AffineTransform_float_3_3
Parameters: 0.999999 0.000167909 0.000848473 -0.000166576 0.999999 -0.00078898 -0.000848696 0.000788519 1 0.0108797 0.115832 -0.133269
FixedParameters: 0 0 0

#Transform 67
Transform: AffineTransform_float_3_3
Parameters: 0.999999 -0.0001156 0.000892712 0.000116116 1 -0.000289187 -0.000892645 0.000289394 0.999999 0.0232718 0.0874275 -0.0985975
FixedParameters: 0 0 0

#Transform 68
Transform: AffineTransform_float_3_3
Parameters: 0.999999 -0.00036163 0.00119435 0.000360874 1 0.000309658 -0.00119457 -0.000308972 1 0.0188251 0.0659068 -0.0769591
FixedParameters: 0 0 0

#Transform 69
Transform: AffineTransform_float_3_3
Parameters: 0.999999 -0.0001457 0.00139534 0.000146085 1 0.000194922 -0.00139572 -0.000194706 0.999999 0.0293607 0.0865681 -0.0966027
FixedParameters: 0 0 0

#Transform 70
Transform: AffineTransform_float_3_3
Parameters: 0.999999 -0.000307449 0.00133948 0.000307358 0.999999 0.000501731 -0.00133916 -0.00050111 0.999999 0.0332976 0.065394 -0.0849132
FixedParameters: 0 0 0

#Transform 71
Transform: AffineTransform_float_3_3
Parameters: 0.999999 -0.000715328 0.00121964 0.000713629 1 0.000822653 -0.00121987 -0.000821711 0.999999 0.0422917 0.0730952 -0.0995216
FixedParameters: 0 0 0

#Transform 72
Transform: AffineTransform_float_3_3
Parameters: 0.999998 -0.000628646 0.00187675 0.000627316 1 0.00094089 -0.00187763 -0.000938749 0.999998 0.0342406 0.0831227 -0.0777457
FixedParameters: 0 0 0

#Transform 73
Transform: AffineTransform_float_3_3
Parameters: 0.999997 -0.000416847 0.0022109 0.000414395 0.999999 0.00126477 -0.00221193 -0.00126334 0.999997 0.0271269 0.0847272 -0.0413692
FixedParameters: 0 0 0

#Transform 74
Transform: AffineTransform_float_3_3
Parameters: 0.999998 -0.000778365 0.00180105 0.000777123 0.999999 0.00095109 -0.00180222 -0.000949294 0.999998 0.0174128 0.0693175 -0.0877472
FixedParameters: 0 0 0

#Transform 75
Transform: AffineTransform_float_3_3
Parameters: 0.999999 -0.000575144 0.00173166 0.000573052 1 0.000966497 -0.00173214 -0.000964711 0.999998 0.010612 0.1029 -0.102509
FixedParameters: 0 0 0

#Transform 76
Transform: AffineTransform_float_3_3
Parameters: 0.999998 -0.00065347 0.00191127 0.000651293 0.999999 0.00122548 -0.00191161 -0.00122401 0.999997 0.0104237 0.0995683 -0.0948071
FixedParameters: 0 0 0

#Transform 77
Transform: AffineTransform_float_3_3
Parameters: 0.999998 -0.000829648 0.00193091 0.0008281 0.999999 0.000721618 -0.00193147 -0.000719409 0.999998 0.0118404 0.114002 -0.109001
FixedParameters: 0 0 0

#Transform 78
Transform: AffineTransform_float_3_3
Parameters: 0.999998 -0.000707056 0.00180032 0.000705905 0.999999 0.000659844 -0.00180065 -0.000658906 0.999998 0.0165599 0.0850396 -0.119752
FixedParameters: 0 0 0

#Transform 79
Transform: AffineTransform_float_3_3
Parameters: 0.999997 -0.00118588 0.0018348 0.00118427 0.999999 0.00077203 -0.00183603 -0.000769898 0.999998 0.0320343 0.0562519 -0.169615
FixedParameters: 0 0 0

#Transform 80
Transform: AffineTransform_float_3_3
Parameters: 0.999997 -0.00074683 0.00235055 0.000745296 0.999999 0.000784832 -0.00235144 -0.00078312 0.999997 0.0178421 0.0582098 -0.159665
FixedParameters: 0 0 0

#Transform 81
Transform: AffineTransform_float_3_3
Parameters: 0.999997 -0.000812447 0.00237178 0.00080864 0.999998 0.00152687 -0.00237332 -0.00152485 0.999996 0.0245598 0.0724185 -0.13665
FixedParameters: 0 0 0

#Transform 82
Transform: AffineTransform_float_3_3
Parameters: 0.999996 -0.000955916 0.00242096 0.000952766 0.999998 0.00136048 -0.00242262 -0.00135768 0.999996 0.0211851 0.077561 -0.139608
FixedParameters: 0 0 0

#Transform 83
Transform: AffineTransform_float_3_3
Parameters: 0.999997 -0.00114822 0.00241057 0.00114479 0.999999 0.00129238 -0.00241136 -0.00128928 0.999996 0.0237971 0.0726019 -0.138141
FixedParameters: 0 0 0

#Transform 84
Transform: AffineTransform_float_3_3
Parameters: 0.999996 -0.00134656 0.00272771 0.00134236 0.999998 0.00168816 -0.00272977 -0.00168408 0.999995 0.0350855 0.0752976 -0.145068
FixedParameters: 0 0 0

#Transform 85
Transform: AffineTransform_float_3_3
Parameters: 0.999995 -0.00130933 0.00283449 0.00130466 0.999998 0.00164731 -0.00283726 -0.00164394 0.999995 0.0263074 0.0537347 -0.15594
FixedParameters: 0 0 0

#Transform 86
Transform: AffineTransform_float_3_3
Parameters: 0.999995 -0.00125877 0.002977 0.00125418 0.999998 0.00155436 -0.00297937 -0.00155092 0.999994 0.0157006 0.0851926 -0.156161
FixedParameters: 0 0 0

#Transform 87
Transform: AffineTransform_float_3_3
Parameters: 0.999995 -0.0012653 0.00297851 0.00126005 0.999997 0.00187862 -0.00298105 -0.00187454 0.999994 0.0313682 0.0861399 -0.168925
FixedParameters: 0 0 0

#Transform 88
Transform: AffineTransform_float_3_3
Parameters: 0.999995 -0.00141896 0.0028049 0.00141382 0.999997 0.0018059 -0.00280753 -0.001802 0.999994 0.0235744 0.0751075 -0.150922
FixedParameters: 0 0 0

#Transform 89
Transform: AffineTransform_float_3_3
Parameters: 0.999995 -0.00141784 0.00281879 0.00141265 0.999998 0.00158083 -0.0028214 -0.00157687 0.999995 0.0212915 0.0675065 -0.159409
FixedParameters: 0 0 0

#Transform 90
Transform: AffineTransform_float_3_3
Parameters: 0.999994 -0.00149719 0.00299366 0.00149256 0.999997 0.00160401 -0.00299597 -0.0015999 0.999994 0.0307119 0.0510354 -0.167998
FixedParameters: 0 0 0

#Transform 91
Transform: AffineTransform_float_3_3
Parameters: 0.999996 -0.00124463 0.00280207 0.00123958 0.999998 0.0015647 -0.0028041 -0.00156114 0.999995 0.0342362 0.0695189 -0.19119
FixedParameters: 0 0 0

#Transform 92
Transform: AffineTransform_float_3_3
Parameters: 0.999995 -0.00118995 0.00289968 0.00118563 0.999998 0.0015519 -0.00290183 -0.00154765 0.999994 0.0311251 0.0989026 -0.192415
FixedParameters: 0 0 0

#Transform 93
Transform: AffineTransform_float_3_3
Parameters: 0.999995 -0.00137872 0.00305715 0.00137329 0.999997 0.00191265 -0.0030593 -0.0019077 0.999993 0.0249894 0.0640036 -0.157248
FixedParameters: 0 0 0

#Transform 94
Transform: AffineTransform_float_3_3
Parameters: 0.999995 -0.00125422 0.00315853 0.00124666 0.999996 0.00233612 -0.00316155 -0.00233249 0.999992 0.0314809 0.0641993 -0.156194
FixedParameters: 0 0 0

#Transform 95
Transform: AffineTransform_float_3_3
Parameters: 0.999994 -0.0012406 0.00345754 0.00123318 0.999997 0.00211289 -0.00345997 -0.0021086 0.999991 0.0317064 0.0786799 -0.139511
FixedParameters: 0 0 0

#Transform 96
Transform: AffineTransform_float_3_3
Parameters: 0.999993 -0.00131628 0.00350399 0.00131047 0.999998 0.00185659 -0.00350607 -0.00185165 0.999992 0.0311983 0.078821 -0.15513
FixedParameters: 0 0 0

#Transform 97
Transform: AffineTransform_float_3_3
Parameters: 0.999994 -0.00115345 0.00332497 0.00114792 0.999998 0.00186597 -0.00332739 -0.00186196 0.999993 0.0287917 0.0621308 -0.183021
FixedParameters: 0 0 0

#Transform 98
Transform: AffineTransform_float_3_3
Parameters: 0.999993 -0.00125815 0.0035804 0.00125008 0.999996 0.00226251 -0.00358357 -0.00225798 0.999991 0.0238318 0.0655133 -0.200575
FixedParameters: 0 0 0

#Transform 99
Transform: AffineTransform_float_3_3
Parameters: 0.999994 -0.00129005 0.00325112 0.00128246 0.999996 0.00227418 -0.00325415 -0.00227008 0.999992 0.0305195 0.0623529 -0.197174
FixedParameters: 0 0 0

#Transform 100
Transform: AffineTransform_float_3_3
Parameters: 0.999994 -0.00147906 0.00313312 0.00147229 0.999997 0.00207963 -0.00313615 -0.00207445 0.999992 0.0303771 0.0600975 -0.186452
FixedParameters: 0 0 0

#Transform 101
Transform: AffineTransform_float_3_3
Parameters: 0.999992 -0.0017404 0.00347819 0.00173322 0.999996 0.00224574 -0.00348257 -0.00223935 0.999991 0.0379141 0.07675 -0.170587
FixedParameters: 0 0 0

#Transform 102
Transform: AffineTransform_float_3_3
Parameters: 0.999993 -0.00158818 0.00339286 0.00158062 0.999997 0.0021702 -0.00339694 -0.00216511 0.999992 0.0392252 0.0882615 -0.193269
FixedParameters: 0 0 0

#Transform 103
Transform: AffineTransform_float_3_3
Parameters: 0.999992 -0.00157125 0.00349174 0.00156089 0.999995 0.00292412 -0.00349584 -0.00291891 0.999989 0.0296906 0.0657463 -0.200781
FixedParameters: 0 0 0

#Transform 104
Transform: AffineTransform_float_3_3
Parameters: 0.999993 -0.0014102 0.00349709 0.00140047 0.999995 0.00260187 -0.00350091 -0.00259651 0.999991 0.0300737 0.0885786 -0.201566
FixedParameters: 0 0 0

#Transform 105
Transform: AffineTransform_float_3_3
Parameters: 0.999997 -0.00100797 0.00251585 0.00100098 0.999994 0.00308461 -0.00251851 -0.00308227 0.999992 0.00565816 0.121073 -0.274383
FixedParameters: 0 0 0

#Transform 106
Transform: AffineTransform_float_3_3
Parameters: 0.999996 -0.000898671 0.0027798 0.00089191 0.999997 0.00246181 -0.00278228 -0.00245951 0.999993 0.0216643 0.160242 -0.297904
FixedParameters: 0 0 0

#Transform 107
Transform: AffineTransform_float_3_3
Parameters: 0.999996 -0.000717724 0.00299956 0.000709404 0.999996 0.00291266 -0.00300145 -0.00291048 0.999991 0.0225739 0.100997 -0.219408
FixedParameters: 0 0 0

#Transform 108
Transform: AffineTransform_float_3_3
Parameters: 0.999994 -0.00043554 0.00344871 0.000425192 0.999995 0.00291493 -0.00345022 -0.00291364 0.99999 0.0179086 0.105922 -0.220228
FixedParameters: 0 0 0

#Transform 109
Transform: AffineTransform_float_3_3
Parameters: 0.999995 -0.00108541 0.00318868 0.0010763 0.999995 0.00290674 -0.00319177 -0.00290353 0.999991 0.0298907 0.0912494 -0.25812
FixedParameters: 0 0 0

#Transform 110
Transform: AffineTransform_float_3_3
Parameters: 0.999994 -0.00103967 0.00331903 0.00103026 0.999995 0.00283774 -0.00332172 -0.00283456 0.999991 0.0299311 0.0823349 -0.253178
FixedParameters: 0 0 0

#Transform 111
Transform: AffineTransform_float_3_3
Parameters: 0.999994 -0.00105164 0.00330039 0.00104161 0.999995 0.0030927 -0.00330396 -0.0030895 0.99999 0.0297422 0.0740139 -0.260013
FixedParameters: 0 0 0

#Transform 112
Transform: AffineTransform_float_3_3
Parameters: 0.999995 -0.00114755 0.00280036 0.00113963 0.999996 0.00276628 -0.00280282 -0.00276336 0.999993 0.0335604 0.0852703 -0.255833
FixedParameters: 0 0 0

#Transform 113
Transform: AffineTransform_float_3_3
Parameters: 0.999995 -0.00149457 0.00264058 0.00148692 0.999994 0.00312562 -0.00264542 -0.00312108 0.999991 0.0293049 0.0675028 -0.25499
FixedParameters: 0 0 0

#Transform 114
Transform: AffineTransform_float_3_3
Parameters: 0.999994 -0.000985488 0.0033474 0.000974714 0.999994 0.0032094 -0.00334985 -0.00320656 0.999989 0.0395886 0.0734694 -0.272877
FixedParameters: 0 0 0

#Transform 115
Transform: AffineTransform_float_3_3
Parameters: 0.999994 -0.00127241 0.00325162 0.00126193 0.999994 0.00311256 -0.00325537 -0.00310863 0.999989 0.0300977 0.109726 -0.228914
FixedParameters: 0 0 0

#Transform 116
Transform: AffineTransform_float_3_3
Parameters: 0.999995 -0.00137897 0.00310813 0.00137055 0.999995 0.00271765 -0.00311212 -0.0027134 0.999992 0.017503 0.0784399 -0.167977
FixedParameters: 0 0 0

#Transform 117
Transform: AffineTransform_float_3_3
Parameters: 0.999994 -0.00127746 0.00307388 0.00126819 0.999994 0.00310019 -0.0030776 -0.00309589 0.99999 0.0195874 0.117319 -0.203239
FixedParameters: 0 0 0

#Transform 118
Transform: AffineTransform_float_3_3
Parameters: 0.999995 -0.00111624 0.00320584 0.00110625 0.999994 0.00322827 -0.00320917 -0.00322486 0.99999 0.00732356 0.109475 -0.202609
FixedParameters: 0 0 0

#Transform 119
Transform: AffineTransform_float_3_3
Parameters: 0.999995 -0.000661782 0.00328859 0.000651518 0.999995 0.00309628 -0.00329072 -0.00309346 0.999989 0.00374454 0.118474 -0.212684
FixedParameters: 0 0 0
