#Insight Transform File V1.0
#Transform 0
Transform: AffineTransform_float_3_3
Parameters: 1 -0.000257246 1.17005e-05 0.000257666 0.999927 -0.0120886 -8.56259e-06 0.0120886 0.999927 0.097149 -0.473536 -0.265029
FixedParameters: 0 0 0

#Transform 1
Transform: AffineTransform_float_3_3
Parameters: 1 -0.000383744 4.66765e-05 0.000384507 0.999899 -0.0141728 -4.12343e-05 0.0141729 0.999899 0.069211 -0.481328 -0.332351
FixedParameters: 0 0 0

#Transform 2
Transform: AffineTransform_float_3_3
Parameters: 1 -0.000421182 5.77253e-05 0.000422081 0.999878 -0.0156203 -5.11384e-05 0.0156203 0.999878 0.0385309 -0.514826 -0.367564
FixedParameters: 0 0 0

#Transform 3
Transform: AffineTransform_float_3_3
Parameters: 1 -0.000427772 5.96791e-05 0.0004287 0.999874 -0.0158752 -5.28745e-05 0.0158753 0.999874 0.0475146 -0.499575 -0.373304
FixedParameters: 0 0 0

#Transform 4
Transform: AffineTransform_float_3_3
Parameters: 0.999999 -0.000724115 -0.000829772 0.000709969 0.999855 -0.0169958 0.000842067 0.0169954 0.999855 0.0186809 -0.511516 -0.434476
FixedParameters: 0 0 0

#Transform 5
Transform: AffineTransform_float_3_3
Parameters: 1 -0.000924386 -0.000837874 0.000910369 0.99985 -0.0173382 0.000853925 0.017337 0.999849 0.0128926 -0.491667 -0.523558
FixedParameters: 0 0 0

#Transform 6
Transform: AffineTransform_float_3_3
Parameters: 1 -0.00042378 0.000194886 0.000426291 0.999917 -0.0129152 -0.000188948 0.0129153 0.999917 0.00467798 -0.324271 -0.30059
FixedParameters: 0 0 0

#Transform 7
Transform: AffineTransform_float_3_3
Parameters: 0.999983 0.00245369 -0.00536143 -0.00229101 0.999545 0.0300504 0.00543288 -0.0300373 0.999533 0.202339 0.982346 0.571944
FixedParameters: 0 0 0

#Transform 8
Transform: AffineTransform_float_3_3
Parameters: 0.999999 0.00111032 -0.00118269 -0.00109894 0.999949 0.0100956 0.00119323 -0.0100943 0.999949 -0.0180789 0.114701 0.35851
FixedParameters: 0 0 0

#Transform 9
Transform: AffineTransform_float_3_3
Parameters: 0.999999 0.00108251 -2.46212e-05 -0.00108226 0.999994 0.00348679 2.87049e-05 -0.00348727 0.999994 0.0122259 0.0988666 0.0754832
FixedParameters: 0 0 0

#Transform 10
Transform: AffineTransform_float_3_3
Parameters: 0.999999 0.00089429 0.000197987 -0.00089469 0.999999 0.000331201 -0.000198356 -0.000331569 1 0.0193645 0.0484077 -0.139209
FixedParameters: 0 0 0

#Transform 11
Transform: AffineTransform_float_3_3
Parameters: 1 0.00034923 -0.000243048 -0.000349399 1 -0.000347846 0.000242805 0.000348016 1 0.0276095 0.0171891 -0.185496
FixedParameters: 0 0 0

#Transform 12
Transform: AffineTransform_float_3_3
Parameters: 1 0.000344729 -0.000149754 -0.000344851 0.999999 -0.00125541 0.000149798 0.00125553 0.999999 0.0104975 0.0349522 -0.194221
FixedParameters: 0 0 0

#Transform 13
Transform: AffineTransform_float_3_3
Parameters: 0.999999 0.000653271 -0.000328782 -0.000652871 0.999999 -0.00124351 0.000327798 0.00124397 0.999999 -0.00786686 0.0281024 -0.173704
FixedParameters: 0 0 0

#Transform 14
Transform: AffineTransform_float_3_3
Parameters: 1 -9.38427e-05 -0.000999068 9.19244e-05 0.999997 -0.00239174 0.000998602 0.00239163 0.999996 -0.00499729 0.000676638 -0.127046
FixedParameters: 0 0 0

#Transform 15
Transform: AffineTransform_float_3_3
Parameters: 0.999999 -0.000125546 -0.00127407 0.000121152 0.999995 -0.00331233 0.00127452 0.00331212 0.999993 -0.0151128 0.0173012 -0.141565
FixedParameters: 0 0 0

#Transform 16
Transform: AffineTransform_float_3_3
Parameters: 0.999999 -0.000224628 -0.00128869 0.000219908 0.999995 -0.00339478 0.00128978 0.00339482 0.999994 -0.0115631 0.0127751 -0.167896
FixedParameters: 0 0 0

#Transform 17
Transform: AffineTransform_float_3_3
Parameters: 1 0.0001445 -0.00118295 -0.000147405 0.999995 -0.00295685 0.00118176 0.00295696 0.999995 -0.00707208 0.00672834 -0.17181
FixedParameters: 0 0 0

#Transform 18
Transform: AffineTransform_float_3_3
Parameters: 0.999999 0.00010614 -0.00128555 -0.000110515 0.999994 -0.00327684 0.00128447 0.00327774 0.999994 -0.00697988 -0.00199332 -0.15986
FixedParameters: 0 0 0

#Transform 19
Transform: AffineTransform_float_3_3
Parameters: 1 2.46592e-05 -0.00117206 -2.90016e-05 0.999995 -0.00317992 0.00117178 0.00317973 0.999995 -0.00508905 0.00797614 -0.190112
FixedParameters: 0 0 0

#Transform 20
Transform: AffineTransform_float_3_3
Parameters: 0.999999 -0.000102438 -0.000763621 0.000102036 1 -0.00026305 0.000763675 0.000262894 0.999999 -0.00528944 0.0130519 -0.0881186
FixedParameters: 0 0 0

#Transform 21
Transform: AffineTransform_float_3_3
Parameters: 1 -0.000291182 0.000431318 0.000290509 0.999997 0.00217158 -0.000431992 -0.0021713 0.999997 0.00442493 0.0755591 0.0507463
FixedParameters: 0 0 0

#Transform 22
Transform: AffineTransform_float_3_3
Parameters: 1 0.000149459 0.000231452 -0.000150039 0.999995 0.00317892 -0.000231028 -0.00317897 0.999995 -0.0125458 0.0199299 0.107707
FixedParameters: 0 0 0

#Transform 23
Transform: AffineTransform_float_3_3
Parameters: 0.999995 0.00234186 -0.0021145 -0.00228287 0.999626 0.0272204 0.00217785 -0.0272154 0.999627 0.0020248 0.655461 0.0955136
FixedParameters: 0 0 0

#Transform 24
Transform: AffineTransform_float_3_3
Parameters: 0.999998 0.00101099 0.00180798 -0.00103521 0.999909 0.0134283 -0.00179435 -0.0134304 0.999908 0.120471 -0.16989 0.604189
FixedParameters: 0 0 0

#Transform 25
Transform: AffineTransform_float_3_3
Parameters: 1 0.000246532 0.000860358 -0.00025446 0.999958 0.00923003 -0.000857182 -0.0092311 0.999957 0.0792013 0.0939584 0.642272
FixedParameters: 0 0 0

#Transform 26
Transform: AffineTransform_float_3_3
Parameters: 0.999999 -9.76219e-05 0.00143331 8.38051e-05 0.999953 0.00961585 -0.00143421 -0.00961555 0.999953 0.102307 0.083911 0.57209
FixedParameters: 0 0 0

#Transform 27
Transform: AffineTransform_float_3_3
Parameters: 0.999999 -9.34332e-05 0.00132659 7.93767e-05 0.99994 0.0109715 -0.00132671 -0.0109711 0.999939 0.108673 0.0731478 0.59083
FixedParameters: 0 0 0

#Transform 28
Transform: AffineTransform_float_3_3
Parameters: 0.999999 -8.44561e-05 0.00173425 6.58276e-05 0.999942 0.0108271 -0.00173508 -0.0108267 0.99994 0.122658 0.0756403 0.618902
FixedParameters: 0 0 0

#Transform 29
Transform: AffineTransform_float_3_3
Parameters: 0.999998 0.000329997 0.00192908 -0.000352963 0.999926 0.0121037 -0.00192529 -0.0121042 0.999925 0.107459 0.0678099 0.655819
FixedParameters: 0 0 0

#Transform 30
Transform: AffineTransform_float_3_3
Parameters: 0.999999 8.2281e-05 0.00152942 -9.24907e-05 0.999978 0.0067305 -0.00152828 -0.00672997 0.999976 0.083619 0.162533 0.322879
FixedParameters: 0 0 0

#Transform 31
Transform: AffineTransform_float_3_3
Parameters: 1 0.000912256 0.000777939 -0.000925094 0.999854 0.0170673 -0.000761537 -0.0170676 0.999854 0.00845218 0.17842 0.437925
FixedParameters: 0 0 0

#Transform 32
Transform: AffineTransform_float_3_3
Parameters: 0.99995 0.00999824 -0.00106464 -0.00984518 0.99512 0.0981777 0.00204104 -0.0981618 0.995168 -0.183897 1.08013 -0.226482
FixedParameters: 0 0 0

#Transform 33
Transform: AffineTransform_float_3_3
Parameters: 0.999988 -0.00201046 0.00457549 0.00200081 0.999996 0.00225168 -0.00458013 -0.00224309 0.999987 0.252992 -0.253317 0.712936
FixedParameters: 0 0 0

#Transform 34
Transform: AffineTransform_float_3_3
Parameters: 0.999995 -0.00238298 0.00224693 0.00238143 0.999996 0.000727192 -0.0022485 -0.00072226 0.999997 0.20541 -0.149994 0.387665
FixedParameters: 0 0 0

#Transform 35
Transform: AffineTransform_float_3_3
Parameters: 0.999994 -0.00236077 0.00223788 0.0023577 0.999995 0.00166678 -0.0022416 -0.00166105 0.999996 0.241397 -0.0778038 0.342495
FixedParameters: 0 0 0

#Transform 36
Transform: AffineTransform_float_3_3
Parameters: 0.999994 -0.00235344 0.0022349 0.00234927 0.999995 0.00197572 -0.00223915 -0.00197088 0.999996 0.256865 -0.0868435 0.323448
FixedParameters: 0 0 0

#Transform 37
Transform: AffineTransform_float_3_3
Parameters: 0.999995 -0.00175743 0.00260428 0.00174803 0.999992 0.00352535 -0.00261101 -0.00352073 0.99999 0.251457 -0.0636622 0.112771
FixedParameters: 0 0 0

#Transform 38
Transform: AffineTransform_float_3_3
Parameters: 0.999994 -0.00167533 0.00314871 0.00166731 0.999995 0.00247786 -0.00315282 -0.00247309 0.999992 0.236274 -0.0691181 0.133685
FixedParameters: 0 0 0

#Transform 39
Transform: AffineTransform_float_3_3
Parameters: 0.999993 -0.00183915 0.00315431 0.00182956 0.999994 0.0029576 -0.00315939 -0.00295224 0.99999 0.192015 0.0490467 0.189451
FixedParameters: 0 0 0

#Transform 40
Transform: AffineTransform_float_3_3
Parameters: 0.999997 -0.000754276 0.00244536 0.000730253 0.999952 0.00979113 -0.00245256 -0.00978885 0.999949 0.177413 -0.0896865 0.608312
FixedParameters: 0 0 0

#Transform 41
Transform: AffineTransform_float_3_3
Parameters: 0.999985 0.00194492 -0.00500506 -0.00188279 0.999921 0.0124146 0.00502854 -0.0124057 0.99991 -0.00675582 0.216446 0.599992
FixedParameters: 0 0 0

#Transform 42
Transform: AffineTransform_float_3_3
Parameters: 0.999966 0.00287185 -0.00772007 -0.00276123 0.999894 0.01432 0.00776104 -0.0142985 0.999868 -0.0887678 0.220783 0.583968
FixedParameters: 0 0 0

#Transform 43
Transform: AffineTransform_float_3_3
Parameters: 0.999972 0.00251716 -0.00704768 -0.0024312 0.999923 0.0121621 0.00707722 -0.0121444 0.999901 -0.0611025 0.133716 0.525499
FixedParameters: 0 0 0

#Transform 44
Transform: AffineTransform_float_3_3
Parameters: 0.999977 0.00209898 -0.0063532 -0.00203579 0.999948 0.00995924 0.00637328 -0.00994578 0.99993 -0.045143 0.117116 0.489494
FixedParameters: 0 0 0

#Transform 45
Transform: AffineTransform_float_3_3
Parameters: 0.99998 0.00164817 -0.00605556 -0.00160084 0.999968 0.00774789 0.00606842 -0.00773884 0.999952 -0.0457375 0.123871 0.483849
FixedParameters: 0 0 0

#Transform 46
Transform: AffineTransform_float_3_3
Parameters: 0.999986 0.00122977 -0.00514726 -0.00119363 0.999975 0.0070145 0.00515652 -0.00700826 0.999962 -0.029326 0.0543468 0.428816
FixedParameters: 0 0 0

#Transform 47
Transform: AffineTransform_float_3_3
Parameters: 0.999982 0.00192194 -0.00567556 -0.00187548 0.999965 0.00818269 0.00569103 -0.00817162 0.99995 -0.02848 0.0659635 0.480423
FixedParameters: 0 0 0

#Transform 48
Transform: AffineTransform_float_3_3
Parameters: 0.99984 0.000371704 -0.0179159 -0.00010934 0.999892 0.0146716 0.0179195 -0.0146673 0.999731 -0.219408 0.201426 0.505785
FixedParameters: 0 0 0

#Transform 49
Transform: AffineTransform_float_3_3
Parameters: 0.999905 0.00129194 -0.0137557 -0.0011139 0.999915 0.0129456 0.0137713 -0.0129293 0.999822 -0.18056 0.173107 0.486145
FixedParameters: 0 0 0

#Transform 50
Transform: AffineTransform_float_3_3
Parameters: 0.999921 0.00105127 -0.0125418 -0.000899645 0.999927 0.012075 0.0125542 -0.0120626 0.999848 -0.162208 0.142679 0.528248
FixedParameters: 0 0 0

#Transform 51
Transform: AffineTransform_float_3_3
Parameters: 0.999923 0.00105279 -0.0123305 -0.000921276 0.999942 0.0107014 0.0123411 -0.0106897 0.999867 -0.160838 0.157953 0.469118
FixedParameters: 0 0 0

#Transform 52
Transform: AffineTransform_float_3_3
Parameters: 0.999927 0.000919019 -0.0120594 -0.000779015 0.999932 0.0115825 0.01207 -0.0115724 0.99986 -0.160562 0.137172 0.523606
FixedParameters: 0 0 0

#Transform 53
Transform: AffineTransform_float_3_3
Parameters: 0.999922 0.000541008 -0.0125331 -0.000410927 0.999946 0.0103719 0.0125382 -0.0103656 0.999867 -0.142104 0.123498 0.496495
FixedParameters: 0 0 0

#Transform 54
Transform: AffineTransform_float_3_3
Parameters: 0.999921 0.000600439 -0.0125461 -0.000460123 0.999937 0.0111883 0.0125525 -0.0111817 0.999859 -0.154651 0.0867326 0.547119
FixedParameters: 0 0 0

#Transform 55
Transform: AffineTransform_float_3_3
Parameters: 0.999926 0.000551407 -0.0121596 -0.000455665 0.999968 0.00791246 0.012163 -0.00790621 0.999895 -0.144975 0.15955 0.410718
FixedParameters: 0 0 0

#Transform 56
Transform: AffineTransform_float_3_3
Parameters: 0.999933 0.000697608 -0.0115636 -0.000604225 0.999967 0.00805449 0.0115684 -0.00804725 0.9999 -0.123302 0.115295 0.423884
FixedParameters: 0 0 0

#Transform 57
Transform: AffineTransform_float_3_3
Parameters: 0.999929 0.000596244 -0.0119356 -0.000498978 0.999966 0.00816877 0.0119402 -0.00816104 0.999896 -0.114107 0.117977 0.462243
FixedParameters: 0 0 0

#Transform 58
Transform: AffineTransform_float_3_3
Parameters: 0.999935 0.000743863 -0.0113807 -0.000650274 0.999966 0.00823749 0.0113867 -0.00822965 0.999902 -0.101118 0.126608 0.503965
FixedParameters: 0 0 0

#Transform 59
Transform: AffineTransform_float_3_3
Parameters: 0.999934 0.000684584 -0.011448 -0.000594839 0.999969 0.00779704 0.0114524 -0.00778977 0.999904 -0.0987863 0.146702 0.467859
FixedParameters: 0 0 0

#Transform 60
Transform: AffineTransform_float_3_3
Parameters: 0.999933 0.0010211 -0.0115382 -0.000927914 0.999968 0.00804337 0.0115461 -0.00803196 0.999901 -0.120127 0.134473 0.470202
FixedParameters: 0 0 0

#Transform 61
Transform: AffineTransform_float_3_3
Parameters: 0.999927 0.00100359 -0.0120886 -0.000909483 0.999969 0.0078289 0.0120967 -0.00781723 0.999896 -0.117972 0.1231 0.419673
FixedParameters: 0 0 0

#Transform 62
Transform: AffineTransform_float_3_3
Parameters: 0.99993 0.00106907 -0.0117777 -0.000982769 0.999973 0.0073537 0.0117859 -0.007342 0.999904 -0.111068 0.11941 0.366022
FixedParameters: 0 0 0

#Transform 63
Transform: AffineTransform_float_3_3
Parameters: 0.999932 0.0011056 -0.0116124 -0.00102256 0.999974 0.00714182 0.0116206 -0.00712913 0.999907 -0.0985101 0.112862 0.343172
FixedParameters: 0 0 0

#Transform 64
Transform: AffineTransform_float_3_3
Parameters: 0.99993 0.00107377 -0.0117261 -0.000990612 0.999974 0.00711689 0.0117341 -0.00710506 0.999906 -0.105643 0.126916 0.376892
FixedParameters: 0 0 0

#Transform 65
Transform: AffineTransform_float_3_3
Parameters: 0.999929 0.00104328 -0.0117977 -0.000962538 0.999976 0.00683706 0.011805 -0.00682517 0.999907 -0.116126 0.117864 0.345311
FixedParameters: 0 0 0

#Transform 66
Transform: AffineTransform_float_3_3
Parameters: 0.999931 0.00115896 -0.0116886 -0.00107091 0.999971 0.00749584 0.0116974 -0.00748363 0.999904 -0.117923 0.103475 0.363684
FixedParameters: 0 0 0

#Transform 67
Transform: AffineTransform_float_3_3
Parameters: 0.99993 0.00111078 -0.0118087 -0.00100891 0.999962 0.00862655 0.0118185 -0.00861386 0.999893 -0.152381 0.114824 0.552348
FixedParameters: 0 0 0

#Transform 68
Transform: AffineTransform_float_3_3
Parameters: 0.99962 0.00544687 -0.0270237 -0.00434671 0.999166 0.0406115 0.0272217 -0.0404787 0.99881 -0.0877184 1.93886 0.0385129
FixedParameters: 0 0 0

#Transform 69
Transform: AffineTransform_float_3_3
Parameters: 0.999659 0.00480299 -0.0256665 -0.00368048 0.999042 0.0435997 0.0258519 -0.0434903 0.998719 -0.0973358 1.19406 0.959991
FixedParameters: 0 0 0

#Transform 70
Transform: AffineTransform_float_3_3
Parameters: 0.999761 0.0031181 -0.0216561 -0.00247389 0.999556 0.0296976 0.021739 -0.0296371 0.999325 -0.0357797 0.80704 0.877154
FixedParameters: 0 0 0

#Transform 71
Transform: AffineTransform_float_3_3
Parameters: 0.999781 0.00271199 -0.0207336 -0.00215676 0.999639 0.0267723 0.0207992 -0.0267214 0.999426 -0.0351205 0.751807 0.774647
FixedParameters: 0 0 0

#Transform 72
Transform: AffineTransform_float_3_3
Parameters: 0.999795 0.00233752 -0.0201337 -0.00181739 0.999665 0.025835 0.0201875 -0.0257933 0.999463 -0.0112652 0.764159 0.777991
FixedParameters: 0 0 0

#Transform 73
Transform: AffineTransform_float_3_3
Parameters: 0.999796 0.00237309 -0.0200597 -0.00186485 0.999678 0.0252989 0.0201134 -0.025256 0.999479 -0.0239298 0.758767 0.753508
FixedParameters: 0 0 0

#Transform 74
Transform: AffineTransform_float_3_3
Parameters: 0.999805 0.00234008 -0.0196276 -0.00186193 0.999702 0.0243381 0.0196788 -0.0242963 0.999511 -0.0272472 0.705781 0.702944
FixedParameters: 0 0 0

#Transform 75
Transform: AffineTransform_float_3_3
Parameters: 0.999802 0.0023925 -0.019781 -0.00191892 0.999713 0.0239073 0.0198322 -0.0238647 0.999518 -0.0288384 0.698861 0.703956
FixedParameters: 0 0 0

#Transform 76
Transform: AffineTransform_float_3_3
Parameters: 0.999797 0.0023825 -0.0200055 -0.00190463 0.999713 0.0238954 0.0200567 -0.023853 0.999515 -0.0355394 0.709498 0.73857
FixedParameters: 0 0 0

#Transform 77
Transform: AffineTransform_float_3_3
Parameters: 0.999816 0.0023363 -0.0190567 -0.001898 0.999734 0.023004 0.0191053 -0.0229639 0.999554 -0.0360901 0.718111 0.689439
FixedParameters: 0 0 0

#Transform 78
Transform: AffineTransform_float_3_3
Parameters: 0.999816 0.00202104 -0.0190924 -0.00156688 0.999716 0.0237688 0.0191351 -0.0237349 0.999535 -0.0325738 0.727043 0.752853
FixedParameters: 0 0 0

#Transform 79
Transform: AffineTransform_float_3_3
Parameters: 0.999817 0.00204592 -0.0189964 -0.0015941 0.999716 0.0238026 0.0190401 -0.0237682 0.999536 -0.0320085 0.715522 0.788904
FixedParameters: 0 0 0

#Transform 80
Transform: AffineTransform_float_3_3
Parameters: 0.999829 0.00225795 -0.0183981 -0.00182909 0.999726 0.0233141 0.0184456 -0.0232763 0.999558 -0.0163273 0.732561 0.706138
FixedParameters: 0 0 0

#Transform 81
Transform: AffineTransform_float_3_3
Parameters: 0.999827 0.00215549 -0.0184649 -0.00173969 0.999746 0.0224819 0.018509 -0.0224459 0.999577 -0.0203269 0.683643 0.685056
FixedParameters: 0 0 0

#Transform 82
Transform: AffineTransform_float_3_3
Parameters: 0.999823 0.0019357 -0.0187148 -0.0015288 0.999762 0.0217366 0.0187525 -0.0217043 0.999588 -0.00298287 0.680042 0.668327
FixedParameters: 0 0 0

#Transform 83
Transform: AffineTransform_float_3_3
Parameters: 0.999827 0.00207683 -0.0184917 -0.00165912 0.999744 0.0225816 0.0185332 -0.0225471 0.999574 -0.0277381 0.694876 0.701327
FixedParameters: 0 0 0

#Transform 84
Transform: AffineTransform_float_3_3
Parameters: 0.999818 0.00213034 -0.0189964 -0.00170735 0.99975 0.0222806 0.0190391 -0.0222439 0.999571 -0.057639 0.689424 0.713926
FixedParameters: 0 0 0

#Transform 85
Transform: AffineTransform_float_3_3
Parameters: 0.999821 0.00252563 -0.0187549 -0.00209583 0.999737 0.0228694 0.0188081 -0.0228267 0.999563 -0.0629206 0.711057 0.722719
FixedParameters: 0 0 0

#Transform 86
Transform: AffineTransform_float_3_3
Parameters: 0.99983 0.00262675 -0.0182153 -0.00222403 0.999754 0.0220686 0.0182696 -0.0220247 0.99959 -0.0800555 0.679689 0.691125
FixedParameters: 0 0 0

#Transform 87
Transform: AffineTransform_float_3_3
Parameters: 0.999837 0.00267626 -0.0178664 -0.00229658 0.999773 0.021187 0.0179196 -0.0211426 0.999616 -0.0595514 0.683195 0.639633
FixedParameters: 0 0 0

#Transform 88
Transform: AffineTransform_float_3_3
Parameters: 0.999843 0.00256033 -0.0174956 -0.00217422 0.999754 0.0220578 0.017548 -0.022016 0.999604 -0.062987 0.658894 0.676434
FixedParameters: 0 0 0

#Transform 89
Transform: AffineTransform_float_3_3
Parameters: 0.999844 0.00280411 -0.0174441 -0.00242599 0.999763 0.021626 0.0175011 -0.0215803 0.999613 -0.0701076 0.64876 0.654985
FixedParameters: 0 0 0

#Transform 90
Transform: AffineTransform_float_3_3
Parameters: 0.999846 0.00275201 -0.0173706 -0.00237871 0.999766 0.0215165 0.0174254 -0.0214725 0.999618 -0.0707699 0.677786 0.676448
FixedParameters: 0 0 0

#Transform 91
Transform: AffineTransform_float_3_3
Parameters: 0.999841 0.00278322 -0.0176517 -0.00238848 0.999747 0.0223484 0.0177102 -0.0223019 0.999594 -0.0565187 0.665178 0.725858
FixedParameters: 0 0 0

#Transform 92
Transform: AffineTransform_float_3_3
Parameters: 0.999849 0.00288908 -0.0171704 -0.00251115 0.999756 0.0219632 0.0172294 -0.0219169 0.999611 -0.0597038 0.688341 0.715991
FixedParameters: 0 0 0

#Transform 93
Transform: AffineTransform_float_3_3
Parameters: 0.99986 0.0027335 -0.0164909 -0.00239839 0.99979 0.0203282 0.0165425 -0.0202856 0.999658 -0.0590164 0.688536 0.654321
FixedParameters: 0 0 0

#Transform 94
Transform: AffineTransform_float_3_3
Parameters: 0.999859 0.0030358 -0.0165592 -0.00267507 0.99976 0.0217441 0.0166213 -0.0216967 0.999627 -0.0706385 0.663082 0.706354
FixedParameters: 0 0 0

#Transform 95
Transform: AffineTransform_float_3_3
Parameters: 0.999859 0.00283555 -0.0165117 -0.0024864 0.999773 0.0211581 0.0165684 -0.0211141 0.99964 -0.0698096 0.672903 0.692471
FixedParameters: 0 0 0

#Transform 96
Transform: AffineTransform_float_3_3
Parameters: 0.999859 0.00303373 -0.016559 -0.00267367 0.999761 0.021696 0.0166206 -0.0216478 0.999628 -0.0776193 0.66743 0.7278
FixedParameters: 0 0 0

#Transform 97
Transform: AffineTransform_float_3_3
Parameters: 0.999856 0.0027536 -0.0167871 -0.00238221 0.999753 0.0221011 0.0168433 -0.0220575 0.999615 -0.0843749 0.671671 0.736748
FixedParameters: 0 0 0

#Transform 98
Transform: AffineTransform_float_3_3
Parameters: 0.999868 0.00262846 -0.0160116 -0.0022859 0.999769 0.02133 0.0160639 -0.021291 0.999644 -0.0838639 0.691718 0.697454
FixedParameters: 0 0 0

#Transform 99
Transform: AffineTransform_float_3_3
Parameters: 0.999858 0.00263279 -0.0165979 -0.00228013 0.999773 0.0211835 0.0166504 -0.021142 0.999638 -0.0823925 0.66742 0.674141
FixedParameters: 0 0 0

#Transform 100
Transform: AffineTransform_float_3_3
Parameters: 0.999862 0.00277158 -0.0163752 -0.00242122 0.999769 0.021375 0.0164301 -0.0213326 0.999638 -0.0960106 0.6636 0.732239
FixedParameters: 0 0 0

#Transform 101
Transform: AffineTransform_float_3_3
Parameters: 0.999855 0.00298516 -0.0167787 -0.00261767 0.999757 0.0218695 0.0168399 -0.021823 0.99962 -0.106725 0.684904 0.734697
FixedParameters: 0 0 0

#Transform 102
Transform: AffineTransform_float_3_3
Parameters: 0.999863 0.00311111 -0.0162607 -0.00275745 0.99976 0.0217204 0.0163243 -0.0216715 0.999632 -0.111461 0.698718 0.718766
FixedParameters: 0 0 0

#Transform 103
Transform: AffineTransform_float_3_3
Parameters: 0.999864 0.00307273 -0.0162482 -0.00271275 0.999752 0.0221187 0.0163125 -0.0220719 0.999623 -0.11691 0.708191 0.754876
FixedParameters: 0 0 0

#Transform 104
Transform: AffineTransform_float_3_3
Parameters: 0.999864 0.00287012 -0.0161965 -0.00251157 0.999752 0.0221172 0.0162556 -0.0220736 0.999624 -0.115788 0.70138 0.732592
FixedParameters: 0 0 0

#Transform 105
Transform: AffineTransform_float_3_3
Parameters: 0.999863 0.0031161 -0.0162612 -0.00276078 0.999758 0.0218372 0.0163251 -0.0217896 0.999629 -0.118525 0.699934 0.724364
FixedParameters: 0 0 0

#Transform 106
Transform: AffineTransform_float_3_3
Parameters: 0.99987 0.003238 -0.0158093 -0.00289036 0.999754 0.0219859 0.0158764 -0.021937 0.999633 -0.122943 0.671761 0.750551
FixedParameters: 0 0 0

#Transform 107
Transform: AffineTransform_float_3_3
Parameters: 0.99987 0.00322724 -0.0158083 -0.00288336 0.99976 0.0217271 0.0158745 -0.0216792 0.999639 -0.121568 0.692245 0.722866
FixedParameters: 0 0 0

#Transform 108
Transform: AffineTransform_float_3_3
Parameters: 0.999863 0.00311212 -0.0162677 -0.002757 0.999759 0.0217842 0.0163319 -0.0217367 0.99963 -0.121021 0.69536 0.719863
FixedParameters: 0 0 0

#Transform 109
Transform: AffineTransform_float_3_3
Parameters: 0.999856 0.00299982 -0.0166579 -0.00264143 0.999766 0.0214991 0.0167191 -0.0214518 0.99963 -0.138645 0.675561 0.773516
FixedParameters: 0 0 0

#Transform 110
Transform: AffineTransform_float_3_3
Parameters: 0.99986 0.00250218 -0.0165528 -0.00218118 0.999809 0.0193935 0.0165982 -0.0193544 0.999675 -0.164675 0.579101 0.828233
FixedParameters: 0 0 0

#Transform 111
Transform: AffineTransform_float_3_3
Parameters: 0.99985 0.00305309 -0.0170371 -0.00270983 0.999794 0.0201313 0.0170955 -0.020081 0.999652 -0.177356 0.606741 0.828771
FixedParameters: 0 0 0

#Transform 112
Transform: AffineTransform_float_3_3
Parameters: 0.999856 0.00303826 -0.0167064 -0.0027182 0.999813 0.0191422 0.0167609 -0.0190934 0.999677 -0.181687 0.591936 0.775279
FixedParameters: 0 0 0

#Transform 113
Transform: AffineTransform_float_3_3
Parameters: 0.999855 0.00303645 -0.0167042 -0.00271219 0.999808 0.0193953 0.0167599 -0.0193467 0.999672 -0.193728 0.613947 0.767393
FixedParameters: 0 0 0

#Transform 114
Transform: AffineTransform_float_3_3
Parameters: 0.999854 0.00311507 -0.0168108 -0.0028081 0.999829 0.0182801 0.0168651 -0.0182301 0.999691 -0.204175 0.593069 0.768435
FixedParameters: 0 0 0

#Transform 115
Transform: AffineTransform_float_3_3
Parameters: 0.999864 0.00304998 -0.0161968 -0.00274851 0.999824 0.0185852 0.0162503 -0.0185383 0.999696 -0.20615 0.587474 0.753625
FixedParameters: 0 0 0

#Transform 116
Transform: AffineTransform_float_3_3
Parameters: 0.999861 0.00322423 -0.0163465 -0.00291301 0.999815 0.0189952 0.0164049 -0.0189456 0.999686 -0.208967 0.623989 0.76895
FixedParameters: 0 0 0

#Transform 117
Transform: AffineTransform_float_3_3
Parameters: 0.999864 0.00279537 -0.0162764 -0.00245905 0.999783 0.0206715 0.0163313 -0.0206294 0.999654 -0.20517 0.609627 0.835866
FixedParameters: 0 0 0

#Transform 118
Transform: AffineTransform_float_3_3
Parameters: 0.99987 0.00327824 -0.0158041 -0.00288818 0.999692 0.0246344 0.0158809 -0.0245855 0.999572 -0.268864 0.652204 1.11849
FixedParameters: 0 0 0

#Transform 119
Transform: AffineTransform_float_3_3
Parameters: 0.999888 0.00251163 -0.014739 -0.00219746 0.999772 0.0212797 0.0147894 -0.0212451 0.999665 -0.251241 0.600672 0.966284
FixedParameters: 0 0 0
