# transform file /out/sourcedata/freesurfer/sub-v2s15x29748_ses-1/mri/transforms/cc_up.lta
# created by oesteban on Wed Mar 11 10:29:45 2026

type      = 0 # LINEAR_VOX_TO_VOX
nxforms   = 1
mean      = 127.0000 121.0000 116.0000
sigma     = 10000.0000
1 4 4
9.879066944122314e-01 -1.015128195285797e-02 -1.547169536352158e-01 2.087711524963379e+01 
1.002903655171394e-02 9.999485015869141e-01 -1.570656313560903e-03 1.791704940795898e+01 
1.547249257564545e-01 -1.164153218269348e-10 9.879575967788696e-01 -1.349651813507080e-01 
0.000000000000000e+00 0.000000000000000e+00 0.000000000000000e+00 1.000000000000000e+00 
src volume info
valid = 1  # volume info valid
filename = /out/sourcedata/freesurfer/sub-v2s15x29748_ses-1/mri/norm.mgz
volume = 256 256 256
voxelsize = 1.000000000000000e+00 1.000000000000000e+00 1.000000000000000e+00
xras   = -1.000000000000000e+00 0.000000000000000e+00 0.000000000000000e+00
yras   = 0.000000000000000e+00 0.000000000000000e+00 -1.000000000000000e+00
zras   = 0.000000000000000e+00 1.000000000000000e+00 0.000000000000000e+00
cras   = -1.821464538574219e+00 2.205345153808594e+00 1.552784729003906e+01
dst volume info
valid = 1  # volume info valid
filename = /out/sourcedata/freesurfer/sub-v2s15x29748_ses-1/mri/norm.mgz
volume = 256 256 256
voxelsize = 1.000000000000000e+00 1.000000000000000e+00 1.000000000000000e+00
xras   = -1.000000000000000e+00 0.000000000000000e+00 0.000000000000000e+00
yras   = 0.000000000000000e+00 0.000000000000000e+00 -1.000000000000000e+00
zras   = 0.000000000000000e+00 1.000000000000000e+00 0.000000000000000e+00
cras   = -1.821464538574219e+00 2.205345153808594e+00 1.552784729003906e+01
