#Insight Transform File V1.0
#Transform 0
Transform: AffineTransform_float_3_3
Parameters: 1 0.000243598 -0.00112134 -0.000246253 0.999998 -0.00185084 0.00112191 0.00185067 0.999998 -0.016095 -0.0151516 0.000167091
FixedParameters: 0 0 0

#Transform 1
Transform: AffineTransform_float_3_3
Parameters: 0.999999 0.000171433 -0.000844358 -0.000173331 0.999999 -0.00179107 0.000844121 0.00179147 0.999998 -0.00895054 0.0225376 -0.0445184
FixedParameters: 0 0 0

#Transform 2
Transform: AffineTransform_float_3_3
Parameters: 1 0.000335807 -0.000380486 -0.000336585 0.999999 -0.00129096 0.000380409 0.00129125 0.999999 -0.0343189 -0.0133551 -0.0138705
FixedParameters: 0 0 0

#Transform 3
Transform: AffineTransform_float_3_3
Parameters: 1 -5.88183e-05 0.000351938 5.95376e-05 0.999996 -0.00257195 -0.000351874 0.00257191 0.999996 -0.054676 -0.00139235 -0.0271328
FixedParameters: 0 0 0

#Transform 4
Transform: AffineTransform_float_3_3
Parameters: 1 4.14266e-06 0.000342795 -2.97647e-06 0.999999 -0.00182258 -0.000343134 0.00182257 0.999999 0.00270158 -0.0228243 -0.0844675
FixedParameters: 0 0 0

#Transform 5
Transform: AffineTransform_float_3_3
Parameters: 1 -9.83193e-05 -0.000440408 9.7724e-05 1 -0.000675722 0.000440541 0.000675636 0.999999 0.00806746 0.0215654 -0.0699534
FixedParameters: 0 0 0

#Transform 6
Transform: AffineTransform_float_3_3
Parameters: 0.999999 -4.31679e-05 -0.000827627 4.2832e-05 1 -0.000760393 0.000827281 0.000760875 1 -0.000265495 -0.0101274 -0.0182083
FixedParameters: 0 0 0

#Transform 7
Transform: AffineTransform_float_3_3
Parameters: 0.999999 -0.000256588 -0.000772444 0.000255287 0.999999 -0.000815223 0.000772699 0.000815308 1 -0.00552058 -0.00573836 0.0146979
FixedParameters: 0 0 0

#Transform 8
Transform: AffineTransform_float_3_3
Parameters: 0.999999 6.59836e-06 -0.000840478 -7.71539e-06 0.999999 -0.000688438 0.000840284 0.000688057 1 -0.00542448 -0.0152312 0.025332
FixedParameters: 0 0 0

#Transform 9
Transform: AffineTransform_float_3_3
Parameters: 1 -9.76669e-05 -0.000997358 9.73969e-05 1 -0.001103 0.000997076 0.00110295 0.999999 -6.25668e-05 0.0071013 0.00353844
FixedParameters: 0 0 0

#Transform 10
Transform: AffineTransform_float_3_3
Parameters: 0.999999 0.000466298 -0.000734294 -0.000466403 0.999999 -0.000923182 0.000733955 0.000923589 1 0.00656888 0.0066445 -0.00820883
FixedParameters: 0 0 0

#Transform 11
Transform: AffineTransform_float_3_3
Parameters: 1 1.29067e-05 -0.000277165 -1.32508e-05 0.999999 -0.000987178 0.00027793 0.000987705 1 -0.0190823 -0.0101065 0.0187012
FixedParameters: 0 0 0

#Transform 12
Transform: AffineTransform_float_3_3
Parameters: 1 0.000133225 -0.000308327 -0.000133704 1 -0.00110731 0.000308823 0.00110743 1 -0.0174242 -0.0304771 0.0503376
FixedParameters: 0 0 0

#Transform 13
Transform: AffineTransform_float_3_3
Parameters: 1 0.000322569 -0.000357168 -0.000322947 0.999999 -0.000872894 0.000357559 0.000873165 0.999999 -0.0173292 -0.00302455 0.0233535
FixedParameters: 0 0 0

#Transform 14
Transform: AffineTransform_float_3_3
Parameters: 1 8.78372e-06 -0.000486833 -9.65249e-06 1 -0.00110093 0.000487605 0.00110097 1 -0.00800803 0.0177208 -0.0338149
FixedParameters: 0 0 0

#Transform 15
Transform: AffineTransform_float_3_3
Parameters: 1 9.86821e-05 -0.000546065 -9.94148e-05 1 -0.000670941 0.000545932 0.000671049 0.999999 -0.00880882 0.0293733 -0.0223826
FixedParameters: 0 0 0

#Transform 16
Transform: AffineTransform_float_3_3
Parameters: 0.999999 5.20272e-05 -0.000948102 -5.27832e-05 1 -0.000398632 0.00094806 0.000398731 0.999999 -0.0168204 0.021279 -0.0026905
FixedParameters: 0 0 0

#Transform 17
Transform: AffineTransform_float_3_3
Parameters: 1 0.000244069 0.000135329 -0.000244017 1 -0.000191815 -0.000135422 0.000191749 1 -0.0177671 -0.025767 0.0532521
FixedParameters: 0 0 0

#Transform 18
Transform: AffineTransform_float_3_3
Parameters: 1 -0.000143921 0.000188815 0.000143758 1 0.000429297 -0.000188938 -0.000429243 1 -0.0476481 0.0262332 0.0171795
FixedParameters: 0 0 0

#Transform 19
Transform: AffineTransform_float_3_3
Parameters: 1 -0.000142029 -0.0002257 0.000142056 1 6.00387e-05 0.000225683 -6.01028e-05 1 -0.0311389 0.0283415 -0.042944
FixedParameters: 0 0 0

#Transform 20
Transform: AffineTransform_float_3_3
Parameters: 1 -0.000157524 -0.000399315 0.000157424 1 -0.000126053 0.000399355 0.000125928 1 -0.0105672 -0.00396828 -0.00951853
FixedParameters: 0 0 0

#Transform 21
Transform: AffineTransform_float_3_3
Parameters: 1 3.98538e-05 0.000429672 -4.05486e-05 1 -0.000314412 -0.000429449 0.000314304 1 -0.000946551 -0.0107934 0.0330906
FixedParameters: 0 0 0

#Transform 22
Transform: AffineTransform_float_3_3
Parameters: 1 0.000142936 2.39996e-05 -0.000142662 1 -0.000593277 -2.32145e-05 0.000593311 1 -0.00710426 0.00552511 0.0351989
FixedParameters: 0 0 0

#Transform 23
Transform: AffineTransform_float_3_3
Parameters: 1 -0.000587332 -0.00022324 0.000587126 0.999999 -0.000462487 0.000223783 0.000462224 1 -0.0107336 0.00792583 0.0554303
FixedParameters: 0 0 0

#Transform 24
Transform: AffineTransform_float_3_3
Parameters: 0.999999 -1.81672e-05 -0.000954714 1.78517e-05 1 -0.00016525 0.00095472 0.000165215 0.999999 -0.0168717 0.0327896 0.0744008
FixedParameters: 0 0 0

#Transform 25
Transform: AffineTransform_float_3_3
Parameters: 0.999999 -0.000118712 -0.000928715 0.000119439 1 0.000391455 0.000928622 -0.000391676 0.999999 -0.00708633 0.02281 0.0507445
FixedParameters: 0 0 0

#Transform 26
Transform: AffineTransform_float_3_3
Parameters: 0.999999 4.41316e-05 -0.000970744 -4.41999e-05 1 -3.51457e-05 0.000970741 3.52314e-05 0.999999 -0.00608699 0.00674511 0.064076
FixedParameters: 0 0 0

#Transform 27
Transform: AffineTransform_float_3_3
Parameters: 0.999999 9.01249e-05 -0.000906073 -8.95874e-05 1 0.000296704 0.000906127 -0.000296541 0.999999 -0.00447542 0.0198701 0.032243
FixedParameters: 0 0 0

#Transform 28
Transform: AffineTransform_float_3_3
Parameters: 0.999999 0.00010849 -0.000963417 -0.000108203 1 0.000671546 0.000963649 -0.000670931 1 0.0188114 -0.00323533 0.0412632
FixedParameters: 0 0 0

#Transform 29
Transform: AffineTransform_float_3_3
Parameters: 0.999999 6.32599e-05 -0.000933208 -6.19714e-05 0.999999 0.000668971 0.000933108 -0.000669247 1 0.00661135 -0.032559 0.0211106
FixedParameters: 0 0 0

#Transform 30
Transform: AffineTransform_float_3_3
Parameters: 1 -0.000144589 -0.000530807 0.00014515 0.999999 0.00147682 0.000530465 -0.00147705 0.999999 0.00612603 0.0166103 0.101643
FixedParameters: 0 0 0

#Transform 31
Transform: AffineTransform_float_3_3
Parameters: 0.999999 -0.00059756 -0.000416689 0.000598942 0.999996 0.00273063 0.000413973 -0.00273117 0.999996 0.0128181 -0.00855237 0.131249
FixedParameters: 0 0 0

#Transform 32
Transform: AffineTransform_float_3_3
Parameters: 1 -0.000562579 -0.000863296 0.000565319 0.999995 0.00312546 0.000861795 -0.00312571 0.999994 0.0229351 -0.0115138 0.132513
FixedParameters: 0 0 0

#Transform 33
Transform: AffineTransform_float_3_3
Parameters: 0.999999 0.000788971 -0.000597736 -0.000787171 0.999996 0.00265283 0.000600559 -0.00265202 0.999997 0.0370883 -0.0572154 0.208921
FixedParameters: 0 0 0

#Transform 34
Transform: AffineTransform_float_3_3
Parameters: 1 -0.000343353 -0.000480098 0.000343496 0.999998 0.00198984 0.000479858 -0.00199029 0.999998 0.0341321 0.0127528 0.152728
FixedParameters: 0 0 0

#Transform 35
Transform: AffineTransform_float_3_3
Parameters: 1 -0.00015264 -0.000528744 0.000153191 0.999999 0.0014735 0.00052838 -0.00147374 0.999999 0.0375919 -0.0129749 0.122306
FixedParameters: 0 0 0

#Transform 36
Transform: AffineTransform_float_3_3
Parameters: 1 -0.000448072 -0.000452685 0.000447561 1 0.000591881 0.000452425 -0.000591488 0.999999 0.046687 0.0269484 0.111848
FixedParameters: 0 0 0

#Transform 37
Transform: AffineTransform_float_3_3
Parameters: 0.999999 -0.00062244 -0.000466817 0.000622463 0.999999 0.000793572 0.000467032 -0.000794186 0.999999 0.0471427 0.0288429 0.137447
FixedParameters: 0 0 0

#Transform 38
Transform: AffineTransform_float_3_3
Parameters: 1 -0.000855701 -0.000752102 0.000855951 0.999999 0.00134015 0.00075128 -0.00134067 0.999999 0.0538537 0.0273014 0.112739
FixedParameters: 0 0 0

#Transform 39
Transform: AffineTransform_float_3_3
Parameters: 0.999999 -0.00124243 -0.00121361 0.00124403 0.999998 0.00142071 0.00121157 -0.0014216 0.999998 0.0488809 0.0155024 0.0839266
FixedParameters: 0 0 0

#Transform 40
Transform: AffineTransform_float_3_3
Parameters: 0.999999 -0.00116642 -0.000958695 0.00116781 0.999998 0.00154051 0.000957362 -0.00154194 0.999999 0.0617464 0.0145558 0.0707809
FixedParameters: 0 0 0

#Transform 41
Transform: AffineTransform_float_3_3
Parameters: 0.999999 -0.0010831 -0.000695287 0.00108401 0.999998 0.0017193 0.000693803 -0.00172087 0.999999 0.0566046 0.0190153 0.0596372
FixedParameters: 0 0 0

#Transform 42
Transform: AffineTransform_float_3_3
Parameters: 1 -0.000825402 -0.000407179 0.000825963 0.999999 0.00172769 0.000405388 -0.00172752 0.999999 0.0499731 0.0247626 0.0924503
FixedParameters: 0 0 0

#Transform 43
Transform: AffineTransform_float_3_3
Parameters: 0.999999 -0.000586633 -0.000321586 0.000587797 0.999998 0.00149541 0.000320621 -0.00149574 0.999999 0.0547037 0.0209447 0.116911
FixedParameters: 0 0 0

#Transform 44
Transform: AffineTransform_float_3_3
Parameters: 0.999999 -0.0006734 -0.000415086 0.000674276 0.999999 0.00167581 0.000414822 -0.00167684 0.999998 0.0681062 0.0117754 0.0779926
FixedParameters: 0 0 0

#Transform 45
Transform: AffineTransform_float_3_3
Parameters: 1 -0.000365957 0.000115051 0.000365667 0.999998 0.00195839 -0.000115855 -0.00195827 0.999998 0.0700899 0.0256897 0.0758204
FixedParameters: 0 0 0

#Transform 46
Transform: AffineTransform_float_3_3
Parameters: 0.999999 -0.000695198 -0.000267327 0.000696331 0.999998 0.00197709 0.000265226 -0.00197655 0.999998 0.059216 0.00395145 0.101788
FixedParameters: 0 0 0

#Transform 47
Transform: AffineTransform_float_3_3
Parameters: 0.999999 -0.000636173 -3.67699e-05 0.000636725 0.999998 0.00197733 3.58362e-05 -0.00197731 0.999998 0.0469277 0.00625599 0.113338
FixedParameters: 0 0 0

#Transform 48
Transform: AffineTransform_float_3_3
Parameters: 0.999999 -0.000762507 -0.000207047 0.000763139 0.999999 0.00103456 0.00020626 -0.00103484 1 0.0504871 0.029031 0.105251
FixedParameters: 0 0 0

#Transform 49
Transform: AffineTransform_float_3_3
Parameters: 1 -0.000964895 1.60782e-05 0.000965014 0.999999 0.00132393 -1.76567e-05 -0.00132299 0.999999 0.0448669 0.0219106 0.0966626
FixedParameters: 0 0 0

#Transform 50
Transform: AffineTransform_float_3_3
Parameters: 0.999999 -0.000731176 -0.000248443 0.000732129 0.999998 0.00151182 0.000247022 -0.00151215 0.999999 0.0547888 0.0255282 0.100283
FixedParameters: 0 0 0

#Transform 51
Transform: AffineTransform_float_3_3
Parameters: 0.999999 -0.000699614 -0.000256857 0.000700746 0.999998 0.00189545 0.000254831 -0.00189578 0.999998 0.05787 0.0272304 0.091163
FixedParameters: 0 0 0

#Transform 52
Transform: AffineTransform_float_3_3
Parameters: 0.999999 -0.000733089 -0.000305863 0.000734551 0.999999 0.00165704 0.000305177 -0.00165789 0.999998 0.0494244 0.0179162 0.080575
FixedParameters: 0 0 0

#Transform 53
Transform: AffineTransform_float_3_3
Parameters: 0.999999 -0.000631843 -0.000416348 0.000632272 0.999998 0.00152902 0.000415477 -0.00152871 0.999998 0.0500661 0.0270829 0.0894714
FixedParameters: 0 0 0

#Transform 54
Transform: AffineTransform_float_3_3
Parameters: 0.999999 -0.000653784 -0.000364342 0.000654221 0.999998 0.00164541 0.000363229 -0.00164593 0.999998 0.0503357 0.0229755 0.0825356
FixedParameters: 0 0 0

#Transform 55
Transform: AffineTransform_float_3_3
Parameters: 1 -0.000322227 -0.000497829 0.000323121 0.999998 0.00170504 0.000497606 -0.00170492 0.999999 0.0483848 0.0137784 0.0801503
FixedParameters: 0 0 0

#Transform 56
Transform: AffineTransform_float_3_3
Parameters: 1 -0.00103575 -0.000315759 0.00103678 0.999997 0.00224974 0.000313904 -0.00224948 0.999998 0.0443207 0.0437725 0.0322387
FixedParameters: 0 0 0

#Transform 57
Transform: AffineTransform_float_3_3
Parameters: 1 -0.000924725 -0.000458388 0.000925093 0.999997 0.00201771 0.000456899 -0.00201863 0.999998 0.0473946 0.0203707 0.0773766
FixedParameters: 0 0 0

#Transform 58
Transform: AffineTransform_float_3_3
Parameters: 1 -0.000145788 -0.000173448 0.000146328 0.999999 0.0018017 0.000172596 -0.00180176 0.999999 0.0265283 0.0212426 0.130156
FixedParameters: 0 0 0

#Transform 59
Transform: AffineTransform_float_3_3
Parameters: 1 -0.000373839 -0.000226916 0.000375111 0.999996 0.00254586 0.000225475 -0.002546 0.999997 0.0358275 0.0283937 0.158741
FixedParameters: 0 0 0

#Transform 60
Transform: AffineTransform_float_3_3
Parameters: 1 -0.00103644 -0.000315745 0.00103661 0.999996 0.00241833 0.000313788 -0.00241814 0.999997 0.0298084 0.0416721 0.103628
FixedParameters: 0 0 0

#Transform 61
Transform: AffineTransform_float_3_3
Parameters: 0.999999 -0.000645075 -0.000415332 0.00064588 0.999998 0.00193967 0.000413705 -0.00194024 0.999998 0.0307514 0.0305971 0.107744
FixedParameters: 0 0 0

#Transform 62
Transform: AffineTransform_float_3_3
Parameters: 1 -0.000691542 -0.000598455 0.000693272 0.999998 0.00194446 0.000597778 -0.00194442 0.999998 0.0504576 0.020223 0.0824865
FixedParameters: 0 0 0

#Transform 63
Transform: AffineTransform_float_3_3
Parameters: 0.999999 -0.000654335 -0.000465627 0.000655292 0.999998 0.00198142 0.000463931 -0.0019812 0.999998 0.0502865 0.0320314 0.0592797
FixedParameters: 0 0 0

#Transform 64
Transform: AffineTransform_float_3_3
Parameters: 0.999999 -0.000760024 -0.000396299 0.000760713 0.999998 0.00199155 0.000394169 -0.00199132 0.999998 0.0620149 0.00224888 0.0356698
FixedParameters: 0 0 0

#Transform 65
Transform: AffineTransform_float_3_3
Parameters: 0.999999 -0.00115619 -0.000358313 0.00115742 0.999997 0.00227571 0.000355855 -0.00227562 0.999998 0.0631996 0.0303138 0.0222545
FixedParameters: 0 0 0

#Transform 66
Transform: AffineTransform_float_3_3
Parameters: 1 -0.000714612 0.000470891 0.000714497 0.999999 0.00166847 -0.000471615 -0.00166812 0.999998 0.0567687 0.0309642 0.0468456
FixedParameters: 0 0 0

#Transform 67
Transform: AffineTransform_float_3_3
Parameters: 1 -0.000899682 0.000138124 0.000899363 0.999998 0.00187631 -0.000140707 -0.00187602 0.999999 0.0555968 0.0465703 0.0157389
FixedParameters: 0 0 0

#Transform 68
Transform: AffineTransform_float_3_3
Parameters: 1 -0.000925317 0.000325542 0.00092443 0.999998 0.00173376 -0.000327794 -0.00173359 0.999998 0.0394951 0.0509727 0.0446035
FixedParameters: 0 0 0

#Transform 69
Transform: AffineTransform_float_3_3
Parameters: 0.999999 -0.0011747 -6.3197e-05 0.00117435 0.999998 0.00203259 6.04385e-05 -0.00203234 0.999998 0.0627988 0.0427677 0.0481245
FixedParameters: 0 0 0

#Transform 70
Transform: AffineTransform_float_3_3
Parameters: 1 -0.000988215 -1.79502e-05 0.000987768 0.999998 0.00201836 1.59563e-05 -0.00201887 0.999998 0.0508667 0.0517024 0.00635163
FixedParameters: 0 0 0

#Transform 71
Transform: AffineTransform_float_3_3
Parameters: 1 -0.000944882 0.000151593 0.000943999 0.999998 0.00201854 -0.000152456 -0.00201869 0.999998 0.0562532 0.0514168 0.0371405
FixedParameters: 0 0 0

#Transform 72
Transform: AffineTransform_float_3_3
Parameters: 1 -0.000907489 0.000297897 0.000906732 0.999998 0.00201872 -0.000299813 -0.00201859 0.999998 0.045905 0.0449457 0.0654818
FixedParameters: 0 0 0

#Transform 73
Transform: AffineTransform_float_3_3
Parameters: 1 -0.000792343 0.000748414 0.000790733 0.999998 0.00201913 -0.000750113 -0.00201827 0.999998 0.0396165 0.063365 0.0519179
FixedParameters: 0 0 0

#Transform 74
Transform: AffineTransform_float_3_3
Parameters: 0.999999 -0.000755699 0.00102752 0.000753665 0.999999 0.00161779 -0.00102928 -0.00161748 0.999998 0.0620145 0.0503722 0.0314056
FixedParameters: 0 0 0

#Transform 75
Transform: AffineTransform_float_3_3
Parameters: 0.999999 -0.00115429 0.000896142 0.00115207 0.999997 0.00231842 -0.000898266 -0.00231748 0.999997 0.0342141 0.075236 0.0100036
FixedParameters: 0 0 0

#Transform 76
Transform: AffineTransform_float_3_3
Parameters: 1 -0.000870405 0.000449452 0.000869054 0.999998 0.00199991 -0.000451184 -0.00199954 0.999998 0.0387273 0.0803168 -0.00734573
FixedParameters: 0 0 0

#Transform 77
Transform: AffineTransform_float_3_3
Parameters: 1 -0.000802656 0.000690096 0.000800574 0.999998 0.0020709 -0.000690736 -0.00207103 0.999998 0.0245879 0.0530709 0.0305719
FixedParameters: 0 0 0

#Transform 78
Transform: AffineTransform_float_3_3
Parameters: 1 -0.00080789 0.000597305 0.000805938 0.999997 0.00228307 -0.00059831 -0.00228334 0.999997 0.0423903 0.0493598 0.00965035
FixedParameters: 0 0 0

#Transform 79
Transform: AffineTransform_float_3_3
Parameters: 1 -0.000818184 0.00073601 0.000816417 0.999997 0.0023535 -0.000737589 -0.00235297 0.999997 0.047763 0.0427661 0.0196836
FixedParameters: 0 0 0

#Transform 80
Transform: AffineTransform_float_3_3
Parameters: 0.999998 -0.00102626 0.00112192 0.00102436 0.999997 0.00205491 -0.00112395 -0.0020537 0.999997 0.0360668 0.066546 0.0201388
FixedParameters: 0 0 0

#Transform 81
Transform: AffineTransform_float_3_3
Parameters: 0.999999 -0.00133857 0.000960745 0.00133575 0.999996 0.00236825 -0.000964646 -0.00236684 0.999997 0.035734 0.061807 0.0515011
FixedParameters: 0 0 0

#Transform 82
Transform: AffineTransform_float_3_3
Parameters: 0.999999 -0.000970829 0.000604176 0.000969106 0.999996 0.00272446 -0.000607334 -0.0027231 0.999996 0.0564964 0.0557042 0.0174018
FixedParameters: 0 0 0

#Transform 83
Transform: AffineTransform_float_3_3
Parameters: 0.999999 -0.00101049 0.00144271 0.00100672 0.999996 0.00227169 -0.00144513 -0.00227026 0.999996 0.0334697 0.0643229 0.00271383
FixedParameters: 0 0 0

#Transform 84
Transform: AffineTransform_float_3_3
Parameters: 0.999998 -0.000812192 0.00141379 0.000809765 0.999997 0.00217029 -0.00141556 -0.0021694 0.999997 0.0268369 0.0399975 0.0401731
FixedParameters: 0 0 0

#Transform 85
Transform: AffineTransform_float_3_3
Parameters: 0.999998 -0.000970811 0.00198684 0.000966919 0.999997 0.00224945 -0.00198859 -0.00224776 0.999996 0.0276807 0.0641935 0.0319327
FixedParameters: 0 0 0

#Transform 86
Transform: AffineTransform_float_3_3
Parameters: 0.999998 -0.000726156 0.00176972 0.000722429 0.999998 0.00211363 -0.00177087 -0.00211247 0.999996 0.043883 0.0558504 0.0228348
FixedParameters: 0 0 0

#Transform 87
Transform: AffineTransform_float_3_3
Parameters: 0.999998 -0.000726299 0.00178322 0.000722664 0.999998 0.00207179 -0.00178431 -0.00207061 0.999996 0.0451791 0.058057 0.00418427
FixedParameters: 0 0 0

#Transform 88
Transform: AffineTransform_float_3_3
Parameters: 0.999998 -0.000782909 0.00175426 0.000779161 0.999997 0.00213812 -0.00175568 -0.00213678 0.999996 0.0456373 0.0586554 0.00145832
FixedParameters: 0 0 0

#Transform 89
Transform: AffineTransform_float_3_3
Parameters: 0.999998 -0.000671545 0.00174476 0.000668734 0.999998 0.00181071 -0.00174623 -0.00180933 0.999997 0.0421077 0.0722045 0.00398584
FixedParameters: 0 0 0

#Transform 90
Transform: AffineTransform_float_3_3
Parameters: 0.999998 -0.000521515 0.00180718 0.000518158 0.999998 0.00216557 -0.00180873 -0.00216506 0.999996 0.0365899 0.0558867 0.0376159
FixedParameters: 0 0 0

#Transform 91
Transform: AffineTransform_float_3_3
Parameters: 0.999998 -0.000747932 0.00176318 0.000744811 0.999998 0.00187972 -0.00176503 -0.00187805 0.999997 0.0417062 0.0676091 0.0479632
FixedParameters: 0 0 0

#Transform 92
Transform: AffineTransform_float_3_3
Parameters: 0.999999 -1.32414e-05 0.00130304 9.18738e-06 0.999995 0.00317621 -0.00130303 -0.00317621 0.999994 0.027623 0.0403643 0.0965865
FixedParameters: 0 0 0

#Transform 93
Transform: AffineTransform_float_3_3
Parameters: 0.999999 -0.00030723 0.0014169 0.000302297 0.999994 0.00334548 -0.00141793 -0.00334596 0.999993 0.0414912 0.0851338 0.0881814
FixedParameters: 0 0 0

#Transform 94
Transform: AffineTransform_float_3_3
Parameters: 0.999999 -0.000378532 0.00108615 0.000375302 0.999993 0.00354203 -0.00108779 -0.00354168 0.999993 0.0469858 0.0472989 0.0726005
FixedParameters: 0 0 0

#Transform 95
Transform: AffineTransform_float_3_3
Parameters: 1 -0.000459183 0.000797167 0.000457168 0.999994 0.00345821 -0.000799054 -0.00345802 0.999994 0.0491398 0.0409773 0.0864614
FixedParameters: 0 0 0

#Transform 96
Transform: AffineTransform_float_3_3
Parameters: 0.999999 -0.000934486 0.000887035 0.000931502 0.999993 0.00338613 -0.000889913 -0.00338501 0.999994 0.049989 0.0681414 0.0569483
FixedParameters: 0 0 0

#Transform 97
Transform: AffineTransform_float_3_3
Parameters: 0.999999 -0.000234944 0.0011798 0.00023058 0.999995 0.00333429 -0.00118007 -0.00333429 0.999994 0.013134 0.0728325 0.0579123
FixedParameters: 0 0 0

#Transform 98
Transform: AffineTransform_float_3_3
Parameters: 0.999999 9.54332e-06 0.00117529 -1.37418e-05 0.999993 0.003565 -0.00117529 -0.00356506 0.999993 0.0252585 0.0668707 0.0920254
FixedParameters: 0 0 0

#Transform 99
Transform: AffineTransform_float_3_3
Parameters: 1 -7.93667e-05 0.00115677 7.49413e-05 0.999995 0.00332083 -0.00115696 -0.00332124 0.999994 0.0236077 0.0769313 0.0712252
FixedParameters: 0 0 0

#Transform 100
Transform: AffineTransform_float_3_3
Parameters: 1 -0.000376317 0.00109562 0.0003728 0.999996 0.0026889 -0.00109673 -0.00268873 0.999996 0.0336183 0.0838528 0.0659791
FixedParameters: 0 0 0

#Transform 101
Transform: AffineTransform_float_3_3
Parameters: 0.999999 -0.000282699 0.00173019 0.000277898 0.999997 0.00263175 -0.00173126 -0.0026308 0.999995 0.0289469 0.0932031 0.0157122
FixedParameters: 0 0 0

#Transform 102
Transform: AffineTransform_float_3_3
Parameters: 0.999999 -0.000363628 0.00158991 0.00035859 0.999997 0.00264827 -0.001591 -0.00264769 0.999995 0.0434687 0.0797583 0.0112789
FixedParameters: 0 0 0

#Transform 103
Transform: AffineTransform_float_3_3
Parameters: 0.999999 -0.000356889 0.00162742 0.000352091 0.999997 0.00261447 -0.00162753 -0.00261473 0.999995 0.0395891 0.077571 0.0185273
FixedParameters: 0 0 0

#Transform 104
Transform: AffineTransform_float_3_3
Parameters: 0.999999 -0.000565014 0.00123445 0.000561793 0.999996 0.00275685 -0.00123595 -0.00275599 0.999995 0.0492493 0.0768778 0.0318286
FixedParameters: 0 0 0

#Transform 105
Transform: AffineTransform_float_3_3
Parameters: 0.999998 -0.000700693 0.00132988 0.000697144 0.999996 0.00277525 -0.0013312 -0.00277389 0.999995 0.0510763 0.0921373 -0.00357911
FixedParameters: 0 0 0

#Transform 106
Transform: AffineTransform_float_3_3
Parameters: 0.999998 -0.000508334 0.00178755 0.000502914 0.999996 0.00278938 -0.00178902 -0.00278755 0.999994 0.0392068 0.0738564 0.00909844
FixedParameters: 0 0 0

#Transform 107
Transform: AffineTransform_float_3_3
Parameters: 0.999997 -0.000883721 0.00182699 0.000878569 0.999995 0.00306451 -0.00182956 -0.00306247 0.999994 0.0432362 0.0794626 0.0312978
FixedParameters: 0 0 0

#Transform 108
Transform: AffineTransform_float_3_3
Parameters: 0.999999 -0.000997444 0.00133683 0.000992817 0.999994 0.00319135 -0.00134064 -0.00319054 0.999994 0.0527123 0.0991876 0.0367143
FixedParameters: 0 0 0

#Transform 109
Transform: AffineTransform_float_3_3
Parameters: 0.999998 -0.00093253 0.00159677 0.00092746 0.999995 0.00317789 -0.0015996 -0.00317618 0.999994 0.0467408 0.0867433 0.0607295
FixedParameters: 0 0 0

#Transform 110
Transform: AffineTransform_float_3_3
Parameters: 0.999998 -0.000937082 0.00159809 0.000932229 0.999995 0.00312086 -0.00160068 -0.00311961 0.999994 0.0482213 0.0825172 0.0422442
FixedParameters: 0 0 0

#Transform 111
Transform: AffineTransform_float_3_3
Parameters: 0.999998 -0.00118351 0.00166042 0.00117776 0.999994 0.00334659 -0.00166412 -0.00334436 0.999993 0.0524904 0.0972882 0.0381881
FixedParameters: 0 0 0

#Transform 112
Transform: AffineTransform_float_3_3
Parameters: 0.999999 -0.00103693 0.00115276 0.00103345 0.999994 0.00327686 -0.00115603 -0.00327541 0.999994 0.0498712 0.0870833 0.0658618
FixedParameters: 0 0 0

#Transform 113
Transform: AffineTransform_float_3_3
Parameters: 0.999997 -0.00124552 0.00160092 0.00124049 0.999993 0.00325846 -0.001605 -0.00325656 0.999994 0.0458831 0.0960969 0.0239149
FixedParameters: 0 0 0

#Transform 114
Transform: AffineTransform_float_3_3
Parameters: 0.999997 -0.00137238 0.00212345 0.00136531 0.999994 0.00326056 -0.00212734 -0.00325806 0.999992 0.0393069 0.101328 0.0368238
FixedParameters: 0 0 0

#Transform 115
Transform: AffineTransform_float_3_3
Parameters: 0.999997 -0.00137266 0.00207363 0.0013652 0.999994 0.00340591 -0.00207807 -0.00340268 0.999992 0.045401 0.0868487 0.0306565
FixedParameters: 0 0 0

#Transform 116
Transform: AffineTransform_float_3_3
Parameters: 0.999997 -0.00141694 0.00240908 0.00140962 0.999994 0.00334315 -0.00241401 -0.00334039 0.999992 0.0402391 0.107156 -0.015202
FixedParameters: 0 0 0

#Transform 117
Transform: AffineTransform_float_3_3
Parameters: 0.999996 -0.00160159 0.00230114 0.00159163 0.99999 0.00420528 -0.00230768 -0.00420186 0.999989 0.0296755 0.122701 -0.00117757
FixedParameters: 0 0 0

#Transform 118
Transform: AffineTransform_float_3_3
Parameters: 0.999996 -0.00179509 0.00252561 0.00178569 0.999993 0.00346775 -0.00253214 -0.00346326 0.99999 0.0410735 0.1297 -0.0470738
FixedParameters: 0 0 0

#Transform 119
Transform: AffineTransform_float_3_3
Parameters: 0.999994 -0.00183545 0.00298935 0.00182448 0.999992 0.00361672 -0.0029955 -0.00361137 0.999989 0.0569115 0.11668 -0.0464285
FixedParameters: 0 0 0
