#Insight Transform File V1.0
#Transform 0
Transform: AffineTransform_float_3_3
Parameters: 0.999998 7.41613e-05 -0.00202048 -7.00487e-05 0.999998 0.00229127 0.00202058 -0.00229041 0.999996 0.0916847 -0.117454 0.13646
FixedParameters: 0 0 0

#Transform 1
Transform: AffineTransform_float_3_3
Parameters: 0.999999 0.000216527 -0.00125744 -0.000213263 0.999996 0.00256501 0.00125791 -0.00256422 0.999996 0.0695358 -0.137103 0.17255
FixedParameters: 0 0 0

#Transform 2
Transform: AffineTransform_float_3_3
Parameters: 0.999999 -1.25941e-05 -0.000825868 1.5379e-05 0.999995 0.00292336 0.000825767 -0.00292307 0.999996 0.0405711 -0.131743 0.223742
FixedParameters: 0 0 0

#Transform 3
Transform: AffineTransform_float_3_3
Parameters: 1 -0.000234491 -0.00047205 0.000235259 0.999998 0.00193241 0.000471182 -0.00193175 0.999998 0.044606 -0.0618325 0.0851369
FixedParameters: 0 0 0

#Transform 4
Transform: AffineTransform_float_3_3
Parameters: 1 -0.000246389 -0.00020198 0.000246559 1 0.000419935 0.000201773 -0.000420035 1 0.0398053 -0.0397447 0.0717511
FixedParameters: 0 0 0

#Transform 5
Transform: AffineTransform_float_3_3
Parameters: 1 -9.6479e-05 -0.000335567 9.71228e-05 0.999999 0.000985256 0.000335292 -0.000984931 1 0.0448548 -0.0710729 0.0931524
FixedParameters: 0 0 0

#Transform 6
Transform: AffineTransform_float_3_3
Parameters: 1 -7.14288e-05 -0.000254879 7.16052e-05 1 0.00034612 0.00025483 -0.000346156 1 0.0374776 -0.027839 0.0744906
FixedParameters: 0 0 0

#Transform 7
Transform: AffineTransform_float_3_3
Parameters: 1 -0.000269312 4.04644e-05 0.000269285 1 0.000333941 -4.06442e-05 -0.000333919 1 0.0466389 -0.0407223 0.0090258
FixedParameters: 0 0 0

#Transform 8
Transform: AffineTransform_float_3_3
Parameters: 1 -0.000390622 -0.000155436 0.000390808 1 0.000735612 0.00015487 -0.000734814 0.999999 0.0538811 -0.0410786 -0.0146489
FixedParameters: 0 0 0

#Transform 9
Transform: AffineTransform_float_3_3
Parameters: 1 -0.000364379 -0.000355668 0.000364942 0.999999 0.000791836 0.00035509 -0.000792095 0.999999 0.0585537 -0.0275658 -0.0127891
FixedParameters: 0 0 0

#Transform 10
Transform: AffineTransform_float_3_3
Parameters: 1 -0.000480402 2.90605e-05 0.000480354 0.999999 0.00081513 -2.98436e-05 -0.000815101 0.999999 0.0497002 -0.0228645 -0.00931403
FixedParameters: 0 0 0

#Transform 11
Transform: AffineTransform_float_3_3
Parameters: 1 -0.000131889 0.000356388 0.000131539 1 0.000491053 -0.000356517 -0.000490959 1 0.0454403 -0.0276524 0.00219209
FixedParameters: 0 0 0

#Transform 12
Transform: AffineTransform_float_3_3
Parameters: 0.999999 -0.000645367 0.000421598 0.000644782 0.999999 -0.000467564 -0.000420795 0.000468068 1 0.0311591 -0.00151687 -0.0427862
FixedParameters: 0 0 0

#Transform 13
Transform: AffineTransform_float_3_3
Parameters: 0.999999 -0.000647228 0.000766851 0.000647601 0.999999 -0.000345127 -0.000767389 0.000345184 0.999999 0.0325656 -0.0046047 -0.0227526
FixedParameters: 0 0 0

#Transform 14
Transform: AffineTransform_float_3_3
Parameters: 1 -0.000801126 0.000742218 0.000801793 0.999999 -0.000409843 -0.000741486 0.000410113 0.999999 0.0155505 -0.00305671 0.0222945
FixedParameters: 0 0 0

#Transform 15
Transform: AffineTransform_float_3_3
Parameters: 1 -0.000826423 0.000636877 0.000826634 0.999999 -0.000119493 -0.000636604 0.000119627 1 0.0214778 -0.0120707 0.0502542
FixedParameters: 0 0 0

#Transform 16
Transform: AffineTransform_float_3_3
Parameters: 0.999999 -0.000858818 0.000557049 0.000858387 1 -0.000491478 -0.000556005 0.000492003 0.999999 0.0183972 0.00680399 0.00842045
FixedParameters: 0 0 0

#Transform 17
Transform: AffineTransform_float_3_3
Parameters: 1 -0.000494381 0.000272428 0.000494679 0.999999 -0.000547331 -0.000271887 0.0005476 1 0.0337226 0.0252514 -0.0214985
FixedParameters: 0 0 0

#Transform 18
Transform: AffineTransform_float_3_3
Parameters: 1 2.51027e-05 -0.000205181 -2.53847e-05 1 -0.00068743 0.000205146 0.00068744 0.999999 0.0215615 0.15973 -0.0736892
FixedParameters: 0 0 0

#Transform 19
Transform: AffineTransform_float_3_3
Parameters: 1 -0.000180723 0.000208427 0.000180071 0.999999 -0.000786369 -0.000207944 0.000786405 0.999999 0.00750036 0.0168547 -0.00399535
FixedParameters: 0 0 0

#Transform 20
Transform: AffineTransform_float_3_3
Parameters: 1 0.000304067 -0.000478352 -0.000304199 1 -0.000137799 0.000478268 0.00013809 1 0.0053234 0.00824867 -0.0222859
FixedParameters: 0 0 0

#Transform 21
Transform: AffineTransform_float_3_3
Parameters: 1 0.000266271 -0.000403204 -0.000266176 1 0.000117625 0.000403266 -0.00011741 1 0.0182974 0.00108692 -0.0189654
FixedParameters: 0 0 0

#Transform 22
Transform: AffineTransform_float_3_3
Parameters: 1 -0.000231754 0.000167763 0.000231937 1 -0.000547321 -0.000167509 0.000547398 1 -0.0151612 0.0376525 0.0175851
FixedParameters: 0 0 0

#Transform 23
Transform: AffineTransform_float_3_3
Parameters: 1 -0.000239682 0.000507048 0.000239748 1 -6.45726e-05 -0.000507017 6.48157e-05 1 -0.013349 0.033687 0.0269168
FixedParameters: 0 0 0

#Transform 24
Transform: AffineTransform_float_3_3
Parameters: 1 -0.000358664 -1.0509e-05 0.000358656 1 -0.000374415 1.07776e-05 0.000374407 1 0.000375681 0.0261101 0.0419005
FixedParameters: 0 0 0

#Transform 25
Transform: AffineTransform_float_3_3
Parameters: 1 -0.000253071 0.000415846 0.000253025 1 5.53014e-05 -0.000415874 -5.50909e-05 1 -0.0123942 0.0356289 0.063486
FixedParameters: 0 0 0

#Transform 26
Transform: AffineTransform_float_3_3
Parameters: 0.999999 -0.000348786 0.000632426 0.000349072 1 -0.000225978 -0.000632268 0.000226419 1 -0.024363 0.0425905 0.0601009
FixedParameters: 0 0 0

#Transform 27
Transform: AffineTransform_float_3_3
Parameters: 1 -0.00028286 0.000412973 0.000283371 1 -0.00061907 -0.000412623 0.000619303 0.999999 -0.0113693 0.043898 0.0422855
FixedParameters: 0 0 0

#Transform 28
Transform: AffineTransform_float_3_3
Parameters: 0.999999 -0.000198942 0.000821438 0.000199005 0.999999 -0.000609034 -0.000821005 0.000608402 0.999999 -0.0219114 0.0396476 0.026882
FixedParameters: 0 0 0

#Transform 29
Transform: AffineTransform_float_3_3
Parameters: 1 -0.000250855 0.000680133 0.000251217 1 -0.00114359 -0.00068042 0.00114387 0.999999 -0.0109101 0.0723976 -0.0184577
FixedParameters: 0 0 0

#Transform 30
Transform: AffineTransform_float_3_3
Parameters: 0.999999 -0.000236493 0.000674034 0.000236567 0.999999 -0.00078092 -0.000673466 0.000781199 0.999999 -0.0127071 0.0589476 0.0151874
FixedParameters: 0 0 0

#Transform 31
Transform: AffineTransform_float_3_3
Parameters: 0.999999 0.000763921 0.000626322 -0.000764742 0.999998 0.00200166 -0.000624796 -0.00200164 0.999997 -0.0168064 0.204611 -0.0190481
FixedParameters: 0 0 0

#Transform 32
Transform: AffineTransform_float_3_3
Parameters: 0.999998 0.00110735 0.00134752 -0.00111866 0.999964 0.0084074 -0.0013383 -0.00840866 0.999964 -0.00887244 0.0215705 0.241363
FixedParameters: 0 0 0

#Transform 33
Transform: AffineTransform_float_3_3
Parameters: 1 0.00104253 0.000549221 -0.00104455 0.999992 0.00383689 -0.000545318 -0.00383705 0.999993 -0.0292004 0.0229277 0.139499
FixedParameters: 0 0 0

#Transform 34
Transform: AffineTransform_float_3_3
Parameters: 0.999999 0.000936046 0.000447783 -0.000937821 0.999994 0.00339726 -0.000445246 -0.00339808 0.999994 -0.0198493 0.00403948 0.140139
FixedParameters: 0 0 0

#Transform 35
Transform: AffineTransform_float_3_3
Parameters: 0.999999 0.00072181 0.000490604 -0.000723646 0.999995 0.00332057 -0.00048865 -0.00332032 0.999994 -0.0103186 0.0102889 0.147678
FixedParameters: 0 0 0

#Transform 36
Transform: AffineTransform_float_3_3
Parameters: 0.999999 0.000656553 0.000503763 -0.000657724 0.999993 0.00356893 -0.000502208 -0.00356912 0.999994 -0.0101445 0.01438 0.148988
FixedParameters: 0 0 0

#Transform 37
Transform: AffineTransform_float_3_3
Parameters: 0.999999 0.000735364 0.000624403 -0.000737485 0.999996 0.00301175 -0.000621752 -0.00301169 0.999995 -0.0137896 0.033854 0.140422
FixedParameters: 0 0 0

#Transform 38
Transform: AffineTransform_float_3_3
Parameters: 0.999999 0.000709931 0.00049285 -0.000711441 0.999995 0.00303288 -0.000491309 -0.00303353 0.999995 -0.00945688 0.0380308 0.121439
FixedParameters: 0 0 0

#Transform 39
Transform: AffineTransform_float_3_3
Parameters: 0.999999 0.000692794 0.000496082 -0.000694675 0.999997 0.00261923 -0.000493958 -0.0026199 0.999997 -0.00082148 0.114676 0.0821879
FixedParameters: 0 0 0

#Transform 40
Transform: AffineTransform_float_3_3
Parameters: 1 0.000223333 0.000590396 -0.000225454 0.999995 0.00336962 -0.000589784 -0.00336981 0.999994 -0.00780128 -0.000342116 0.141195
FixedParameters: 0 0 0

#Transform 41
Transform: AffineTransform_float_3_3
Parameters: 1 0.00035053 0.000564922 -0.000352588 0.999994 0.00328912 -0.000564486 -0.00328907 0.999995 -0.0111749 0.00684862 0.206127
FixedParameters: 0 0 0

#Transform 42
Transform: AffineTransform_float_3_3
Parameters: 0.999999 0.000619219 0.000510914 -0.00062034 0.999996 0.00271555 -0.00050925 -0.0027152 0.999996 0.00772464 0.0597032 0.152573
FixedParameters: 0 0 0

#Transform 43
Transform: AffineTransform_float_3_3
Parameters: 1 0.00038299 0.000558383 -0.000384645 0.999995 0.00298242 -0.000557887 -0.0029824 0.999996 -0.00594916 0.0240754 0.173227
FixedParameters: 0 0 0

#Transform 44
Transform: AffineTransform_float_3_3
Parameters: 0.999999 0.000483126 0.000608762 -0.000485375 0.999994 0.00322458 -0.000607432 -0.00322511 0.999994 -0.0100715 0.0410171 0.141379
FixedParameters: 0 0 0

#Transform 45
Transform: AffineTransform_float_3_3
Parameters: 1 0.00031738 0.00106625 -0.000320971 0.999995 0.0031253 -0.00106421 -0.00312585 0.999994 -0.0274322 0.02102 0.145019
FixedParameters: 0 0 0

#Transform 46
Transform: AffineTransform_float_3_3
Parameters: 0.999999 0.000354632 0.000799697 -0.000358145 0.999995 0.00335971 -0.000798203 -0.00336021 0.999994 -0.0231028 0.0343053 0.170455
FixedParameters: 0 0 0

#Transform 47
Transform: AffineTransform_float_3_3
Parameters: 0.999999 0.00033685 0.000769595 -0.000339722 0.999995 0.00308499 -0.000768324 -0.00308543 0.999995 -0.02231 0.0442648 0.202409
FixedParameters: 0 0 0

#Transform 48
Transform: AffineTransform_float_3_3
Parameters: 0.999999 0.00034076 0.000745349 -0.000343804 0.999994 0.00329 -0.000743998 -0.00329004 0.999995 -0.0203235 0.0457585 0.21438
FixedParameters: 0 0 0

#Transform 49
Transform: AffineTransform_float_3_3
Parameters: 0.999999 0.000393236 0.000725775 -0.000397367 0.99999 0.0046066 -0.000724628 -0.00460708 0.999989 -0.0244224 -0.0123461 0.277852
FixedParameters: 0 0 0

#Transform 50
Transform: AffineTransform_float_3_3
Parameters: 0.999995 -0.00148957 0.00285028 0.00146996 0.999974 0.00709297 -0.00286015 -0.00708867 0.999971 -0.0904947 -0.0818875 0.49136
FixedParameters: 0 0 0

#Transform 51
Transform: AffineTransform_float_3_3
Parameters: 0.999997 -0.000720485 0.00194964 0.000707248 0.999977 0.00678353 -0.00195479 -0.00678197 0.999975 -0.0339553 -0.0357252 0.442916
FixedParameters: 0 0 0

#Transform 52
Transform: AffineTransform_float_3_3
Parameters: 0.999997 -0.000414753 0.002269 0.000400321 0.999979 0.00649209 -0.00227096 -0.00649063 0.999976 -0.0358248 -0.0637868 0.393521
FixedParameters: 0 0 0

#Transform 53
Transform: AffineTransform_float_3_3
Parameters: 0.999998 -0.00011802 0.00204895 0.000106231 0.999983 0.00593538 -0.00204923 -0.00593582 0.99998 -0.0451435 -0.0449027 0.337876
FixedParameters: 0 0 0

#Transform 54
Transform: AffineTransform_float_3_3
Parameters: 0.999997 -0.000139671 0.00211911 0.000129561 0.999987 0.00508036 -0.00211987 -0.00508036 0.999985 -0.0459667 -0.0355402 0.357565
FixedParameters: 0 0 0

#Transform 55
Transform: AffineTransform_float_3_3
Parameters: 0.999997 -3.02543e-05 0.00250358 1.60478e-05 0.999982 0.00588675 -0.00250438 -0.00588666 0.999979 -0.0646199 -0.0137042 0.35721
FixedParameters: 0 0 0

#Transform 56
Transform: AffineTransform_float_3_3
Parameters: 0.999997 0.000154645 0.0023743 -0.000168691 0.999983 0.00591823 -0.00237368 -0.00591855 0.999979 -0.0551878 -0.0297537 0.378229
FixedParameters: 0 0 0

#Transform 57
Transform: AffineTransform_float_3_3
Parameters: 0.999997 -0.000240116 0.00248421 0.000223982 0.999978 0.00658234 -0.00248637 -0.00658153 0.999975 -0.0448679 -0.0186299 0.430661
FixedParameters: 0 0 0

#Transform 58
Transform: AffineTransform_float_3_3
Parameters: 0.999995 -0.00109832 0.0030261 0.00107348 0.999967 0.00816204 -0.00303417 -0.00815853 0.999962 -0.0490416 -0.0462601 0.407625
FixedParameters: 0 0 0

#Transform 59
Transform: AffineTransform_float_3_3
Parameters: 0.999996 -0.000523951 0.00295599 0.000509133 0.999987 0.00504903 -0.00295811 -0.0050469 0.999982 -0.0507609 0.0135348 0.333997
FixedParameters: 0 0 0

#Transform 60
Transform: AffineTransform_float_3_3
Parameters: 0.999995 -0.000447474 0.00331991 0.000430106 0.999987 0.00515322 -0.00332281 -0.00515262 0.999981 -0.0616364 -0.00569185 0.35954
FixedParameters: 0 0 0

#Transform 61
Transform: AffineTransform_float_3_3
Parameters: 0.999994 -3.93693e-05 0.00336788 2.35991e-05 0.999989 0.00466284 -0.00336714 -0.00466276 0.999983 -0.0651385 0.0169541 0.311021
FixedParameters: 0 0 0

#Transform 62
Transform: AffineTransform_float_3_3
Parameters: 0.999995 -8.24834e-05 0.0029549 6.72665e-05 0.999987 0.00517028 -0.00295586 -0.00516986 0.999982 -0.0656026 0.0102363 0.339686
FixedParameters: 0 0 0

#Transform 63
Transform: AffineTransform_float_3_3
Parameters: 0.999996 -0.000167974 0.00282703 0.000152912 0.999986 0.0052461 -0.00282773 -0.00524616 0.999982 -0.0706886 0.0110959 0.338379
FixedParameters: 0 0 0

#Transform 64
Transform: AffineTransform_float_3_3
Parameters: 0.999997 -0.000439153 0.00256786 0.000427573 0.999991 0.00434385 -0.00256942 -0.00434221 0.999987 -0.0631717 0.0386111 0.326298
FixedParameters: 0 0 0

#Transform 65
Transform: AffineTransform_float_3_3
Parameters: 0.999999 -8.01717e-05 0.00181214 7.25515e-05 0.999991 0.00439723 -0.00181224 -0.00439712 0.999989 -0.0441989 0.0467884 0.340259
FixedParameters: 0 0 0

#Transform 66
Transform: AffineTransform_float_3_3
Parameters: 0.999997 -7.12098e-05 0.00237916 5.97414e-05 0.999989 0.00457426 -0.00237968 -0.00457417 0.999987 -0.0215854 0.0301423 0.351759
FixedParameters: 0 0 0

#Transform 67
Transform: AffineTransform_float_3_3
Parameters: 0.999998 -5.35437e-05 0.00206445 4.27617e-05 0.999988 0.00485984 -0.00206481 -0.0048603 0.999986 -0.0383171 0.0298023 0.332269
FixedParameters: 0 0 0

#Transform 68
Transform: AffineTransform_float_3_3
Parameters: 0.999998 3.1085e-05 0.00186328 -3.99912e-05 0.99999 0.00461797 -0.00186247 -0.00461827 0.999987 -0.0468468 0.0126471 0.332562
FixedParameters: 0 0 0

#Transform 69
Transform: AffineTransform_float_3_3
Parameters: 0.999998 0.000150393 0.00191531 -0.000158273 0.999993 0.0038775 -0.00191513 -0.00387833 0.99999 -0.0348485 0.114087 0.305803
FixedParameters: 0 0 0

#Transform 70
Transform: AffineTransform_float_3_3
Parameters: 0.999998 -0.000245855 0.00199367 0.000236387 0.999988 0.00474656 -0.00199478 -0.00474533 0.999987 -0.0309306 0.0241012 0.336756
FixedParameters: 0 0 0

#Transform 71
Transform: AffineTransform_float_3_3
Parameters: 0.999997 -0.000205992 0.00213331 0.000195919 0.999987 0.00503737 -0.00213473 -0.00503708 0.999985 -0.0334226 0.0179949 0.345717
FixedParameters: 0 0 0

#Transform 72
Transform: AffineTransform_float_3_3
Parameters: 0.999997 -4.75443e-05 0.00217653 3.71532e-05 0.999989 0.00473941 -0.00217693 -0.00473893 0.999986 -0.0388627 0.0290536 0.345846
FixedParameters: 0 0 0

#Transform 73
Transform: AffineTransform_float_3_3
Parameters: 0.999997 -0.000149364 0.0024894 0.000138416 0.999989 0.00469685 -0.00249018 -0.00469627 0.999986 -0.0484617 0.0348574 0.308417
FixedParameters: 0 0 0

#Transform 74
Transform: AffineTransform_float_3_3
Parameters: 0.999998 -0.000392625 0.00223051 0.000382889 0.999992 0.00410735 -0.00223199 -0.00410669 0.999989 -0.0374195 0.0451635 0.30946
FixedParameters: 0 0 0

#Transform 75
Transform: AffineTransform_float_3_3
Parameters: 0.999997 -0.000263597 0.00257391 0.000252957 0.999992 0.0041159 -0.00257472 -0.00411517 0.999988 -0.0388379 0.0331685 0.31828
FixedParameters: 0 0 0

#Transform 76
Transform: AffineTransform_float_3_3
Parameters: 0.999997 -0.000578775 0.00251518 0.00056821 0.999991 0.00428059 -0.00251692 -0.0042792 0.999988 -0.041162 0.0372713 0.313314
FixedParameters: 0 0 0

#Transform 77
Transform: AffineTransform_float_3_3
Parameters: 0.999996 -0.000539347 0.00270612 0.000526762 0.999991 0.00431455 -0.00270852 -0.00431317 0.999987 -0.0443108 0.0650418 0.30869
FixedParameters: 0 0 0

#Transform 78
Transform: AffineTransform_float_3_3
Parameters: 0.999996 -0.000546449 0.00274263 0.000535334 0.999991 0.00396314 -0.00274562 -0.00396222 0.999988 -0.0354127 0.0350355 0.339514
FixedParameters: 0 0 0

#Transform 79
Transform: AffineTransform_float_3_3
Parameters: 0.999993 -0.000368057 0.00349438 0.000351294 0.999989 0.00466988 -0.00349575 -0.0046684 0.999983 -0.0528652 0.0144379 0.364538
FixedParameters: 0 0 0

#Transform 80
Transform: AffineTransform_float_3_3
Parameters: 0.999993 -0.000760035 0.00357232 0.000743845 0.999989 0.00468831 -0.00357554 -0.00468521 0.999982 -0.0493325 0.0421548 0.371869
FixedParameters: 0 0 0

#Transform 81
Transform: AffineTransform_float_3_3
Parameters: 0.999994 -0.00124141 0.0033081 0.00122606 0.999988 0.00470729 -0.00331346 -0.00470314 0.999983 -0.0204099 0.056645 0.290348
FixedParameters: 0 0 0

#Transform 82
Transform: AffineTransform_float_3_3
Parameters: 0.99999 -0.00208918 0.00399361 0.0020739 0.999991 0.0037071 -0.00400093 -0.00369822 0.999986 -0.0190986 0.063371 0.159869
FixedParameters: 0 0 0

#Transform 83
Transform: AffineTransform_float_3_3
Parameters: 0.999986 -0.00205253 0.00490936 0.00203804 0.999993 0.00301824 -0.00491553 -0.0030084 0.999984 -0.024624 0.0834575 0.316479
FixedParameters: 0 0 0

#Transform 84
Transform: AffineTransform_float_3_3
Parameters: 0.999987 -0.00227346 0.00461278 0.00225364 0.999988 0.00430814 -0.00462234 -0.00429711 0.99998 -0.0637026 0.115989 0.345164
FixedParameters: 0 0 0

#Transform 85
Transform: AffineTransform_float_3_3
Parameters: 0.999987 -0.00121768 0.00490056 0.00121526 0.999999 0.0005182 -0.00490107 -0.000512246 0.999987 -0.0465951 0.294525 -0.586559
FixedParameters: 0 0 0

#Transform 86
Transform: AffineTransform_float_3_3
Parameters: 0.999985 -0.00139487 0.005348 0.00139988 0.999998 -0.000817795 -0.00534679 0.000825427 0.999986 -0.0527731 0.210133 -0.64029
FixedParameters: 0 0 0

#Transform 87
Transform: AffineTransform_float_3_3
Parameters: 0.99999 -0.00162682 0.00432165 0.0016323 0.999998 -0.00121775 -0.00431951 0.00122527 0.99999 -0.0319707 0.170183 -0.494026
FixedParameters: 0 0 0

#Transform 88
Transform: AffineTransform_float_3_3
Parameters: 0.999987 -0.00172482 0.00477214 0.00173163 0.999998 -0.00145957 -0.00476951 0.00146795 0.999988 -0.0309205 0.209358 -0.549677
FixedParameters: 0 0 0

#Transform 89
Transform: AffineTransform_float_3_3
Parameters: 0.999986 -0.00192901 0.0048139 0.00193555 0.999997 -0.00141353 -0.00481086 0.0014231 0.999988 -0.0303701 0.199345 -0.540823
FixedParameters: 0 0 0

#Transform 90
Transform: AffineTransform_float_3_3
Parameters: 0.999985 -0.00201288 0.00508729 0.00201999 0.999997 -0.00138646 -0.00508405 0.00139741 0.999986 -0.0218841 0.201325 -0.554977
FixedParameters: 0 0 0

#Transform 91
Transform: AffineTransform_float_3_3
Parameters: 0.999985 -0.00200825 0.00524054 0.0020159 0.999996 -0.00139301 -0.00523721 0.00140362 0.999985 -0.0153518 0.19914 -0.591181
FixedParameters: 0 0 0

#Transform 92
Transform: AffineTransform_float_3_3
Parameters: 0.999983 -0.00200794 0.00552151 0.00201644 0.999997 -0.00150194 -0.0055186 0.00151309 0.999984 -0.0217566 0.219969 -0.619694
FixedParameters: 0 0 0

#Transform 93
Transform: AffineTransform_float_3_3
Parameters: 0.999985 -0.00200169 0.0050027 0.00200968 0.999997 -0.00151937 -0.00499994 0.00152908 0.999986 -0.00737339 0.191452 -0.646232
FixedParameters: 0 0 0

#Transform 94
Transform: AffineTransform_float_3_3
Parameters: 0.99998 -0.00197828 0.00597345 0.00199221 0.999995 -0.00238095 -0.00596905 0.00239225 0.999979 -0.0313478 0.264927 -0.69466
FixedParameters: 0 0 0

#Transform 95
Transform: AffineTransform_float_3_3
Parameters: 0.999979 -0.00187388 0.00621082 0.00187543 0.999998 -0.000241267 -0.00621119 0.000252196 0.99998 -0.0264933 0.184036 -0.586556
FixedParameters: 0 0 0

#Transform 96
Transform: AffineTransform_float_3_3
Parameters: 0.999958 -0.00383952 0.00825862 0.00381835 0.999989 0.00263536 -0.00826892 -0.00260415 0.999963 -0.0721696 0.109598 -0.504465
FixedParameters: 0 0 0

#Transform 97
Transform: AffineTransform_float_3_3
Parameters: 0.999963 -0.00376706 0.00782486 0.00377072 0.999993 -0.000395989 -0.00782303 0.000425576 0.999969 -0.0425793 0.210076 -0.58127
FixedParameters: 0 0 0

#Transform 98
Transform: AffineTransform_float_3_3
Parameters: 0.999965 -0.00350493 0.00755319 0.00351494 0.999993 -0.00128704 -0.00754835 0.0013135 0.999971 -0.0392045 0.247796 -0.638803
FixedParameters: 0 0 0

#Transform 99
Transform: AffineTransform_float_3_3
Parameters: 0.999967 -0.00271305 0.00757143 0.00271523 0.999996 -0.0003295 -0.00757032 0.000349613 0.999972 -0.0398655 0.209843 -0.688269
FixedParameters: 0 0 0

#Transform 100
Transform: AffineTransform_float_3_3
Parameters: 0.999966 -0.00231408 0.00787082 0.00232196 0.999997 -0.000898738 -0.00786885 0.000917489 0.999969 -0.0547161 0.222456 -0.73977
FixedParameters: 0 0 0

#Transform 101
Transform: AffineTransform_float_3_3
Parameters: 0.999964 -0.00265745 0.0080611 0.00266903 0.999995 -0.00149802 -0.00805698 0.00152017 0.999967 -0.0577218 0.229306 -0.76859
FixedParameters: 0 0 0

#Transform 102
Transform: AffineTransform_float_3_3
Parameters: 0.999966 -0.00270853 0.00777104 0.00271724 0.999995 -0.0011548 -0.00776719 0.00117554 0.999969 -0.051883 0.224538 -0.745758
FixedParameters: 0 0 0

#Transform 103
Transform: AffineTransform_float_3_3
Parameters: 0.999966 -0.0027935 0.00779139 0.00280832 0.999994 -0.00183413 -0.00778575 0.00185575 0.999968 -0.0477962 0.244785 -0.817671
FixedParameters: 0 0 0

#Transform 104
Transform: AffineTransform_float_3_3
Parameters: 0.999966 -0.00246423 0.00792036 0.00248761 0.999993 -0.0030377 -0.00791325 0.00305743 0.999964 -0.0456449 0.279463 -0.885118
FixedParameters: 0 0 0

#Transform 105
Transform: AffineTransform_float_3_3
Parameters: 0.999968 -0.00235735 0.00770496 0.00237762 0.999994 -0.00269632 -0.00769769 0.00271493 0.999967 -0.0463467 0.258592 -0.881037
FixedParameters: 0 0 0

#Transform 106
Transform: AffineTransform_float_3_3
Parameters: 0.999965 -0.00265542 0.00789484 0.00268137 0.99999 -0.00334389 -0.0078855 0.00336512 0.999963 -0.0439876 0.277983 -0.902117
FixedParameters: 0 0 0

#Transform 107
Transform: AffineTransform_float_3_3
Parameters: 0.999963 -0.00272459 0.00812291 0.00275382 0.99999 -0.00365288 -0.00811286 0.00367488 0.999961 -0.0461218 0.297688 -0.877677
FixedParameters: 0 0 0

#Transform 108
Transform: AffineTransform_float_3_3
Parameters: 0.999966 -0.00273506 0.0077887 0.00276681 0.999988 -0.00405594 -0.00777727 0.00407728 0.999961 -0.0479624 0.305009 -0.936498
FixedParameters: 0 0 0

#Transform 109
Transform: AffineTransform_float_3_3
Parameters: 0.999965 -0.00255373 0.00797646 0.00257943 0.999992 -0.00323273 -0.00796857 0.0032532 0.999963 -0.0540537 0.280809 -0.94592
FixedParameters: 0 0 0

#Transform 110
Transform: AffineTransform_float_3_3
Parameters: 0.999968 -0.00254085 0.0075976 0.00256473 0.999992 -0.00313895 -0.00758969 0.00315842 0.999967 -0.0472723 0.274639 -0.923224
FixedParameters: 0 0 0

#Transform 111
Transform: AffineTransform_float_3_3
Parameters: 0.999969 -0.00270384 0.00742515 0.00272535 0.999992 -0.00290421 -0.00741675 0.00292412 0.999968 -0.0579493 0.27961 -0.929813
FixedParameters: 0 0 0

#Transform 112
Transform: AffineTransform_float_3_3
Parameters: 0.99997 -0.00276169 0.00725478 0.00278222 0.999993 -0.00277034 -0.00724719 0.00278985 0.99997 -0.0528623 0.266967 -0.910226
FixedParameters: 0 0 0

#Transform 113
Transform: AffineTransform_float_3_3
Parameters: 0.999971 -0.00290114 0.00711259 0.00292247 0.999991 -0.00289845 -0.00710444 0.00291968 0.99997 -0.0446456 0.28909 -0.924402
FixedParameters: 0 0 0

#Transform 114
Transform: AffineTransform_float_3_3
Parameters: 0.999969 -0.00278225 0.00733765 0.00280615 0.999991 -0.00326467 -0.00732849 0.00328516 0.999968 -0.0610102 0.295211 -0.884556
FixedParameters: 0 0 0

#Transform 115
Transform: AffineTransform_float_3_3
Parameters: 0.999967 -0.00281978 0.00763089 0.00284143 0.999991 -0.00290571 -0.0076226 0.0029274 0.999967 -0.0650414 0.302426 -0.914799
FixedParameters: 0 0 0

#Transform 116
Transform: AffineTransform_float_3_3
Parameters: 0.999969 -0.00254312 0.00742044 0.00257045 0.99999 -0.00367672 -0.00741127 0.00369533 0.999966 -0.0540864 0.300488 -0.936216
FixedParameters: 0 0 0

#Transform 117
Transform: AffineTransform_float_3_3
Parameters: 0.999972 -0.00220094 0.00716015 0.0022314 0.999989 -0.00418478 -0.00715115 0.00420117 0.999965 -0.0596336 0.327369 -0.977869
FixedParameters: 0 0 0

#Transform 118
Transform: AffineTransform_float_3_3
Parameters: 0.99997 -0.00228951 0.00727576 0.00231564 0.999991 -0.00366369 -0.00726771 0.00368011 0.999967 -0.0668011 0.334312 -0.968105
FixedParameters: 0 0 0

#Transform 119
Transform: AffineTransform_float_3_3
Parameters: 0.99997 -0.00219853 0.00743229 0.00222804 0.99999 -0.00388022 -0.00742382 0.00389677 0.999965 -0.0644108 0.323226 -0.946018
FixedParameters: 0 0 0
