#Insight Transform File V1.0
#Transform 0
Transform: AffineTransform_float_3_3
Parameters: 0.999999 0.000450002 -0.00137366 -0.000451525 1 -0.00101062 0.00137341 0.00101103 0.999998 -0.00333914 -0.0196819 -0.0426337
FixedParameters: 0 0 0

#Transform 1
Transform: AffineTransform_float_3_3
Parameters: 0.999999 0.000434514 -0.00143254 -0.000435923 1 -0.000829624 0.00143153 0.000830042 0.999999 -0.00471782 -0.0161034 -0.0562607
FixedParameters: 0 0 0

#Transform 2
Transform: AffineTransform_float_3_3
Parameters: 0.999999 0.000320657 -0.00181798 -0.000322279 1 -0.000715313 0.00181723 0.000715365 0.999999 -0.00390237 -0.00983985 -0.0668248
FixedParameters: 0 0 0

#Transform 3
Transform: AffineTransform_float_3_3
Parameters: 0.999999 0.000314861 -0.00181668 -0.000317088 0.999999 -0.00122137 0.0018163 0.00122225 0.999997 -0.00805397 0.0117155 -0.0802381
FixedParameters: 0 0 0

#Transform 4
Transform: AffineTransform_float_3_3
Parameters: 0.999998 0.000404111 -0.00153715 -0.000405182 1 -0.000755627 0.00153721 0.000756048 0.999998 -0.00667701 -0.0346027 -0.083629
FixedParameters: 0 0 0

#Transform 5
Transform: AffineTransform_float_3_3
Parameters: 0.999999 0.000165907 -0.0012852 -0.000167009 1 -0.000432738 0.00128505 0.000432876 0.999999 -0.0116389 -0.0285066 -0.0467532
FixedParameters: 0 0 0

#Transform 6
Transform: AffineTransform_float_3_3
Parameters: 0.999998 -7.60085e-05 -0.00169939 7.4834e-05 0.999999 -0.000628673 0.00169917 0.000628684 0.999999 -0.0228207 0.00711702 -0.0526791
FixedParameters: 0 0 0

#Transform 7
Transform: AffineTransform_float_3_3
Parameters: 1 -6.97804e-06 -0.00119491 6.26974e-06 1 -0.000296111 0.00119492 0.000296643 0.999999 -0.0225042 0.0022624 -0.0406877
FixedParameters: 0 0 0

#Transform 8
Transform: AffineTransform_float_3_3
Parameters: 0.999998 -0.000122446 -0.00168538 0.000121338 1 -0.000328608 0.00168547 0.000328744 0.999998 -0.0193804 -0.00575818 -0.0514777
FixedParameters: 0 0 0

#Transform 9
Transform: AffineTransform_float_3_3
Parameters: 0.999999 5.1019e-05 -0.000879393 -5.10121e-05 1 -0.000540989 0.000879052 0.000541088 0.999999 -0.0267967 0.00333346 -0.0264653
FixedParameters: 0 0 0

#Transform 10
Transform: AffineTransform_float_3_3
Parameters: 0.999999 -0.000261879 -0.00137032 0.000261527 1 -0.000128503 0.00137038 0.000128334 0.999999 -0.0162584 0.0147015 0.0136061
FixedParameters: 0 0 0

#Transform 11
Transform: AffineTransform_float_3_3
Parameters: 1 -0.000275561 -0.0011346 0.00027532 1 -0.000528665 0.0011346 0.000528596 0.999999 -0.0409141 0.00867611 0.0177379
FixedParameters: 0 0 0

#Transform 12
Transform: AffineTransform_float_3_3
Parameters: 0.999999 -0.000544728 -0.00115865 0.000544526 1 -8.7446e-05 0.00115874 8.67315e-05 1 -0.0245044 0.0212801 -0.0302006
FixedParameters: 0 0 0

#Transform 13
Transform: AffineTransform_float_3_3
Parameters: 0.999999 -0.000209422 -0.00123668 0.000209997 1 0.000232497 0.00123658 -0.000232468 0.999999 -0.0238693 0.0186936 -0.0231408
FixedParameters: 0 0 0

#Transform 14
Transform: AffineTransform_float_3_3
Parameters: 1 -0.000381878 -0.00112999 0.000381451 1 -0.000188736 0.00113013 0.000188421 1 -0.0101232 0.0336343 -0.0234133
FixedParameters: 0 0 0

#Transform 15
Transform: AffineTransform_float_3_3
Parameters: 0.999999 -0.000466716 -0.000895981 0.00046651 1 -0.000115505 0.000896088 0.000114669 0.999999 -0.00724425 0.0208341 -0.022967
FixedParameters: 0 0 0

#Transform 16
Transform: AffineTransform_float_3_3
Parameters: 0.999999 -0.000420074 -0.000732455 0.000420588 1 -0.000303377 0.000732424 0.000302769 0.999999 0.000777178 0.0153512 -0.0652019
FixedParameters: 0 0 0

#Transform 17
Transform: AffineTransform_float_3_3
Parameters: 0.999999 -0.000731888 -0.000460755 0.000732261 0.999999 -0.000628373 0.00046137 0.000628254 1 -0.000926654 0.0142585 -0.0655313
FixedParameters: 0 0 0

#Transform 18
Transform: AffineTransform_float_3_3
Parameters: 0.999999 -0.000789164 -0.000413461 0.000788481 0.999999 -0.000479952 0.000413259 0.000479294 1 -0.00144804 0.0154803 -0.0464659
FixedParameters: 0 0 0

#Transform 19
Transform: AffineTransform_float_3_3
Parameters: 0.999999 -0.000408409 -0.000697344 0.000407847 1 -0.00019837 0.000696548 0.000197796 0.999999 0.000350122 0.0430744 -0.0547732
FixedParameters: 0 0 0

#Transform 20
Transform: AffineTransform_float_3_3
Parameters: 1 -0.000217083 -5.31398e-05 0.000217053 1 -0.000280091 5.32614e-05 0.000280067 1 -0.0030714 -0.0016227 -0.00477843
FixedParameters: 0 0 0

#Transform 21
Transform: AffineTransform_float_3_3
Parameters: 1 3.33365e-05 0.000136149 -3.33929e-05 1 0.000207075 -0.000136135 -0.000207084 1 -0.0071398 0.0696415 -0.0166445
FixedParameters: 0 0 0

#Transform 22
Transform: AffineTransform_float_3_3
Parameters: 1 -2.0644e-05 0.000128246 2.06549e-05 1 -4.24332e-05 -0.000128244 4.24385e-05 1 -0.00326401 0.0111125 -0.0647498
FixedParameters: 0 0 0

#Transform 23
Transform: AffineTransform_float_3_3
Parameters: 1 -5.61837e-05 0.000469586 5.59875e-05 1 0.000208923 -0.000469609 -0.00020887 1 -0.00918613 0.00280504 -0.050178
FixedParameters: 0 0 0

#Transform 24
Transform: AffineTransform_float_3_3
Parameters: 1 -0.000190607 2.23715e-05 0.000190603 1 9.49063e-05 -2.24077e-05 -9.48978e-05 1 -0.00314256 0.0507856 -0.0522218
FixedParameters: 0 0 0

#Transform 25
Transform: AffineTransform_float_3_3
Parameters: 1 -1.78911e-05 0.000608494 1.8028e-05 1 -0.000104995 -0.000608494 0.00010418 1 -0.00612453 0.0483903 -0.0334479
FixedParameters: 0 0 0

#Transform 26
Transform: AffineTransform_float_3_3
Parameters: 1 -0.000192126 0.000672871 0.000191889 1 0.000175914 -0.000672938 -0.000175655 1 -0.00672206 0.0411169 -0.0216348
FixedParameters: 0 0 0

#Transform 27
Transform: AffineTransform_float_3_3
Parameters: 1 -0.000357882 0.000278854 0.00035786 1 3.9343e-05 -0.000278882 -3.91434e-05 1 -0.0185977 0.0551613 -0.0491756
FixedParameters: 0 0 0

#Transform 28
Transform: AffineTransform_float_3_3
Parameters: 0.999999 -0.000277808 0.000687083 0.000278037 1 -0.000160093 -0.000686997 0.000159638 1 -0.00712818 0.0355049 0.00423635
FixedParameters: 0 0 0

#Transform 29
Transform: AffineTransform_float_3_3
Parameters: 1 -0.000329541 0.000338135 0.000329361 1 0.000266263 -0.00033831 -0.00026604 1 -0.00502755 0.0536185 -0.037629
FixedParameters: 0 0 0

#Transform 30
Transform: AffineTransform_float_3_3
Parameters: 1 -0.000290154 0.000430199 0.000290672 0.999999 -0.000922815 -0.000430625 0.000922223 0.999999 -0.00528807 0.0528775 -0.0584158
FixedParameters: 0 0 0

#Transform 31
Transform: AffineTransform_float_3_3
Parameters: 0.999999 2.13752e-05 0.000764939 -2.00559e-05 0.999999 -0.000865791 -0.000764994 0.000866307 1 -0.00685089 0.0618482 -0.0418602
FixedParameters: 0 0 0

#Transform 32
Transform: AffineTransform_float_3_3
Parameters: 1 -0.000280216 0.00042721 0.000280685 0.999999 -0.000883004 -0.000427673 0.000883238 0.999999 -0.00567969 0.029446 -0.00499916
FixedParameters: 0 0 0

#Transform 33
Transform: AffineTransform_float_3_3
Parameters: 0.999999 -0.000791929 0.000464672 0.000792738 0.999999 -0.00118474 -0.000463771 0.00118547 0.999999 -0.0185652 0.0643441 -0.0393673
FixedParameters: 0 0 0

#Transform 34
Transform: AffineTransform_float_3_3
Parameters: 0.999999 -0.00105832 0.00083318 0.00105853 0.999999 -0.000858794 -0.000832018 0.000859159 0.999999 -0.0195469 0.0673105 -0.0705722
FixedParameters: 0 0 0

#Transform 35
Transform: AffineTransform_float_3_3
Parameters: 0.999999 -0.001068 0.000805997 0.0010681 0.999999 -0.00101262 -0.000805463 0.00101432 0.999999 -0.0171433 0.0574865 -0.0708373
FixedParameters: 0 0 0

#Transform 36
Transform: AffineTransform_float_3_3
Parameters: 1 -0.000853967 0.000711788 0.000855275 0.999999 -0.00111311 -0.000710846 0.00111348 1 -0.00982341 0.0729418 -0.0903573
FixedParameters: 0 0 0

#Transform 37
Transform: AffineTransform_float_3_3
Parameters: 0.999999 -0.00109061 0.000734641 0.00109104 0.999999 -0.00113767 -0.000732829 0.00113926 0.999999 -0.0217911 0.0696908 -0.0889836
FixedParameters: 0 0 0

#Transform 38
Transform: AffineTransform_float_3_3
Parameters: 1 -0.000978438 0.000550723 0.000979393 0.999999 -0.00111845 -0.000549494 0.00111868 1 -0.0234566 0.0503073 -0.0819442
FixedParameters: 0 0 0

#Transform 39
Transform: AffineTransform_float_3_3
Parameters: 0.999999 -0.000836691 0.000426057 0.000837563 0.999998 -0.00136744 -0.000424744 0.00136815 0.999999 -0.00981617 0.103334 -0.119444
FixedParameters: 0 0 0

#Transform 40
Transform: AffineTransform_float_3_3
Parameters: 1 -0.000478883 0.000318643 0.000479517 1 -0.00100638 -0.000317698 0.00100668 1 0.0114339 0.150498 -0.110884
FixedParameters: 0 0 0

#Transform 41
Transform: AffineTransform_float_3_3
Parameters: 1 -5.12396e-05 0.000100999 5.14044e-05 0.999998 -0.00230633 -0.000101778 0.00230634 0.999998 0.0592455 0.201039 -0.159831
FixedParameters: 0 0 0

#Transform 42
Transform: AffineTransform_float_3_3
Parameters: 0.999999 -0.000399571 -0.000600184 0.000397933 0.999994 -0.00349029 0.000601037 0.00348983 0.999993 0.0509409 0.151404 -0.114274
FixedParameters: 0 0 0

#Transform 43
Transform: AffineTransform_float_3_3
Parameters: 1 -0.000237317 -0.000184517 0.000237122 0.999998 -0.00230541 0.000184309 0.00230532 0.999998 0.0451314 0.0966056 -0.0431477
FixedParameters: 0 0 0

#Transform 44
Transform: AffineTransform_float_3_3
Parameters: 1 -6.30848e-05 0.000189227 6.42632e-05 0.999995 -0.00319199 -0.000188917 0.00319202 0.999995 0.0572092 0.140073 0.0160201
FixedParameters: 0 0 0

#Transform 45
Transform: AffineTransform_float_3_3
Parameters: 1 0.000387342 -0.000375241 -0.000387241 1 0.000134351 0.000375345 -0.000134061 1 0.0417094 0.118024 0.112767
FixedParameters: 0 0 0

#Transform 46
Transform: AffineTransform_float_3_3
Parameters: 1 -2.92889e-05 -1.52747e-05 2.9072e-05 0.999989 -0.00484201 1.53265e-05 0.00484201 0.999989 0.0283921 0.247112 -0.273905
FixedParameters: 0 0 0

#Transform 47
Transform: AffineTransform_float_3_3
Parameters: 1 0.000167228 -0.000288196 -0.000168776 0.999987 -0.00520465 0.000287809 0.00520477 0.999987 0.0391381 0.177352 -0.339169
FixedParameters: 0 0 0

#Transform 48
Transform: AffineTransform_float_3_3
Parameters: 1 -5.07399e-05 -0.000221992 4.94612e-05 0.999985 -0.00547644 0.000222924 0.00547643 0.999985 0.0305106 0.174854 -0.360382
FixedParameters: 0 0 0

#Transform 49
Transform: AffineTransform_float_3_3
Parameters: 1 -0.000129105 0.000278382 0.000130861 0.999988 -0.00502218 -0.000277041 0.00502224 0.999988 0.0259221 0.17222 -0.379157
FixedParameters: 0 0 0

#Transform 50
Transform: AffineTransform_float_3_3
Parameters: 0.999999 -0.000979309 0.00127773 0.000995081 0.99992 -0.0125813 -0.00126536 0.0125827 0.99992 0.0856259 0.54405 -1.07784
FixedParameters: 0 0 0

#Transform 51
Transform: AffineTransform_float_3_3
Parameters: 1 -0.000662342 0.000196929 0.000663993 0.999964 -0.00846338 -0.000191186 0.00846361 0.999964 0.106398 0.126319 -0.619142
FixedParameters: 0 0 0

#Transform 52
Transform: AffineTransform_float_3_3
Parameters: 0.999999 -0.000508505 0.00073734 0.000516266 0.999953 -0.00970011 -0.000731665 0.00970079 0.999952 0.0853498 0.321462 -0.786266
FixedParameters: 0 0 0

#Transform 53
Transform: AffineTransform_float_3_3
Parameters: 1 -0.000680373 4.70552e-05 0.00068062 0.999983 -0.00583359 -4.35608e-05 0.00583364 0.999983 0.0770469 0.19221 -0.514693
FixedParameters: 0 0 0

#Transform 54
Transform: AffineTransform_float_3_3
Parameters: 1 0.000181521 -0.000300193 -0.000186164 0.999895 -0.0144403 0.000297774 0.0144404 0.999895 0.0754964 0.498025 -1.75916
FixedParameters: 0 0 0

#Transform 55
Transform: AffineTransform_float_3_3
Parameters: 0.999999 -0.000706759 -0.000674292 0.000694312 0.999841 -0.0177843 0.000686119 0.017784 0.999842 0.0809304 0.300221 -1.8071
FixedParameters: 0 0 0

#Transform 56
Transform: AffineTransform_float_3_3
Parameters: 0.999999 -0.000390554 -0.0013275 0.000367161 0.999854 -0.0170772 0.00133394 0.0170769 0.999853 0.0862072 0.334785 -1.69343
FixedParameters: 0 0 0

#Transform 57
Transform: AffineTransform_float_3_3
Parameters: 0.999998 -0.000310787 -0.00164447 0.000278217 0.999803 -0.0198339 0.0016506 0.0198329 0.999802 0.0901144 0.36968 -1.91006
FixedParameters: 0 0 0

#Transform 58
Transform: AffineTransform_float_3_3
Parameters: 1 -0.00023273 -0.00108404 0.00020937 0.999775 -0.0212139 0.00108923 0.0212142 0.999775 0.0765923 0.329102 -2.02475
FixedParameters: 0 0 0

#Transform 59
Transform: AffineTransform_float_3_3
Parameters: 1 -0.000161888 -0.00117143 0.000135261 0.999748 -0.0224478 0.00117445 0.0224483 0.999748 0.0844631 0.316434 -2.10808
FixedParameters: 0 0 0

#Transform 60
Transform: AffineTransform_float_3_3
Parameters: 1 -0.000257536 -0.00103677 0.000233433 0.999731 -0.0232027 0.0010416 0.0232029 0.99973 0.0776736 0.299768 -2.13716
FixedParameters: 0 0 0

#Transform 61
Transform: AffineTransform_float_3_3
Parameters: 0.999999 0.00013815 -0.00118731 -0.000166337 0.999718 -0.0237607 0.00118351 0.0237614 0.999717 0.0876496 0.350513 -2.16531
FixedParameters: 0 0 0

#Transform 62
Transform: AffineTransform_float_3_3
Parameters: 0.999999 -0.000579355 -0.00120388 0.000549478 0.999702 -0.0244116 0.00121753 0.024411 0.999701 0.0767717 0.319283 -2.01086
FixedParameters: 0 0 0

#Transform 63
Transform: AffineTransform_float_3_3
Parameters: 1 -0.000341403 -0.00101416 0.000316337 0.999699 -0.0245319 0.00102282 0.0245311 0.999699 0.0762654 0.364661 -2.04033
FixedParameters: 0 0 0

#Transform 64
Transform: AffineTransform_float_3_3
Parameters: 1 -0.000338308 -0.00100464 0.000313457 0.999699 -0.0245321 0.00101222 0.0245308 0.999698 0.0770246 0.34933 -2.10799
FixedParameters: 0 0 0

#Transform 65
Transform: AffineTransform_float_3_3
Parameters: 0.999999 -0.000484146 -0.000726984 0.000465726 0.999682 -0.0252218 0.000739769 0.0252218 0.999682 0.0831283 0.363907 -2.12316
FixedParameters: 0 0 0

#Transform 66
Transform: AffineTransform_float_3_3
Parameters: 0.999999 -0.000312471 -0.000880863 0.000289644 0.999667 -0.0257788 0.000888875 0.0257791 0.999667 0.0773109 0.343295 -2.19061
FixedParameters: 0 0 0

#Transform 67
Transform: AffineTransform_float_3_3
Parameters: 0.999999 -0.000339409 -0.000637516 0.000322232 0.999662 -0.0259758 0.000645937 0.0259761 0.999663 0.0925767 0.355379 -2.21798
FixedParameters: 0 0 0

#Transform 68
Transform: AffineTransform_float_3_3
Parameters: 1 0.00033145 -0.000326503 -0.00033957 0.99966 -0.0260633 0.000317045 0.0260636 0.999661 0.0941539 0.324882 -2.15225
FixedParameters: 0 0 0

#Transform 69
Transform: AffineTransform_float_3_3
Parameters: 1 1.99631e-05 -8.68138e-06 -2.01653e-05 0.999602 -0.0282326 8.49754e-06 0.0282327 0.999602 0.102816 0.400588 -2.32165
FixedParameters: 0 0 0

#Transform 70
Transform: AffineTransform_float_3_3
Parameters: 1 -0.000158721 -9.10717e-05 0.000156146 0.999579 -0.0290152 9.57604e-05 0.0290152 0.999579 0.103007 0.363381 -2.358
FixedParameters: 0 0 0

#Transform 71
Transform: AffineTransform_float_3_3
Parameters: 1 -0.000519597 2.28681e-05 0.000520107 0.999564 -0.0295445 -7.44017e-06 0.0295445 0.999564 0.110357 0.361164 -2.34064
FixedParameters: 0 0 0

#Transform 72
Transform: AffineTransform_float_3_3
Parameters: 1 -0.000495202 0.000263347 0.000502656 0.999566 -0.0294759 -0.000249102 0.0294761 0.999566 0.10966 0.373375 -2.36864
FixedParameters: 0 0 0

#Transform 73
Transform: AffineTransform_float_3_3
Parameters: 1 -0.000568246 0.000492116 0.000582807 0.999544 -0.0302093 -0.000475055 0.0302089 0.999544 0.107294 0.404572 -2.41237
FixedParameters: 0 0 0

#Transform 74
Transform: AffineTransform_float_3_3
Parameters: 0.999999 -0.000938583 1.24174e-05 0.000938672 0.999584 -0.0288185 1.41605e-05 0.0288184 0.999585 0.0995826 0.402218 -2.37496
FixedParameters: 0 0 0

#Transform 75
Transform: AffineTransform_float_3_3
Parameters: 1 -0.000520177 0.000275073 0.000527678 0.999534 -0.0305216 -0.000258568 0.0305218 0.999534 0.108819 0.397019 -2.39123
FixedParameters: 0 0 0

#Transform 76
Transform: AffineTransform_float_3_3
Parameters: 0.999999 -0.00095293 0.000334434 0.000962273 0.999571 -0.0292651 -0.000306459 0.0292656 0.999572 0.0916692 0.391298 -2.37782
FixedParameters: 0 0 0

#Transform 77
Transform: AffineTransform_float_3_3
Parameters: 1 -0.000640424 0.00011029 0.000643894 0.999557 -0.029757 -9.10222e-05 0.0297571 0.999557 0.0886849 0.381848 -2.39335
FixedParameters: 0 0 0

#Transform 78
Transform: AffineTransform_float_3_3
Parameters: 1 -0.000629469 0.000149925 0.000633402 0.999551 -0.02996 -0.000130584 0.0299601 0.999551 0.105225 0.403558 -2.4601
FixedParameters: 0 0 0

#Transform 79
Transform: AffineTransform_float_3_3
Parameters: 1 -0.000675409 -2.5936e-05 0.000674812 0.999585 -0.0288242 4.52844e-05 0.028825 0.999585 0.108013 0.375266 -2.39075
FixedParameters: 0 0 0

#Transform 80
Transform: AffineTransform_float_3_3
Parameters: 1 -0.00066332 0.000179368 0.000668179 0.999601 -0.0282114 -0.000161235 0.0282116 0.999602 0.106372 0.368541 -2.3834
FixedParameters: 0 0 0

#Transform 81
Transform: AffineTransform_float_3_3
Parameters: 0.999999 -0.0011583 0.000378297 0.00116887 0.999594 -0.0284439 -0.000345748 0.0284445 0.999595 0.0844215 0.381459 -2.34286
FixedParameters: 0 0 0

#Transform 82
Transform: AffineTransform_float_3_3
Parameters: 1 -0.000958984 0.000909252 0.000985051 0.999574 -0.0291618 -0.000880779 0.0291624 0.999575 0.0881026 0.395012 -2.36886
FixedParameters: 0 0 0

#Transform 83
Transform: AffineTransform_float_3_3
Parameters: 0.999999 -0.00102623 0.000579093 0.00104222 0.999593 -0.0284824 -0.000549927 0.0284833 0.999594 0.0870333 0.373145 -2.38992
FixedParameters: 0 0 0

#Transform 84
Transform: AffineTransform_float_3_3
Parameters: 0.999999 -0.00123762 0.000688031 0.00125729 0.999585 -0.0287748 -0.000651606 0.0287753 0.999586 0.0781906 0.390292 -2.42165
FixedParameters: 0 0 0

#Transform 85
Transform: AffineTransform_float_3_3
Parameters: 0.999999 -0.00108144 0.000668371 0.00110058 0.999578 -0.0290335 -0.000636419 0.0290347 0.999578 0.0797597 0.388041 -2.41689
FixedParameters: 0 0 0

#Transform 86
Transform: AffineTransform_float_3_3
Parameters: 0.999999 -0.00137383 0.000679476 0.00139265 0.99958 -0.0289457 -0.000639916 0.0289458 0.999581 0.0886042 0.375787 -2.39024
FixedParameters: 0 0 0

#Transform 87
Transform: AffineTransform_float_3_3
Parameters: 0.999999 -0.00141552 0.000618399 0.00143313 0.999557 -0.0296985 -0.000576267 0.0296986 0.999558 0.0961657 0.403645 -2.40352
FixedParameters: 0 0 0

#Transform 88
Transform: AffineTransform_float_3_3
Parameters: 1 -0.001037 0.000811749 0.00105981 0.999575 -0.0291094 -0.000780703 0.0291108 0.999576 0.087259 0.403692 -2.43773
FixedParameters: 0 0 0

#Transform 89
Transform: AffineTransform_float_3_3
Parameters: 0.999999 -0.00128992 0.000974101 0.00131735 0.999578 -0.0290113 -0.000936446 0.029012 0.999578 0.0685629 0.406935 -2.43997
FixedParameters: 0 0 0

#Transform 90
Transform: AffineTransform_float_3_3
Parameters: 0.999998 -0.00160744 0.000744905 0.00162861 0.999561 -0.0295881 -0.000696737 0.0295896 0.999561 0.0855255 0.41362 -2.42617
FixedParameters: 0 0 0

#Transform 91
Transform: AffineTransform_float_3_3
Parameters: 1 -0.00108737 0.000750632 0.0011094 0.999571 -0.0292834 -0.000718205 0.0292842 0.999571 0.0929856 0.408193 -2.41995
FixedParameters: 0 0 0

#Transform 92
Transform: AffineTransform_float_3_3
Parameters: 0.999998 -0.00153822 0.000833517 0.00156295 0.999564 -0.0294964 -0.000788062 0.0294972 0.999565 0.083061 0.4157 -2.38707
FixedParameters: 0 0 0

#Transform 93
Transform: AffineTransform_float_3_3
Parameters: 0.999999 -0.00108997 0.000645251 0.00110888 0.999566 -0.0294295 -0.000613417 0.0294298 0.999567 0.0888885 0.419459 -2.42719
FixedParameters: 0 0 0

#Transform 94
Transform: AffineTransform_float_3_3
Parameters: 0.999998 -0.00150176 0.000913488 0.00152878 0.999556 -0.0297544 -0.000868611 0.0297553 0.999557 0.0866708 0.432972 -2.42627
FixedParameters: 0 0 0

#Transform 95
Transform: AffineTransform_float_3_3
Parameters: 0.999999 -0.00133248 0.000703219 0.00135278 0.999568 -0.029372 -0.000662913 0.0293722 0.999569 0.0872107 0.406472 -2.44254
FixedParameters: 0 0 0

#Transform 96
Transform: AffineTransform_float_3_3
Parameters: 0.999999 -0.00101909 0.000566223 0.00103437 0.999593 -0.0285015 -0.000537465 0.0285025 0.999594 0.0704724 0.41356 -2.39872
FixedParameters: 0 0 0

#Transform 97
Transform: AffineTransform_float_3_3
Parameters: 0.999999 -0.00156218 0.00033858 0.00157113 0.999574 -0.0291454 -0.000292945 0.0291456 0.999575 0.0874686 0.527305 -2.436
FixedParameters: 0 0 0

#Transform 98
Transform: AffineTransform_float_3_3
Parameters: 0.999998 -0.00174559 4.08692e-05 0.00174551 0.999599 -0.028275 9.11e-06 0.0282752 0.9996 0.0871429 0.503052 -2.43733
FixedParameters: 0 0 0

#Transform 99
Transform: AffineTransform_float_3_3
Parameters: 0.999999 -0.00116291 -0.000225639 0.00115594 0.999558 -0.0297104 0.000260114 0.0297107 0.999558 0.0917068 0.489932 -2.44385
FixedParameters: 0 0 0

#Transform 100
Transform: AffineTransform_float_3_3
Parameters: 0.999998 -0.00148355 -0.0010691 0.00145088 0.999538 -0.0303651 0.00111351 0.030363 0.999538 0.117025 0.582878 -2.4773
FixedParameters: 0 0 0

#Transform 101
Transform: AffineTransform_float_3_3
Parameters: 0.999999 -0.000631729 -0.00128899 0.000597043 0.999642 -0.0267255 0.00130507 0.0267248 0.999642 0.0981587 0.494137 -2.23573
FixedParameters: 0 0 0

#Transform 102
Transform: AffineTransform_float_3_3
Parameters: 1 -0.00019738 -0.000640569 0.00018041 0.999681 -0.0252331 0.000646104 0.0252335 0.999682 0.0434121 0.49085 -2.06066
FixedParameters: 0 0 0

#Transform 103
Transform: AffineTransform_float_3_3
Parameters: 0.999999 -0.00102712 -0.000284014 0.0010189 0.999641 -0.0267707 0.000312276 0.0267701 0.999642 0.0331775 0.471262 -1.9472
FixedParameters: 0 0 0

#Transform 104
Transform: AffineTransform_float_3_3
Parameters: 1 -0.000472277 -0.000281604 0.000464604 0.999646 -0.0266268 0.000293709 0.0266266 0.999646 0.0377031 0.480906 -2.05117
FixedParameters: 0 0 0

#Transform 105
Transform: AffineTransform_float_3_3
Parameters: 1 -0.000480337 -0.000284216 0.000472454 0.999643 -0.0267077 0.000296784 0.0267075 0.999643 0.0450569 0.491704 -2.21514
FixedParameters: 0 0 0

#Transform 106
Transform: AffineTransform_float_3_3
Parameters: 0.999999 -0.000237591 -0.000698433 0.000218597 0.999632 -0.0271192 0.000704719 0.0271182 0.999632 0.0559131 0.524689 -2.24138
FixedParameters: 0 0 0

#Transform 107
Transform: AffineTransform_float_3_3
Parameters: 0.999999 -0.000180709 -0.0012718 0.000146206 0.999626 -0.0273231 0.00127601 0.0273228 0.999626 0.0864836 0.553295 -2.32311
FixedParameters: 0 0 0

#Transform 108
Transform: AffineTransform_float_3_3
Parameters: 0.999999 -0.000322124 -0.00125922 0.000287259 0.999617 -0.0277001 0.00126802 0.0277002 0.999616 0.0764429 0.46928 -2.27217
FixedParameters: 0 0 0

#Transform 109
Transform: AffineTransform_float_3_3
Parameters: 0.999999 -0.000480965 -0.000881864 0.000455679 0.999594 -0.0284878 0.000895619 0.0284872 0.999593 0.0741106 0.512217 -2.2605
FixedParameters: 0 0 0

#Transform 110
Transform: AffineTransform_float_3_3
Parameters: 0.999999 -0.000463448 -0.000833833 0.000439725 0.999623 -0.0274295 0.000846135 0.0274294 0.999624 0.0677137 0.491324 -2.28346
FixedParameters: 0 0 0

#Transform 111
Transform: AffineTransform_float_3_3
Parameters: 1 -0.000463464 -0.000960146 0.000437672 0.999617 -0.0276661 0.000972996 0.0276655 0.999616 0.0749427 0.504718 -2.29605
FixedParameters: 0 0 0

#Transform 112
Transform: AffineTransform_float_3_3
Parameters: 1 -0.000522177 -0.000927238 0.000496111 0.999597 -0.0283923 0.00094175 0.0283921 0.999597 0.0650832 0.544435 -2.34341
FixedParameters: 0 0 0

#Transform 113
Transform: AffineTransform_float_3_3
Parameters: 1 -0.000410632 -0.00113537 0.000379094 0.99962 -0.0275882 0.00114713 0.0275876 0.999618 0.0677907 0.598621 -2.31716
FixedParameters: 0 0 0

#Transform 114
Transform: AffineTransform_float_3_3
Parameters: 0.999999 -0.000671485 -0.00109183 0.000642273 0.999649 -0.0264715 0.00110854 0.0264708 0.999649 0.068226 0.540409 -2.26739
FixedParameters: 0 0 0

#Transform 115
Transform: AffineTransform_float_3_3
Parameters: 0.999999 -0.000320694 -0.00145541 0.000280489 0.99962 -0.0275626 0.0014635 0.0275618 0.999619 0.0774177 0.544 -2.28321
FixedParameters: 0 0 0

#Transform 116
Transform: AffineTransform_float_3_3
Parameters: 1 -0.00044858 -0.00109122 0.000418975 0.999635 -0.0270377 0.00110235 0.027037 0.999634 0.0756283 0.58035 -2.30949
FixedParameters: 0 0 0

#Transform 117
Transform: AffineTransform_float_3_3
Parameters: 0.999998 -0.000480844 -0.00180378 0.000431083 0.999623 -0.0274322 0.00181658 0.0274321 0.999622 0.072583 0.550504 -2.29995
FixedParameters: 0 0 0

#Transform 118
Transform: AffineTransform_float_3_3
Parameters: 0.999999 -0.000592696 -0.00128824 0.000556172 0.999609 -0.0279609 0.00130459 0.0279603 0.999608 0.071481 0.529958 -2.3227
FixedParameters: 0 0 0

#Transform 119
Transform: AffineTransform_float_3_3
Parameters: 0.999999 -0.000315352 -0.00136203 0.000275271 0.999577 -0.0290554 0.00137114 0.0290547 0.999577 0.0707946 0.569455 -2.3272
FixedParameters: 0 0 0
