#Insight Transform File V1.0
#Transform 0
Transform: AffineTransform_float_3_3
Parameters: 1 0.000238985 -5.08605e-05 -0.000238907 1 0.00115474 5.12233e-05 -0.00115472 1 -0.0287367 -0.085203 0.106257
FixedParameters: 0 0 0

#Transform 1
Transform: AffineTransform_float_3_3
Parameters: 1 0.0002884 -0.000149264 -0.000288136 0.999999 0.000881792 0.000149772 -0.000881705 0.999999 -0.011566 -0.0711846 0.0869696
FixedParameters: 0 0 0

#Transform 2
Transform: AffineTransform_float_3_3
Parameters: 1 0.000343564 -7.31277e-05 -0.000343457 1 0.00100465 7.36288e-05 -0.0010046 1 -0.00699138 -0.0743532 0.0910579
FixedParameters: 0 0 0

#Transform 3
Transform: AffineTransform_float_3_3
Parameters: 1 7.13608e-05 -1.51878e-05 -7.1338e-05 0.999999 0.000747448 1.52945e-05 -0.000747446 0.999999 -0.00915039 -0.0624467 0.109156
FixedParameters: 0 0 0

#Transform 4
Transform: AffineTransform_float_3_3
Parameters: 1 0.000226245 -4.83087e-05 -0.000226237 1 8.49376e-05 4.83471e-05 -8.49158e-05 1 -0.00434328 -0.028111 0.0529669
FixedParameters: 0 0 0

#Transform 5
Transform: AffineTransform_float_3_3
Parameters: 1 7.89106e-05 0.000226522 -7.90494e-05 1 0.000306525 -0.000226474 -0.000306561 1 -0.0115729 -0.0464592 -0.0189904
FixedParameters: 0 0 0

#Transform 6
Transform: AffineTransform_float_3_3
Parameters: 1 0.000195888 0.000117626 -0.00019582 1 -0.000286598 -0.000117739 0.000286551 1 -0.00721575 -0.000251057 0.0254457
FixedParameters: 0 0 0

#Transform 7
Transform: AffineTransform_float_3_3
Parameters: 1 0.000147383 -0.000329019 -0.000147297 1 0.000131997 0.000329058 -0.0001319 1 0.0137745 -0.0227598 -0.0418247
FixedParameters: 0 0 0

#Transform 8
Transform: AffineTransform_float_3_3
Parameters: 1 0.000169887 -3.62738e-05 -0.00016988 1 9.15628e-05 3.63049e-05 -9.15505e-05 1 0.00433053 -0.0201736 -0.0396939
FixedParameters: 0 0 0

#Transform 9
Transform: AffineTransform_float_3_3
Parameters: 1 0.000483579 -0.000462433 -0.000483922 1 -0.000370872 0.000462074 0.000371319 1 0.0212477 0.00083214 -0.0177849
FixedParameters: 0 0 0

#Transform 10
Transform: AffineTransform_float_3_3
Parameters: 1 0.000322676 -0.00042805 -0.000323097 1 -0.000491547 0.000427733 0.000491824 1 0.0299034 0.00243852 -0.0171532
FixedParameters: 0 0 0

#Transform 11
Transform: AffineTransform_float_3_3
Parameters: 1 0.000514017 -0.000248144 -0.000514277 0.999999 -0.000525235 0.000247604 0.00052549 1 0.035153 0.0123919 -0.0490242
FixedParameters: 0 0 0

#Transform 12
Transform: AffineTransform_float_3_3
Parameters: 1 1.76957e-05 0.00012609 -1.75527e-05 1 -0.000566798 -0.00012611 0.000566794 1 0.0342919 0.00283402 -0.0177867
FixedParameters: 0 0 0

#Transform 13
Transform: AffineTransform_float_3_3
Parameters: 1 -0.000396488 9.14761e-06 0.000396494 1 -0.000306594 -8.90449e-06 0.000306602 1 0.0443585 0.0379928 0.00657459
FixedParameters: 0 0 0

#Transform 14
Transform: AffineTransform_float_3_3
Parameters: 1 -7.76436e-05 -0.000342428 7.79068e-05 0.999999 -0.000977965 0.000342183 0.000978405 1 0.0476361 0.0189426 -0.080129
FixedParameters: 0 0 0

#Transform 15
Transform: AffineTransform_float_3_3
Parameters: 1 -0.000369545 -0.000279566 0.000368358 0.999998 -0.00197508 0.000280645 0.00197487 0.999998 0.0582582 0.102562 -0.133391
FixedParameters: 0 0 0

#Transform 16
Transform: AffineTransform_float_3_3
Parameters: 1 -0.000497109 -0.000252396 0.000497702 0.999999 -0.000752511 0.000252937 0.000752349 0.999999 0.0488001 0.0548557 -0.0878323
FixedParameters: 0 0 0

#Transform 17
Transform: AffineTransform_float_3_3
Parameters: 1 -0.000569574 -0.000237074 0.000569413 1 -0.00033945 0.000237461 0.00033918 1 0.0364047 -0.0189181 -0.0840517
FixedParameters: 0 0 0

#Transform 18
Transform: AffineTransform_float_3_3
Parameters: 1 -0.000381441 0.00015837 0.000381591 1 -0.000475733 -0.000158007 0.000475854 1 0.0229347 0.00454491 -0.0646377
FixedParameters: 0 0 0

#Transform 19
Transform: AffineTransform_float_3_3
Parameters: 1 -0.000287411 0.000682384 0.000288105 0.999999 -0.000658746 -0.000682964 0.0006591 0.999999 -0.00304451 0.0386168 -0.0211937
FixedParameters: 0 0 0

#Transform 20
Transform: AffineTransform_float_3_3
Parameters: 1 -1.75282e-05 -0.00042263 1.79165e-05 1 0.000459272 0.000422614 -0.000459287 1 0.0136267 -0.0162975 0.00375608
FixedParameters: 0 0 0

#Transform 21
Transform: AffineTransform_float_3_3
Parameters: 1 -0.000323802 0.000401672 0.000324139 1 -0.000419929 -0.0004014 0.000420189 1 -0.0104617 0.0562631 0.0221835
FixedParameters: 0 0 0

#Transform 22
Transform: AffineTransform_float_3_3
Parameters: 1 -0.00037593 3.23006e-05 0.00037594 1 -0.000150329 -3.21876e-05 0.000150353 1 0.000744316 0.0136204 0.0160903
FixedParameters: 0 0 0

#Transform 23
Transform: AffineTransform_float_3_3
Parameters: 1 -3.2516e-05 0.000511119 3.19119e-05 1 -0.000361306 -0.000510888 0.00036125 1 -0.0253738 0.022117 -0.0549574
FixedParameters: 0 0 0

#Transform 24
Transform: AffineTransform_float_3_3
Parameters: 1 5.75771e-05 0.000339471 -5.71736e-05 1 -0.000594392 -0.000339539 0.000594353 1 -0.0351522 0.0502296 -0.0504813
FixedParameters: 0 0 0

#Transform 25
Transform: AffineTransform_float_3_3
Parameters: 1 -0.000189923 0.000544949 0.000190174 1 -0.00116032 -0.00054449 0.00116044 0.999999 -0.0379081 0.0802619 -0.0164626
FixedParameters: 0 0 0

#Transform 26
Transform: AffineTransform_float_3_3
Parameters: 1 -0.000193576 0.000648043 0.000194175 0.999999 -0.00124424 -0.000647542 0.0012444 0.999999 -0.0403279 0.0778669 -0.00735334
FixedParameters: 0 0 0

#Transform 27
Transform: AffineTransform_float_3_3
Parameters: 0.999999 -0.000172549 0.000706859 0.000173914 0.999999 -0.000993574 -0.000706704 0.000994224 0.999999 -0.0467037 0.0614936 0.0050728
FixedParameters: 0 0 0

#Transform 28
Transform: AffineTransform_float_3_3
Parameters: 0.999999 -0.000296932 0.000992541 0.00029875 0.999999 -0.00142707 -0.000991672 0.00142757 0.999998 -0.0422425 0.074883 -0.00544158
FixedParameters: 0 0 0

#Transform 29
Transform: AffineTransform_float_3_3
Parameters: 0.999999 -0.000236041 0.0012085 0.000238122 0.999999 -0.00128057 -0.00120787 0.00128146 0.999999 -0.0573867 0.0659711 -0.014316
FixedParameters: 0 0 0

#Transform 30
Transform: AffineTransform_float_3_3
Parameters: 1 -0.000119831 0.00110796 0.000121356 0.999998 -0.00163451 -0.00110832 0.00163406 0.999998 -0.0361767 0.091595 -0.0177485
FixedParameters: 0 0 0

#Transform 31
Transform: AffineTransform_float_3_3
Parameters: 0.999999 -2.32031e-05 0.000786367 2.52017e-05 0.999998 -0.00194095 -0.000786444 0.00194089 0.999998 -0.0144687 0.0822901 -0.00996797
FixedParameters: 0 0 0

#Transform 32
Transform: AffineTransform_float_3_3
Parameters: 0.999999 -1.68167e-05 0.000866849 1.83282e-05 0.999998 -0.00204147 -0.00086674 0.00204132 0.999997 -0.0259888 0.0954192 0.0213783
FixedParameters: 0 0 0

#Transform 33
Transform: AffineTransform_float_3_3
Parameters: 1 -0.000143859 0.001148 0.000145289 0.999998 -0.00187175 -0.00114704 0.0018709 0.999997 -0.0601262 0.0973407 0.0515427
FixedParameters: 0 0 0

#Transform 34
Transform: AffineTransform_float_3_3
Parameters: 0.999999 0.000141906 0.00149957 -0.000139461 0.999999 -0.00181566 -0.00149983 0.00181538 0.999997 -0.0785511 0.109522 0.060083
FixedParameters: 0 0 0

#Transform 35
Transform: AffineTransform_float_3_3
Parameters: 0.999998 -0.000115976 0.00172293 0.000119461 0.999998 -0.00185532 -0.00172227 0.00185495 0.999997 -0.0757597 0.103043 0.0625193
FixedParameters: 0 0 0

#Transform 36
Transform: AffineTransform_float_3_3
Parameters: 1 5.31574e-05 0.00116888 -5.14998e-05 0.999998 -0.00199267 -0.00116884 0.00199268 0.999998 -0.0508917 0.129112 0.0572394
FixedParameters: 0 0 0

#Transform 37
Transform: AffineTransform_float_3_3
Parameters: 0.999999 0.000133917 0.00143069 -0.000131922 0.999999 -0.00174597 -0.00143091 0.00174573 0.999998 -0.0589562 0.0952717 0.0285787
FixedParameters: 0 0 0

#Transform 38
Transform: AffineTransform_float_3_3
Parameters: 0.999999 -5.67353e-05 0.0017602 5.96273e-05 0.999999 -0.001417 -0.00176079 0.00141689 0.999998 -0.0797652 0.0891717 0.0150047
FixedParameters: 0 0 0

#Transform 39
Transform: AffineTransform_float_3_3
Parameters: 0.999999 -0.000102845 0.00154827 0.000106505 0.999998 -0.00190237 -0.00154879 0.00190288 0.999997 -0.0774853 0.104299 0.029618
FixedParameters: 0 0 0

#Transform 40
Transform: AffineTransform_float_3_3
Parameters: 0.999999 7.71738e-05 0.00141737 -7.46872e-05 0.999998 -0.00229338 -0.00141745 0.00229321 0.999997 -0.0593572 0.119571 0.0412102
FixedParameters: 0 0 0

#Transform 41
Transform: AffineTransform_float_3_3
Parameters: 0.999999 -0.000123802 0.00137076 0.000127095 0.999998 -0.00231097 -0.00137012 0.00231144 0.999997 -0.0677031 0.136249 0.042557
FixedParameters: 0 0 0

#Transform 42
Transform: AffineTransform_float_3_3
Parameters: 0.999999 1.58542e-05 0.00124346 -1.3567e-05 0.999997 -0.00253415 -0.00124327 0.00253415 0.999996 -0.0684515 0.140941 0.0243112
FixedParameters: 0 0 0

#Transform 43
Transform: AffineTransform_float_3_3
Parameters: 0.999999 7.13321e-05 0.00155879 -6.80561e-05 0.999997 -0.00266372 -0.00155888 0.00266345 0.999995 -0.108366 0.153721 0.0359073
FixedParameters: 0 0 0

#Transform 44
Transform: AffineTransform_float_3_3
Parameters: 0.999999 -0.000293443 0.00185882 0.000297889 0.999997 -0.00262206 -0.00185873 0.00262212 0.999995 -0.104814 0.132076 0.053415
FixedParameters: 0 0 0

#Transform 45
Transform: AffineTransform_float_3_3
Parameters: 0.999998 -0.000326507 0.00189278 0.00033186 0.999995 -0.00305424 -0.00189124 0.00305531 0.999993 -0.115818 0.157559 0.0762364
FixedParameters: 0 0 0

#Transform 46
Transform: AffineTransform_float_3_3
Parameters: 0.999998 -0.000346363 0.00203339 0.000354723 0.999994 -0.00357971 -0.00203175 0.00358004 0.999991 -0.107735 0.178933 0.0859726
FixedParameters: 0 0 0

#Transform 47
Transform: AffineTransform_float_3_3
Parameters: 0.999998 -0.000352607 0.0020347 0.000360235 0.999993 -0.00364628 -0.00203295 0.00364695 0.999992 -0.110492 0.186631 0.127158
FixedParameters: 0 0 0

#Transform 48
Transform: AffineTransform_float_3_3
Parameters: 0.999998 -0.000316423 0.00202674 0.000323479 0.999995 -0.0032593 -0.00202533 0.00325951 0.999992 -0.109039 0.166784 0.12092
FixedParameters: 0 0 0

#Transform 49
Transform: AffineTransform_float_3_3
Parameters: 0.999998 -0.000237508 0.00200946 0.000243508 0.999996 -0.00302404 -0.00200868 0.00302433 0.999994 -0.106937 0.168345 0.0795227
FixedParameters: 0 0 0

#Transform 50
Transform: AffineTransform_float_3_3
Parameters: 0.999998 -0.000284063 0.00201957 0.000290688 0.999995 -0.00291271 -0.00201859 0.00291328 0.999994 -0.118853 0.160377 0.0845704
FixedParameters: 0 0 0

#Transform 51
Transform: AffineTransform_float_3_3
Parameters: 0.999996 -0.000903901 0.00244024 0.000906318 0.999999 -0.00111841 -0.00243957 0.00112017 0.999996 -0.120378 0.0992794 0.158793
FixedParameters: 0 0 0

#Transform 52
Transform: AffineTransform_float_3_3
Parameters: 0.999998 -0.000864978 0.0017264 0.000863833 1 0.000398634 -0.00172694 -0.000397462 0.999998 -0.0967776 0.0513817 0.244599
FixedParameters: 0 0 0

#Transform 53
Transform: AffineTransform_float_3_3
Parameters: 0.999999 -0.000700714 0.00169138 0.000700565 1 0.000400111 -0.001692 -0.000399465 0.999998 -0.0823419 0.0527977 0.280969
FixedParameters: 0 0 0

#Transform 54
Transform: AffineTransform_float_3_3
Parameters: 0.999999 -0.000743987 0.00170115 0.000744535 1 -9.28508e-05 -0.00170086 9.35699e-05 0.999999 -0.0974906 0.056495 0.286986
FixedParameters: 0 0 0

#Transform 55
Transform: AffineTransform_float_3_3
Parameters: 0.999998 -0.000977537 0.00175165 0.000978411 0.999999 -0.000519259 -0.00175123 0.000520744 0.999998 -0.091043 0.0761028 0.1889
FixedParameters: 0 0 0

#Transform 56
Transform: AffineTransform_float_3_3
Parameters: 0.999999 -0.000766947 0.00170693 0.000769091 0.999999 -0.000944374 -0.00170625 0.000946367 0.999998 -0.081962 0.0832845 0.206577
FixedParameters: 0 0 0

#Transform 57
Transform: AffineTransform_float_3_3
Parameters: 0.999999 -0.000775332 0.00170832 0.000776096 1 -0.00050065 -0.00170815 0.000501359 0.999998 -0.0838445 0.0929891 0.175306
FixedParameters: 0 0 0

#Transform 58
Transform: AffineTransform_float_3_3
Parameters: 0.999997 -0.000590457 0.00209994 0.000593056 0.999999 -0.00132686 -0.00209893 0.00132804 0.999997 -0.0930903 0.110184 0.129516
FixedParameters: 0 0 0

#Transform 59
Transform: AffineTransform_float_3_3
Parameters: 0.999998 -0.000704599 0.00195852 0.000706338 0.999999 -0.000996394 -0.00195865 0.000997493 0.999997 -0.0797732 0.159449 0.0790002
FixedParameters: 0 0 0

#Transform 60
Transform: AffineTransform_float_3_3
Parameters: 0.999999 -0.000884511 0.00155951 0.000885673 0.999999 -0.00109696 -0.00155909 0.00109896 0.999998 -0.0705949 0.0931305 0.139462
FixedParameters: 0 0 0

#Transform 61
Transform: AffineTransform_float_3_3
Parameters: 0.999999 -0.000523054 0.00178767 0.000524846 0.999999 -0.00107596 -0.00178711 0.00107712 0.999998 -0.0872378 0.0896662 0.13179
FixedParameters: 0 0 0

#Transform 62
Transform: AffineTransform_float_3_3
Parameters: 0.999999 -0.000457688 0.00177383 0.000460285 0.999999 -0.00131165 -0.00177319 0.00131256 0.999997 -0.0792757 0.127038 0.127755
FixedParameters: 0 0 0

#Transform 63
Transform: AffineTransform_float_3_3
Parameters: 0.999999 -0.000375348 0.00182057 0.000378094 0.999999 -0.00131868 -0.00182014 0.00131933 0.999997 -0.0837615 0.127728 0.129579
FixedParameters: 0 0 0

#Transform 64
Transform: AffineTransform_float_3_3
Parameters: 0.999998 -0.0002771 0.00191433 0.000281793 0.999998 -0.00206258 -0.00191389 0.00206415 0.999996 -0.084364 0.169485 0.115332
FixedParameters: 0 0 0

#Transform 65
Transform: AffineTransform_float_3_3
Parameters: 0.999998 -6.86221e-05 0.0020862 7.32327e-05 0.999998 -0.00203513 -0.00208547 0.00203498 0.999996 -0.0894391 0.161313 0.101888
FixedParameters: 0 0 0

#Transform 66
Transform: AffineTransform_float_3_3
Parameters: 0.999997 -0.000159817 0.00220405 0.000163672 0.999998 -0.00199682 -0.00220275 0.0019979 0.999995 -0.0922707 0.184785 0.093776
FixedParameters: 0 0 0

#Transform 67
Transform: AffineTransform_float_3_3
Parameters: 0.999997 -0.00016593 0.00220535 0.000170685 0.999998 -0.00195788 -0.00220426 0.00195817 0.999995 -0.0886366 0.160693 0.13718
FixedParameters: 0 0 0

#Transform 68
Transform: AffineTransform_float_3_3
Parameters: 0.999998 -0.000120085 0.0020215 0.000123345 0.999999 -0.00183966 -0.00202156 0.00184057 0.999996 -0.081291 0.159131 0.152278
FixedParameters: 0 0 0

#Transform 69
Transform: AffineTransform_float_3_3
Parameters: 0.999997 -0.000336402 0.00224228 0.000341479 0.999998 -0.00226907 -0.00224125 0.00227001 0.999995 -0.0864056 0.173374 0.116986
FixedParameters: 0 0 0

#Transform 70
Transform: AffineTransform_float_3_3
Parameters: 0.999998 -0.000379499 0.00202882 0.000384888 0.999997 -0.00258498 -0.00202735 0.00258554 0.999994 -0.0777383 0.179829 0.14323
FixedParameters: 0 0 0

#Transform 71
Transform: AffineTransform_float_3_3
Parameters: 0.999997 -0.000359873 0.00218737 0.000366033 0.999995 -0.00283054 -0.00218678 0.0028305 0.999993 -0.0776181 0.186632 0.137045
FixedParameters: 0 0 0

#Transform 72
Transform: AffineTransform_float_3_3
Parameters: 0.999998 -0.000477056 0.00231413 0.000483907 0.999995 -0.00281642 -0.0023127 0.00281702 0.999993 -0.0991005 0.183686 0.16826
FixedParameters: 0 0 0

#Transform 73
Transform: AffineTransform_float_3_3
Parameters: 0.999997 -0.000422861 0.00219282 0.000429024 0.999995 -0.00282428 -0.00219188 0.00282452 0.999993 -0.103492 0.195474 0.185532
FixedParameters: 0 0 0

#Transform 74
Transform: AffineTransform_float_3_3
Parameters: 0.999999 -0.000374932 0.00176402 0.000379407 0.999996 -0.00277184 -0.00176339 0.00277213 0.999994 -0.0935924 0.193306 0.219595
FixedParameters: 0 0 0

#Transform 75
Transform: AffineTransform_float_3_3
Parameters: 0.999998 -0.000314456 0.00199023 0.000319367 0.999996 -0.00276983 -0.00198897 0.00277041 0.999994 -0.103382 0.187685 0.246685
FixedParameters: 0 0 0

#Transform 76
Transform: AffineTransform_float_3_3
Parameters: 0.999998 -3.52251e-05 0.002116 4.18759e-05 0.999996 -0.00299938 -0.00211547 0.0029998 0.999994 -0.0954885 0.212413 0.273744
FixedParameters: 0 0 0

#Transform 77
Transform: AffineTransform_float_3_3
Parameters: 0.999998 1.20318e-06 0.00198951 6.10488e-06 0.999993 -0.00367068 -0.00199032 0.00367082 0.999991 -0.0835302 0.215406 0.348296
FixedParameters: 0 0 0

#Transform 78
Transform: AffineTransform_float_3_3
Parameters: 0.999998 0.0001547 0.0019009 -0.000147931 0.999992 -0.00384923 -0.00190076 0.00384878 0.999991 -0.0829225 0.223517 0.387324
FixedParameters: 0 0 0

#Transform 79
Transform: AffineTransform_float_3_3
Parameters: 0.999998 0.000137328 0.00165805 -0.00013164 0.999994 -0.0034879 -0.00165792 0.00348735 0.999992 -0.0738976 0.233853 0.369003
FixedParameters: 0 0 0

#Transform 80
Transform: AffineTransform_float_3_3
Parameters: 0.999999 0.000118318 0.00140638 -0.000114488 0.999995 -0.00312452 -0.00140604 0.00312509 0.999994 -0.0865157 0.224499 0.380096
FixedParameters: 0 0 0

#Transform 81
Transform: AffineTransform_float_3_3
Parameters: 0.999999 -9.43772e-05 0.00180327 9.81192e-05 0.999998 -0.00183265 -0.0018025 0.00183222 0.999997 -0.0846423 0.20667 0.363645
FixedParameters: 0 0 0

#Transform 82
Transform: AffineTransform_float_3_3
Parameters: 0.999996 -2.43219e-05 0.00282891 3.26207e-05 0.999995 -0.002891 -0.00282881 0.00289112 0.999992 -0.106896 0.123113 0.310621
FixedParameters: 0 0 0

#Transform 83
Transform: AffineTransform_float_3_3
Parameters: 0.999997 0.00029483 0.00216826 -0.000288586 0.999995 -0.00301026 -0.00216855 0.00300962 0.999993 -0.0907333 0.169931 0.292846
FixedParameters: 0 0 0

#Transform 84
Transform: AffineTransform_float_3_3
Parameters: 0.999996 0.000104779 0.00288283 -9.54992e-05 0.999995 -0.00316386 -0.00288253 0.0031641 0.999991 -0.114605 0.18221 0.314722
FixedParameters: 0 0 0

#Transform 85
Transform: AffineTransform_float_3_3
Parameters: 0.999997 0.000211663 0.00241454 -0.000204722 0.999996 -0.00288161 -0.00241504 0.00288119 0.999993 -0.112804 0.199675 0.327635
FixedParameters: 0 0 0

#Transform 86
Transform: AffineTransform_float_3_3
Parameters: 0.999998 0.000280489 0.00192186 -0.000275439 0.999996 -0.0026111 -0.00192284 0.00261039 0.999994 -0.0998446 0.167002 0.354005
FixedParameters: 0 0 0

#Transform 87
Transform: AffineTransform_float_3_3
Parameters: 0.999998 0.000201732 0.00193886 -0.000196419 0.999995 -0.00291761 -0.00193953 0.00291711 0.999994 -0.0911364 0.188822 0.411463
FixedParameters: 0 0 0

#Transform 88
Transform: AffineTransform_float_3_3
Parameters: 0.999998 0.000256279 0.00192704 -0.000251316 0.999996 -0.00286897 -0.00192798 0.00286917 0.999994 -0.0979613 0.200923 0.4761
FixedParameters: 0 0 0

#Transform 89
Transform: AffineTransform_float_3_3
Parameters: 0.999996 0.000368447 0.00255342 -0.000360338 0.999995 -0.00311217 -0.00255402 0.00311085 0.999992 -0.114627 0.205109 0.44291
FixedParameters: 0 0 0

#Transform 90
Transform: AffineTransform_float_3_3
Parameters: 0.999996 0.000376109 0.00274821 -0.000366816 0.999994 -0.00346855 -0.00274888 0.00346728 0.99999 -0.130655 0.193111 0.449587
FixedParameters: 0 0 0

#Transform 91
Transform: AffineTransform_float_3_3
Parameters: 0.999996 0.000376663 0.00274809 -0.000367403 0.999994 -0.00346258 -0.00274876 0.0034613 0.999991 -0.152115 0.203319 0.489658
FixedParameters: 0 0 0

#Transform 92
Transform: AffineTransform_float_3_3
Parameters: 0.999995 0.000387516 0.00291967 -0.000376788 0.999993 -0.00373454 -0.00292154 0.00373385 0.999988 -0.155919 0.219148 0.468987
FixedParameters: 0 0 0

#Transform 93
Transform: AffineTransform_float_3_3
Parameters: 0.999995 0.000348489 0.00296802 -0.000336291 0.999991 -0.00424715 -0.00296993 0.00424557 0.999986 -0.131792 0.261296 0.438806
FixedParameters: 0 0 0

#Transform 94
Transform: AffineTransform_float_3_3
Parameters: 0.999996 0.000367224 0.00277576 -0.000357188 0.999994 -0.00362108 -0.00277742 0.00362029 0.999989 -0.132735 0.227211 0.448301
FixedParameters: 0 0 0

#Transform 95
Transform: AffineTransform_float_3_3
Parameters: 0.999996 0.000449368 0.00301582 -0.000439218 0.999994 -0.00331146 -0.00301665 0.00331086 0.99999 -0.155239 0.20628 0.471936
FixedParameters: 0 0 0

#Transform 96
Transform: AffineTransform_float_3_3
Parameters: 0.999995 0.000471999 0.00309481 -0.000461677 0.999994 -0.00325483 -0.00309573 0.00325403 0.99999 -0.147228 0.204748 0.473357
FixedParameters: 0 0 0

#Transform 97
Transform: AffineTransform_float_3_3
Parameters: 0.999994 6.58105e-05 0.0034574 -5.18208e-05 0.999992 -0.00394463 -0.00345861 0.00394451 0.999986 -0.175916 0.230679 0.494493
FixedParameters: 0 0 0

#Transform 98
Transform: AffineTransform_float_3_3
Parameters: 0.999994 -2.25134e-05 0.0034769 3.86583e-05 0.999989 -0.00467001 -0.00347731 0.00467023 0.999983 -0.197992 0.233035 0.547985
FixedParameters: 0 0 0

#Transform 99
Transform: AffineTransform_float_3_3
Parameters: 0.999994 2.92505e-05 0.00345019 -1.43071e-05 0.999991 -0.00435034 -0.00344995 0.00434992 0.999984 -0.18323 0.254809 0.55457
FixedParameters: 0 0 0

#Transform 100
Transform: AffineTransform_float_3_3
Parameters: 0.999995 4.21004e-05 0.0029457 -2.98792e-05 0.999992 -0.00393098 -0.00294523 0.00393049 0.999988 -0.161233 0.251028 0.52307
FixedParameters: 0 0 0

#Transform 101
Transform: AffineTransform_float_3_3
Parameters: 0.999997 0.000299874 0.00249048 -0.000290698 0.999994 -0.00367546 -0.00249208 0.0036753 0.99999 -0.135655 0.242163 0.517272
FixedParameters: 0 0 0

#Transform 102
Transform: AffineTransform_float_3_3
Parameters: 0.999997 0.000325967 0.00248484 -0.000318189 0.999995 -0.00339486 -0.00248627 0.00339457 0.999991 -0.136377 0.212607 0.505783
FixedParameters: 0 0 0

#Transform 103
Transform: AffineTransform_float_3_3
Parameters: 0.999996 0.000177015 0.00290092 -0.000166456 0.999995 -0.00337148 -0.00290134 0.00337129 0.99999 -0.153292 0.212051 0.505092
FixedParameters: 0 0 0

#Transform 104
Transform: AffineTransform_float_3_3
Parameters: 0.999994 0.000254354 0.00331806 -0.000239981 0.999992 -0.00412705 -0.0033191 0.00412626 0.999986 -0.195557 0.215142 0.547493
FixedParameters: 0 0 0

#Transform 105
Transform: AffineTransform_float_3_3
Parameters: 0.999991 6.6539e-05 0.00429188 -4.45782e-05 0.999987 -0.00514004 -0.0042923 0.00513893 0.999977 -0.287591 0.230873 0.624943
FixedParameters: 0 0 0

#Transform 106
Transform: AffineTransform_float_3_3
Parameters: 0.999985 0.000112422 0.00539698 -8.07552e-05 0.999983 -0.00582338 -0.00539782 0.00582199 0.999968 -0.328799 0.278052 0.634765
FixedParameters: 0 0 0

#Transform 107
Transform: AffineTransform_float_3_3
Parameters: 0.999984 0.000152593 0.00567509 -0.000117031 0.99998 -0.00623131 -0.00567602 0.00622988 0.999964 -0.355887 0.285263 0.67843
FixedParameters: 0 0 0

#Transform 108
Transform: AffineTransform_float_3_3
Parameters: 0.999983 0.000254306 0.0058676 -0.000218926 0.999982 -0.00601551 -0.00586949 0.00601416 0.999964 -0.371057 0.289235 0.713757
FixedParameters: 0 0 0

#Transform 109
Transform: AffineTransform_float_3_3
Parameters: 0.999983 0.000321745 0.00579019 -0.000287271 0.999981 -0.00600362 -0.00579212 0.00600197 0.999965 -0.359477 0.309662 0.71621
FixedParameters: 0 0 0

#Transform 110
Transform: AffineTransform_float_3_3
Parameters: 0.999985 0.00019536 0.00543935 -0.00015979 0.999979 -0.00650288 -0.0054405 0.00650158 0.999964 -0.355507 0.317528 0.756636
FixedParameters: 0 0 0

#Transform 111
Transform: AffineTransform_float_3_3
Parameters: 0.999978 0.000211326 0.00666852 -0.000159188 0.999969 -0.00783736 -0.00667038 0.00783627 0.999947 -0.405228 0.328851 0.816849
FixedParameters: 0 0 0

#Transform 112
Transform: AffineTransform_float_3_3
Parameters: 0.999963 0.000213491 0.00862367 -0.000133325 0.999957 -0.00931027 -0.00862544 0.00930768 0.999919 -0.466022 0.396599 0.867976
FixedParameters: 0 0 0

#Transform 113
Transform: AffineTransform_float_3_3
Parameters: 0.999969 -2.21106e-06 0.0079606 6.55776e-05 0.999968 -0.00797323 -0.00796084 0.00797364 0.999936 -0.433335 0.3643 0.821586
FixedParameters: 0 0 0

#Transform 114
Transform: AffineTransform_float_3_3
Parameters: 0.999969 0.000300765 0.00792584 -0.000227731 0.999958 -0.00923913 -0.00792856 0.00923673 0.999926 -0.448801 0.380567 0.93135
FixedParameters: 0 0 0

#Transform 115
Transform: AffineTransform_float_3_3
Parameters: 0.999961 -0.000234162 0.00878949 0.000324431 0.999947 -0.0103223 -0.00878596 0.0103247 0.999908 -0.496946 0.416643 0.957634
FixedParameters: 0 0 0

#Transform 116
Transform: AffineTransform_float_3_3
Parameters: 0.999955 -0.000321795 0.00953856 0.000418191 0.999949 -0.0101 -0.00953485 0.0101042 0.999904 -0.529228 0.405802 0.940935
FixedParameters: 0 0 0

#Transform 117
Transform: AffineTransform_float_3_3
Parameters: 0.999929 2.68154e-05 0.0119276 0.000149169 0.999891 -0.0147067 -0.0119263 0.0147077 0.999821 -0.581821 0.517503 1.17945
FixedParameters: 0 0 0

#Transform 118
Transform: AffineTransform_float_3_3
Parameters: 0.99993 8.18285e-05 0.0118825 0.000119387 0.999857 -0.01691 -0.0118827 0.0169101 0.999786 -0.585189 0.588236 1.28369
FixedParameters: 0 0 0

#Transform 119
Transform: AffineTransform_float_3_3
Parameters: 0.999924 5.70987e-05 0.0123779 0.000166087 0.999838 -0.0179819 -0.012377 0.0179824 0.999762 -0.60131 0.590926 1.35704
FixedParameters: 0 0 0
