# transform file /out/sourcedata/freesurfer/sub-v2s15x29734_ses-1/mri/transforms/cc_up.lta
# created by oesteban on Wed Mar 11 09:33:11 2026

type      = 0 # LINEAR_VOX_TO_VOX
nxforms   = 1
mean      = 129.0000 121.0000 130.0000
sigma     = 10000.0000
1 4 4
9.954531192779541e-01 -3.296716883778572e-02 8.936610072851181e-02 -6.146274566650391e+00 
3.283511847257614e-02 9.994565248489380e-01 2.947749802842736e-03 2.448834609985352e+01 
-8.941470086574554e-02 -2.328306436538696e-10 9.959944486618042e-01 1.693776130676270e+01 
0.000000000000000e+00 0.000000000000000e+00 0.000000000000000e+00 1.000000000000000e+00 
src volume info
valid = 1  # volume info valid
filename = /out/sourcedata/freesurfer/sub-v2s15x29734_ses-1/mri/norm.mgz
volume = 256 256 256
voxelsize = 1.000000000000000e+00 1.000000000000000e+00 1.000000000000000e+00
xras   = -1.000000000000000e+00 0.000000000000000e+00 0.000000000000000e+00
yras   = 0.000000000000000e+00 0.000000000000000e+00 -1.000000000000000e+00
zras   = 0.000000000000000e+00 1.000000000000000e+00 0.000000000000000e+00
cras   = 6.653114318847656e+00 7.653289794921875e+00 1.068522644042969e+01
dst volume info
valid = 1  # volume info valid
filename = /out/sourcedata/freesurfer/sub-v2s15x29734_ses-1/mri/norm.mgz
volume = 256 256 256
voxelsize = 1.000000000000000e+00 1.000000000000000e+00 1.000000000000000e+00
xras   = -1.000000000000000e+00 0.000000000000000e+00 0.000000000000000e+00
yras   = 0.000000000000000e+00 0.000000000000000e+00 -1.000000000000000e+00
zras   = 0.000000000000000e+00 1.000000000000000e+00 0.000000000000000e+00
cras   = 6.653114318847656e+00 7.653289794921875e+00 1.068522644042969e+01
