# transform file /out/sourcedata/freesurfer/sub-v2s15x29730_ses-1/mri/transforms/cc_up.lta
# created by oesteban on Wed Mar 11 09:32:35 2026

type      = 0 # LINEAR_VOX_TO_VOX
nxforms   = 1
mean      = 128.0000 142.0000 123.0000
sigma     = 10000.0000
1 4 4
9.973861575126648e-01 2.412870153784752e-02 -6.810856610536575e-02 5.132782459259033e+00 
-2.407263964414597e-02 9.997088909149170e-01 1.643849653191864e-03 1.090640830993652e+01 
6.812839955091476e-02 1.164153357047226e-10 9.976766109466553e-01 6.610239028930664e+00 
0.000000000000000e+00 0.000000000000000e+00 0.000000000000000e+00 1.000000000000000e+00 
src volume info
valid = 1  # volume info valid
filename = /out/sourcedata/freesurfer/sub-v2s15x29730_ses-1/mri/norm.mgz
volume = 256 256 256
voxelsize = 1.000000000000000e+00 1.000000000000000e+00 1.000000000000000e+00
xras   = -1.000000000000000e+00 0.000000000000000e+00 0.000000000000000e+00
yras   = 3.725290298461914e-09 0.000000000000000e+00 -1.000000000000000e+00
zras   = 0.000000000000000e+00 1.000000000000000e+00 0.000000000000000e+00
cras   = -1.396680450439453e+01 1.007459259033203e+01 4.654228210449219e+00
dst volume info
valid = 1  # volume info valid
filename = /out/sourcedata/freesurfer/sub-v2s15x29730_ses-1/mri/norm.mgz
volume = 256 256 256
voxelsize = 1.000000000000000e+00 1.000000000000000e+00 1.000000000000000e+00
xras   = -1.000000000000000e+00 0.000000000000000e+00 0.000000000000000e+00
yras   = 3.725290298461914e-09 0.000000000000000e+00 -1.000000000000000e+00
zras   = 0.000000000000000e+00 1.000000000000000e+00 0.000000000000000e+00
cras   = -1.396680450439453e+01 1.007459259033203e+01 4.654228210449219e+00
