#Insight Transform File V1.0
#Transform 0
Transform: AffineTransform_float_3_3
Parameters: 0.999999 -0.000565833 0.00115018 0.00055887 0.999981 0.00613738 -0.00115349 -0.00613593 0.99998 -0.0405916 -0.273838 0.158476
FixedParameters: 0 0 0

#Transform 1
Transform: AffineTransform_float_3_3
Parameters: 0.999999 -0.000661465 0.000984736 0.000655342 0.99998 0.00638042 -0.000988395 -0.00637984 0.99998 -0.039313 -0.28392 0.156783
FixedParameters: 0 0 0

#Transform 2
Transform: AffineTransform_float_3_3
Parameters: 0.999999 -0.000652843 0.00105436 0.000646715 0.999983 0.00585729 -0.00105805 -0.00585715 0.999982 -0.02946 -0.24499 0.163373
FixedParameters: 0 0 0

#Transform 3
Transform: AffineTransform_float_3_3
Parameters: 0.999999 -0.000581664 0.0012349 0.000573213 0.999974 0.00718039 -0.0012394 -0.00717964 0.999973 -0.0354891 -0.324572 0.207209
FixedParameters: 0 0 0

#Transform 4
Transform: AffineTransform_float_3_3
Parameters: 0.999999 -0.000568036 0.00123051 0.000558799 0.999968 0.00799725 -0.00123524 -0.00799651 0.999967 -0.0361439 -0.296712 0.215829
FixedParameters: 0 0 0

#Transform 5
Transform: AffineTransform_float_3_3
Parameters: 0.999999 -0.000480229 0.00131388 0.00047035 0.999974 0.00719484 -0.0013179 -0.00719428 0.999973 -0.0394125 -0.264676 0.181768
FixedParameters: 0 0 0

#Transform 6
Transform: AffineTransform_float_3_3
Parameters: 0.999999 -0.000587219 0.00123668 0.000579589 0.999977 0.00684746 -0.00124081 -0.00684669 0.999976 -0.0534948 -0.278319 0.172315
FixedParameters: 0 0 0

#Transform 7
Transform: AffineTransform_float_3_3
Parameters: 0.999999 -0.000596487 0.00123969 0.000589011 0.99998 0.00629154 -0.00124385 -0.00629077 0.999979 -0.0446784 -0.258518 0.170757
FixedParameters: 0 0 0

#Transform 8
Transform: AffineTransform_float_3_3
Parameters: 0.999999 -0.000589503 0.00123742 0.000581249 0.999977 0.00671047 -0.00124113 -0.00670971 0.999977 -0.0373966 -0.235774 0.182607
FixedParameters: 0 0 0

#Transform 9
Transform: AffineTransform_float_3_3
Parameters: 0.999999 -0.000609697 0.00117051 0.00060244 0.999978 0.00655947 -0.00117523 -0.00655875 0.999978 -0.0513997 -0.244402 0.188753
FixedParameters: 0 0 0

#Transform 10
Transform: AffineTransform_float_3_3
Parameters: 0.999999 -0.000541011 0.00122489 0.000532945 0.999978 0.00660045 -0.00122875 -0.00659983 0.999977 -0.0478624 -0.252406 0.190512
FixedParameters: 0 0 0

#Transform 11
Transform: AffineTransform_float_3_3
Parameters: 0.999999 -0.000565208 0.00129673 0.000555838 0.999973 0.00719946 -0.00130102 -0.00719955 0.999973 -0.044303 -0.265201 0.208528
FixedParameters: 0 0 0

#Transform 12
Transform: AffineTransform_float_3_3
Parameters: 0.999999 -0.00061157 0.00153183 0.000597114 0.99995 0.00998439 -0.0015377 -0.00998344 0.99995 -0.0486128 -0.343816 0.28435
FixedParameters: 0 0 0

#Transform 13
Transform: AffineTransform_float_3_3
Parameters: 0.999999 -0.000471248 0.00136984 0.000461027 0.99997 0.00780609 -0.00137403 -0.00780546 0.999969 -0.0432273 -0.260485 0.210544
FixedParameters: 0 0 0

#Transform 14
Transform: AffineTransform_float_3_3
Parameters: 1 -8.99528e-05 0.000464954 8.32739e-05 0.999916 0.0129042 -0.000466635 -0.0129048 0.999917 -0.0252591 -0.455858 0.350745
FixedParameters: 0 0 0

#Transform 15
Transform: AffineTransform_float_3_3
Parameters: 0.999999 -0.000591845 0.000523691 0.000589727 0.999989 0.00450221 -0.00052699 -0.00450154 0.999989 -0.0018284 -0.0650601 0.118386
FixedParameters: 0 0 0

#Transform 16
Transform: AffineTransform_float_3_3
Parameters: 1 0.000322441 -0.000582494 -0.00032405 0.999997 -0.0024098 0.000581535 0.0024102 0.999997 0.0354702 0.158827 -0.096451
FixedParameters: 0 0 0

#Transform 17
Transform: AffineTransform_float_3_3
Parameters: 1 2.68371e-05 -0.000502129 -2.72659e-05 1 -0.000426954 0.000502106 0.000426982 1 0.0160111 0.0464697 -0.0479073
FixedParameters: 0 0 0

#Transform 18
Transform: AffineTransform_float_3_3
Parameters: 1 -8.88204e-05 -0.000471072 8.86294e-05 1 -0.000202749 0.000471108 0.000202665 1 0.00510912 0.0206996 -0.000127542
FixedParameters: 0 0 0

#Transform 19
Transform: AffineTransform_float_3_3
Parameters: 1 -4.66356e-05 -0.000193526 4.64714e-05 1 -0.000424177 0.000193566 0.000424159 1 0.0177958 0.0288194 -0.000514492
FixedParameters: 0 0 0

#Transform 20
Transform: AffineTransform_float_3_3
Parameters: 1 1.91445e-05 -0.000207063 -1.943e-05 1 -0.000689454 0.000207037 0.000689462 0.999999 -0.004912 0.0172565 -0.0115392
FixedParameters: 0 0 0

#Transform 21
Transform: AffineTransform_float_3_3
Parameters: 1 -0.000100039 0.000119004 0.000100135 1 -0.000401693 -0.000118924 0.000401717 1 -0.0191819 0.016051 0.0288878
FixedParameters: 0 0 0

#Transform 22
Transform: AffineTransform_float_3_3
Parameters: 1 -8.12969e-05 0.000230871 8.11526e-05 1 0.000312636 -0.000230922 -0.000312598 1 -0.00910134 0.0116027 0.025334
FixedParameters: 0 0 0

#Transform 23
Transform: AffineTransform_float_3_3
Parameters: 1 -0.000294069 3.32344e-05 0.000294064 1 7.54495e-05 -3.32788e-05 -7.54299e-05 1 -0.00823909 0.0335925 0.0197695
FixedParameters: 0 0 0

#Transform 24
Transform: AffineTransform_float_3_3
Parameters: 1 -2.15676e-05 0.000571994 2.09873e-05 1 0.000507226 -0.000572016 -0.000507202 0.999999 -0.0180736 0.000297566 0.0290456
FixedParameters: 0 0 0

#Transform 25
Transform: AffineTransform_float_3_3
Parameters: 1 -0.000133161 0.000601832 0.000132516 1 0.00053544 -0.000601974 -0.00053528 0.999999 -0.0327291 0.00389638 0.0188144
FixedParameters: 0 0 0

#Transform 26
Transform: AffineTransform_float_3_3
Parameters: 1 -0.000139444 0.000603622 0.000139236 1 0.000172507 -0.00060367 -0.000172339 1 -0.035748 0.0125373 0.0300647
FixedParameters: 0 0 0

#Transform 27
Transform: AffineTransform_float_3_3
Parameters: 0.999999 -0.00010674 0.000702429 0.000106025 1 0.000509439 -0.000702537 -0.00050929 0.999999 -0.0290625 0.0159465 0.0253681
FixedParameters: 0 0 0

#Transform 28
Transform: AffineTransform_float_3_3
Parameters: 0.999999 -5.44046e-05 0.000890233 5.32833e-05 1 0.000624643 -0.000890336 -0.000624047 1 -0.0523159 0.0197226 0.0355168
FixedParameters: 0 0 0

#Transform 29
Transform: AffineTransform_float_3_3
Parameters: 1 -0.000411928 0.00103411 0.000409995 0.999997 0.0025793 -0.00103519 -0.00257925 0.999997 -0.032732 -0.095222 0.0903812
FixedParameters: 0 0 0

#Transform 30
Transform: AffineTransform_float_3_3
Parameters: 1 -0.000165162 0.00103107 0.000163418 0.999998 0.00191148 -0.00103129 -0.00191196 0.999998 -0.029289 0.0118726 0.060848
FixedParameters: 0 0 0

#Transform 31
Transform: AffineTransform_float_3_3
Parameters: 0.999999 -0.000271699 0.00125389 0.000268977 0.999998 0.00195788 -0.00125458 -0.00195752 0.999998 -0.0462886 -0.0430197 0.0707662
FixedParameters: 0 0 0

#Transform 32
Transform: AffineTransform_float_3_3
Parameters: 1 -0.000229671 0.00115157 0.000226967 0.999997 0.00212358 -0.00115217 -0.00212338 0.999997 -0.0365983 -0.0527412 0.0835524
FixedParameters: 0 0 0

#Transform 33
Transform: AffineTransform_float_3_3
Parameters: 1 -0.000196149 0.00111185 0.000194546 0.999999 0.00170137 -0.0011121 -0.00170089 0.999998 -0.0455085 0.013787 0.078996
FixedParameters: 0 0 0

#Transform 34
Transform: AffineTransform_float_3_3
Parameters: 1 -0.00018207 0.0011609 0.000180175 0.999999 0.00164333 -0.00116205 -0.00164288 0.999998 -0.0440634 -0.0122757 0.0949508
FixedParameters: 0 0 0

#Transform 35
Transform: AffineTransform_float_3_3
Parameters: 0.999999 -0.000186712 0.00140217 0.000184048 0.999999 0.00172763 -0.0014024 -0.00172707 0.999997 -0.0584171 -0.029016 0.0742426
FixedParameters: 0 0 0

#Transform 36
Transform: AffineTransform_float_3_3
Parameters: 0.999999 -9.63581e-05 0.00132022 9.42261e-05 0.999998 0.00163372 -0.00132012 -0.00163293 0.999998 -0.0522075 0.0149718 0.0759473
FixedParameters: 0 0 0

#Transform 37
Transform: AffineTransform_float_3_3
Parameters: 0.999999 8.13366e-05 0.00133086 -8.37543e-05 0.999998 0.00163035 -0.00133114 -0.00163003 0.999997 -0.060708 0.0061121 0.0760032
FixedParameters: 0 0 0

#Transform 38
Transform: AffineTransform_float_3_3
Parameters: 0.999999 6.07845e-05 0.00124107 -6.31133e-05 0.999999 0.0018171 -0.00124044 -0.00181721 0.999997 -0.0597974 -0.0240936 0.0640116
FixedParameters: 0 0 0

#Transform 39
Transform: AffineTransform_float_3_3
Parameters: 0.999999 8.30616e-05 0.00133037 -8.57543e-05 0.999999 0.00173408 -0.00133063 -0.00173427 0.999997 -0.058783 -0.0210922 0.0505631
FixedParameters: 0 0 0

#Transform 40
Transform: AffineTransform_float_3_3
Parameters: 0.999999 -1.03082e-05 0.00135523 7.88442e-06 0.999998 0.00169924 -0.00135485 -0.00169868 0.999997 -0.0706908 0.0137167 0.0228806
FixedParameters: 0 0 0

#Transform 41
Transform: AffineTransform_float_3_3
Parameters: 0.999999 0.00011942 0.00149466 -0.000121436 0.999999 0.00131733 -0.00149489 -0.00131716 0.999998 -0.0734291 0.0191588 0.0332305
FixedParameters: 0 0 0

#Transform 42
Transform: AffineTransform_float_3_3
Parameters: 0.999999 7.93461e-05 0.00133142 -8.14461e-05 0.999999 0.00151037 -0.00133173 -0.00151005 0.999998 -0.0699031 -0.0148136 0.0344918
FixedParameters: 0 0 0

#Transform 43
Transform: AffineTransform_float_3_3
Parameters: 0.999999 0.00022495 0.00174429 -0.000231348 0.999993 0.00355812 -0.00174348 -0.00355867 0.999992 -0.0681535 -0.0515654 0.134561
FixedParameters: 0 0 0

#Transform 44
Transform: AffineTransform_float_3_3
Parameters: 0.999999 0.000115733 0.0013211 -0.000120479 0.999993 0.00370307 -0.00132081 -0.00370366 0.999993 -0.0554682 -0.0417564 0.128751
FixedParameters: 0 0 0

#Transform 45
Transform: AffineTransform_float_3_3
Parameters: 0.999999 0.000153823 0.00151815 -0.000158582 0.999996 0.00291304 -0.00151745 -0.00291294 0.999994 -0.0620799 -0.0501862 0.102947
FixedParameters: 0 0 0

#Transform 46
Transform: AffineTransform_float_3_3
Parameters: 0.999998 0.000184655 0.00159774 -0.000190708 0.999994 0.0034689 -0.00159698 -0.00346891 0.999992 -0.0676368 0.000735292 0.145413
FixedParameters: 0 0 0

#Transform 47
Transform: AffineTransform_float_3_3
Parameters: 0.999999 0.000454584 0.000848441 -0.000462405 0.999966 0.00825918 -0.000844897 -0.00825936 0.999966 -0.0457806 -0.190471 0.267699
FixedParameters: 0 0 0

#Transform 48
Transform: AffineTransform_float_3_3
Parameters: 1 0.000568495 0.000989929 -0.000573961 0.999985 0.00549319 -0.000986708 -0.00549373 0.999985 -0.0590392 -0.0919892 0.171357
FixedParameters: 0 0 0

#Transform 49
Transform: AffineTransform_float_3_3
Parameters: 0.999999 0.000778005 0.000726217 -0.00078192 0.999984 0.00557693 -0.000721314 -0.005578 0.999984 -0.0560834 -0.119993 0.191566
FixedParameters: 0 0 0

#Transform 50
Transform: AffineTransform_float_3_3
Parameters: 1 0.000771339 0.000652412 -0.000775123 0.999986 0.00536665 -0.000647575 -0.00536674 0.999985 -0.0488384 -0.079044 0.207348
FixedParameters: 0 0 0

#Transform 51
Transform: AffineTransform_float_3_3
Parameters: 0.999999 0.000687384 0.000651502 -0.000690645 0.999987 0.00497439 -0.000648074 -0.00497388 0.999987 -0.0591771 -0.0764576 0.208138
FixedParameters: 0 0 0

#Transform 52
Transform: AffineTransform_float_3_3
Parameters: 1 0.000513184 -0.000272914 -0.000514331 0.999996 -0.00298612 0.000271633 0.00298592 0.999995 -0.0218283 0.0581902 -0.177682
FixedParameters: 0 0 0

#Transform 53
Transform: AffineTransform_float_3_3
Parameters: 1 0.000465528 0.00044277 -0.000465053 0.999999 0.000554688 -0.000442512 -0.000555084 0.999999 -0.0570378 0.135227 0.0723735
FixedParameters: 0 0 0

#Transform 54
Transform: AffineTransform_float_3_3
Parameters: 1 0.000462753 0.000272549 -0.000462824 1 0.000129915 -0.000272429 -0.000130167 1 -0.0645551 0.0727325 0.0604613
FixedParameters: 0 0 0

#Transform 55
Transform: AffineTransform_float_3_3
Parameters: 1 0.00047122 0.000270385 -0.000471432 1 0.000390795 -0.000270017 -0.000391049 1 -0.0589544 0.0945775 0.0370398
FixedParameters: 0 0 0

#Transform 56
Transform: AffineTransform_float_3_3
Parameters: 0.999999 0.000599631 0.000440909 -0.000599826 1 0.000221148 -0.000440643 -0.000221676 1 -0.0674745 0.0899557 0.0418722
FixedParameters: 0 0 0

#Transform 57
Transform: AffineTransform_float_3_3
Parameters: 0.999999 0.000704675 0.000207833 -0.000704784 0.999999 0.000261273 -0.000207465 -0.000261565 1 -0.0598674 0.0688544 0.0597518
FixedParameters: 0 0 0

#Transform 58
Transform: AffineTransform_float_3_3
Parameters: 0.999999 0.000547804 0.000460104 -0.000548314 0.999999 0.000554234 -0.000459496 -0.000554738 0.999999 -0.0615006 0.0610906 0.0683581
FixedParameters: 0 0 0

#Transform 59
Transform: AffineTransform_float_3_3
Parameters: 1 0.000501217 0.000262454 -0.000500572 0.999999 0.000612269 -0.000262099 -0.000612516 1 -0.0647555 0.0799725 0.061053
FixedParameters: 0 0 0

#Transform 60
Transform: AffineTransform_float_3_3
Parameters: 0.999999 0.000792995 0.000531048 -0.000793376 0.999999 0.000357981 -0.00053048 -0.000358823 1 -0.0729626 0.0857411 0.0651137
FixedParameters: 0 0 0

#Transform 61
Transform: AffineTransform_float_3_3
Parameters: 1 0.000423093 0.000403451 -0.000423682 0.999999 0.000730306 -0.000402832 -0.000730647 0.999999 -0.0844772 0.0809684 0.0596137
FixedParameters: 0 0 0

#Transform 62
Transform: AffineTransform_float_3_3
Parameters: 0.999999 0.000899448 -0.000272416 -0.000898675 0.999985 0.0052837 0.000277812 -0.00528326 0.999986 -0.0395638 -0.105395 0.324394
FixedParameters: 0 0 0

#Transform 63
Transform: AffineTransform_float_3_3
Parameters: 1 0.000487577 0.00015152 -0.000488405 0.999992 0.00397659 -0.000150115 -0.00397674 0.999992 -0.0627142 0.0690925 0.193751
FixedParameters: 0 0 0

#Transform 64
Transform: AffineTransform_float_3_3
Parameters: 1 0.000458064 0.000527505 -0.000460749 0.999991 0.00406576 -0.000525539 -0.00406623 0.999991 -0.0842303 -0.0165551 0.178806
FixedParameters: 0 0 0

#Transform 65
Transform: AffineTransform_float_3_3
Parameters: 0.999999 0.000420336 0.000662547 -0.000422942 0.999993 0.00390304 -0.000661283 -0.00390356 0.999992 -0.0777331 -0.0174366 0.16408
FixedParameters: 0 0 0

#Transform 66
Transform: AffineTransform_float_3_3
Parameters: 0.999999 0.000466434 0.000593422 -0.000469069 0.999994 0.00357782 -0.000591808 -0.00357835 0.999994 -0.0831474 -0.0134248 0.166999
FixedParameters: 0 0 0

#Transform 67
Transform: AffineTransform_float_3_3
Parameters: 0.999999 0.000461924 0.000584254 -0.000464353 0.999994 0.00346484 -0.000582743 -0.00346536 0.999994 -0.0830344 -0.00772069 0.174347
FixedParameters: 0 0 0

#Transform 68
Transform: AffineTransform_float_3_3
Parameters: 0.999999 0.000478913 0.000647003 -0.000481804 0.999994 0.0034868 -0.000645351 -0.0034874 0.999993 -0.0830776 -0.0191558 0.170197
FixedParameters: 0 0 0

#Transform 69
Transform: AffineTransform_float_3_3
Parameters: 0.999999 0.000305418 0.000692842 -0.000308261 0.999994 0.00340722 -0.000691483 -0.00340761 0.999994 -0.0899079 -0.0082815 0.168239
FixedParameters: 0 0 0

#Transform 70
Transform: AffineTransform_float_3_3
Parameters: 0.999999 0.000292612 0.00069622 -0.000294416 0.999995 0.00333748 -0.000695252 -0.00333784 0.999994 -0.0909342 -0.000145563 0.148492
FixedParameters: 0 0 0

#Transform 71
Transform: AffineTransform_float_3_3
Parameters: 0.999999 0.000477738 0.000647293 -0.000480544 0.999994 0.00341881 -0.000645714 -0.00341941 0.999994 -0.089967 -0.00317744 0.159142
FixedParameters: 0 0 0

#Transform 72
Transform: AffineTransform_float_3_3
Parameters: 0.999999 0.000477306 0.0006474 -0.000480099 0.999995 0.00339475 -0.000645843 -0.00339448 0.999994 -0.0830186 0.00820041 0.171249
FixedParameters: 0 0 0

#Transform 73
Transform: AffineTransform_float_3_3
Parameters: 0.999999 0.000478205 0.000647178 -0.000481044 0.999994 0.0034458 -0.00064557 -0.0034464 0.999994 -0.0798037 -0.0080883 0.170434
FixedParameters: 0 0 0

#Transform 74
Transform: AffineTransform_float_3_3
Parameters: 0.999999 0.000408485 0.000665578 -0.000410332 0.999995 0.00332818 -0.000664809 -0.00332869 0.999994 -0.0925917 -0.00369829 0.171812
FixedParameters: 0 0 0

#Transform 75
Transform: AffineTransform_float_3_3
Parameters: 0.999999 0.000410519 0.000860558 -0.000413872 0.999994 0.003449 -0.000859671 -0.00344967 0.999993 -0.0945142 -0.00879486 0.163135
FixedParameters: 0 0 0

#Transform 76
Transform: AffineTransform_float_3_3
Parameters: 0.999999 0.00047798 0.000647233 -0.000480803 0.999994 0.00343281 -0.000645639 -0.00343341 0.999994 -0.0903941 -0.00913257 0.16489
FixedParameters: 0 0 0

#Transform 77
Transform: AffineTransform_float_3_3
Parameters: 0.999999 0.0005205 0.000810786 -0.000523436 0.999994 0.00339465 -0.000809194 -0.00339459 0.999994 -0.088898 0.0103839 0.165848
FixedParameters: 0 0 0

#Transform 78
Transform: AffineTransform_float_3_3
Parameters: 0.999999 0.000496307 0.000725099 -0.000498522 0.999994 0.00331004 -0.000723762 -0.00331023 0.999994 -0.0869019 0.0165071 0.16728
FixedParameters: 0 0 0

#Transform 79
Transform: AffineTransform_float_3_3
Parameters: 0.999999 0.000478878 0.000647011 -0.000481767 0.999994 0.0034848 -0.000645361 -0.0034854 0.999993 -0.0855978 -0.000658494 0.168908
FixedParameters: 0 0 0

#Transform 80
Transform: AffineTransform_float_3_3
Parameters: 0.999999 0.000451645 0.000837272 -0.000454546 0.999994 0.00343213 -0.000835153 -0.00343284 0.999994 -0.0950978 0.00491603 0.192163
FixedParameters: 0 0 0

#Transform 81
Transform: AffineTransform_float_3_3
Parameters: 0.999999 0.000492029 0.000702468 -0.000493981 0.999994 0.00340373 -0.000700098 -0.00340351 0.999994 -0.0859782 0.0182651 0.17726
FixedParameters: 0 0 0

#Transform 82
Transform: AffineTransform_float_3_3
Parameters: 0.999999 0.000483765 0.00064579 -0.000486054 0.999993 0.00376776 -0.000644128 -0.00376835 0.999992 -0.0728718 -0.0152611 0.205489
FixedParameters: 0 0 0

#Transform 83
Transform: AffineTransform_float_3_3
Parameters: 0.999999 0.000498222 0.000722567 -0.000500642 0.999994 0.0034517 -0.000721071 -0.00345152 0.999993 -0.0805162 0.0663785 0.187547
FixedParameters: 0 0 0

#Transform 84
Transform: AffineTransform_float_3_3
Parameters: 0.999999 0.000479552 0.000646845 -0.000481525 0.999993 0.00352381 -0.000645415 -0.00352439 0.999993 -0.0898575 -0.000250683 0.186833
FixedParameters: 0 0 0

#Transform 85
Transform: AffineTransform_float_3_3
Parameters: 0.999999 0.000478049 0.000647216 -0.000480877 0.999994 0.00343681 -0.000645618 -0.0034374 0.999994 -0.0855449 0.00296961 0.187179
FixedParameters: 0 0 0

#Transform 86
Transform: AffineTransform_float_3_3
Parameters: 1 0.000495343 0.000989182 -0.000499822 0.999993 0.00357122 -0.000987584 -0.00357167 0.999993 -0.0976912 0.0319157 0.209813
FixedParameters: 0 0 0

#Transform 87
Transform: AffineTransform_float_3_3
Parameters: 1 0.00038537 0.000897238 -0.000388189 0.999993 0.0036947 -0.00089563 -0.00369533 0.999993 -0.0957124 0.0254754 0.218262
FixedParameters: 0 0 0

#Transform 88
Transform: AffineTransform_float_3_3
Parameters: 0.999999 0.000523153 0.000792591 -0.00052635 0.999992 0.00380291 -0.000789662 -0.00380319 0.999993 -0.0886322 0.0157005 0.224686
FixedParameters: 0 0 0

#Transform 89
Transform: AffineTransform_float_3_3
Parameters: 0.999999 0.000455161 0.000813664 -0.000457992 0.999993 0.00391005 -0.00081238 -0.00391074 0.999992 -0.0945815 0.0151253 0.224066
FixedParameters: 0 0 0

#Transform 90
Transform: AffineTransform_float_3_3
Parameters: 0.999999 0.000409646 0.000665426 -0.000412726 0.999991 0.0042363 -0.000664006 -0.00423681 0.999991 -0.0847468 0.00239467 0.222928
FixedParameters: 0 0 0

#Transform 91
Transform: AffineTransform_float_3_3
Parameters: 0.999999 0.000544605 0.000875865 -0.000547419 0.999993 0.00377387 -0.000873065 -0.00377426 0.999993 -0.100471 0.0209886 0.224736
FixedParameters: 0 0 0

#Transform 92
Transform: AffineTransform_float_3_3
Parameters: 1 0.000571453 0.000970189 -0.000575459 0.999993 0.00388245 -0.000967982 -0.00388264 0.999992 -0.105272 0.0156612 0.224962
FixedParameters: 0 0 0

#Transform 93
Transform: AffineTransform_float_3_3
Parameters: 1 0.000578362 0.000988036 -0.000582757 0.999992 0.00400466 -0.000985669 -0.00400439 0.999992 -0.104375 0.0064793 0.235463
FixedParameters: 0 0 0

#Transform 94
Transform: AffineTransform_float_3_3
Parameters: 1 0.000567822 0.000943265 -0.00057197 0.999991 0.00407375 -0.000940908 -0.00407427 0.999991 -0.10147 0.0103037 0.225321
FixedParameters: 0 0 0

#Transform 95
Transform: AffineTransform_float_3_3
Parameters: 0.999999 0.000500296 0.000693189 -0.000503254 0.999992 0.00398669 -0.000691216 -0.00398735 0.999992 -0.089546 0.0225419 0.234195
FixedParameters: 0 0 0

#Transform 96
Transform: AffineTransform_float_3_3
Parameters: 0.999999 0.000450801 0.000896548 -0.000454631 0.999991 0.00423273 -0.000894104 -0.00423211 0.999991 -0.0978691 0.00758433 0.243296
FixedParameters: 0 0 0

#Transform 97
Transform: AffineTransform_float_3_3
Parameters: 1 0.000468382 0.000997471 -0.000472798 0.99999 0.00459171 -0.000994801 -0.00459257 0.999989 -0.103423 -0.00493711 0.243223
FixedParameters: 0 0 0

#Transform 98
Transform: AffineTransform_float_3_3
Parameters: 1 0.000503983 0.00103561 -0.000508275 0.999991 0.00423233 -0.0010339 -0.00423194 0.999991 -0.107706 0.00993896 0.251343
FixedParameters: 0 0 0

#Transform 99
Transform: AffineTransform_float_3_3
Parameters: 0.999999 0.000724316 0.000724976 -0.000727988 0.999981 0.0060532 -0.000720344 -0.00605281 0.999981 -0.0761956 -0.0655482 0.419016
FixedParameters: 0 0 0

#Transform 100
Transform: AffineTransform_float_3_3
Parameters: 0.999999 0.000555397 0.000754292 -0.00055901 0.999989 0.0045362 -0.000752592 -0.00453563 0.999989 -0.0726798 0.0668737 0.393797
FixedParameters: 0 0 0

#Transform 101
Transform: AffineTransform_float_3_3
Parameters: 1 0.000761204 0.00085602 -0.000764616 0.999992 0.00391348 -0.000853264 -0.00391474 0.999992 -0.0753838 0.0540264 0.379998
FixedParameters: 0 0 0

#Transform 102
Transform: AffineTransform_float_3_3
Parameters: 0.999999 0.000544273 0.000526699 -0.000546708 0.999989 0.00471222 -0.000523689 -0.00471189 0.999988 -0.0635552 0.0350323 0.383238
FixedParameters: 0 0 0

#Transform 103
Transform: AffineTransform_float_3_3
Parameters: 1 0.000431138 0.000556449 -0.000433861 0.999989 0.00471444 -0.000554502 -0.00471402 0.999988 -0.0625115 0.0222774 0.401103
FixedParameters: 0 0 0

#Transform 104
Transform: AffineTransform_float_3_3
Parameters: 1 0.000557769 0.000967884 -0.000562447 0.999986 0.00521901 -0.000965021 -0.00522 0.999986 -0.0808346 0.0139043 0.398468
FixedParameters: 0 0 0

#Transform 105
Transform: AffineTransform_float_3_3
Parameters: 0.999999 0.000311511 0.000833988 -0.000315592 0.999986 0.00526607 -0.000832481 -0.00526651 0.999986 -0.0763717 -0.00514506 0.391833
FixedParameters: 0 0 0

#Transform 106
Transform: AffineTransform_float_3_3
Parameters: 0.999999 0.000245581 0.000895707 -0.000251004 0.999984 0.00563963 -0.000894773 -0.00564 0.999983 -0.0832974 -0.0318859 0.393612
FixedParameters: 0 0 0

#Transform 107
Transform: AffineTransform_float_3_3
Parameters: 1 0.000570267 0.00108563 -0.000576137 0.999984 0.00563459 -0.00108252 -0.00563523 0.999984 -0.101423 0.00072705 0.400244
FixedParameters: 0 0 0

#Transform 108
Transform: AffineTransform_float_3_3
Parameters: 1 0.000659819 0.000923557 -0.000664506 0.999985 0.00533016 -0.000920483 -0.0053308 0.999986 -0.0979765 -0.000653278 0.378757
FixedParameters: 0 0 0

#Transform 109
Transform: AffineTransform_float_3_3
Parameters: 1 0.000475065 0.000972073 -0.000480098 0.999983 0.00584688 -0.00096987 -0.00584634 0.999983 -0.0957441 -0.0158804 0.401763
FixedParameters: 0 0 0

#Transform 110
Transform: AffineTransform_float_3_3
Parameters: 0.999999 0.000576861 0.000945468 -0.000583276 0.999982 0.00608661 -0.000942566 -0.00608677 0.999981 -0.0936782 -0.0209396 0.470656
FixedParameters: 0 0 0

#Transform 111
Transform: AffineTransform_float_3_3
Parameters: 0.999999 0.000593081 0.000686655 -0.000596822 0.999987 0.00507912 -0.000684042 -0.00507989 0.999987 -0.0716039 0.040864 0.496105
FixedParameters: 0 0 0

#Transform 112
Transform: AffineTransform_float_3_3
Parameters: 0.999999 0.000767512 0.000481434 -0.000770048 0.999988 0.00473224 -0.00047826 -0.00473246 0.999989 -0.0720029 0.0298068 0.450133
FixedParameters: 0 0 0

#Transform 113
Transform: AffineTransform_float_3_3
Parameters: 0.999999 0.000564324 0.000604139 -0.000566747 0.999989 0.00469425 -0.000602189 -0.00469489 0.999989 -0.0828152 0.0332057 0.435889
FixedParameters: 0 0 0

#Transform 114
Transform: AffineTransform_float_3_3
Parameters: 0.999999 0.000555483 0.000550706 -0.000557487 0.999987 0.00497743 -0.000547628 -0.00497662 0.999988 -0.0813717 0.0403948 0.439519
FixedParameters: 0 0 0

#Transform 115
Transform: AffineTransform_float_3_3
Parameters: 0.999999 0.000825636 0.000618644 -0.000828655 0.999984 0.00559655 -0.000614143 -0.00559666 0.999984 -0.0996396 0.0212529 0.42741
FixedParameters: 0 0 0

#Transform 116
Transform: AffineTransform_float_3_3
Parameters: 1 0.00094814 0.000634898 -0.000950833 0.999986 0.00522128 -0.000629633 -0.00522157 0.999986 -0.104667 0.0274866 0.426846
FixedParameters: 0 0 0

#Transform 117
Transform: AffineTransform_float_3_3
Parameters: 1 0.00100714 0.000460173 -0.00101015 0.999986 0.00518657 -0.000454812 -0.00518748 0.999987 -0.10152 0.0120749 0.432261
FixedParameters: 0 0 0

#Transform 118
Transform: AffineTransform_float_3_3
Parameters: 1 0.000945142 0.000605085 -0.000948536 0.999982 0.00582331 -0.000599781 -0.00582355 0.999982 -0.0980098 0.00494426 0.43668
FixedParameters: 0 0 0

#Transform 119
Transform: AffineTransform_float_3_3
Parameters: 1 0.00102809 0.000717645 -0.00103261 0.999983 0.00569442 -0.000711633 -0.00569449 0.999984 -0.108221 0.0157109 0.43652
FixedParameters: 0 0 0
