# transform file /out/sourcedata/freesurfer/sub-v2s15x29728_ses-1/mri/transforms/cc_up.lta
# created by oesteban on Wed Mar 11 08:58:56 2026

type      = 0 # LINEAR_VOX_TO_VOX
nxforms   = 1
mean      = 130.0000 137.0000 120.0000
sigma     = 10000.0000
1 4 4
9.973375201225281e-01 1.027458067983389e-02 7.219728082418442e-02 -1.070495319366455e+01 
-1.024776510894299e-02 9.999473094940186e-01 -7.418359746225178e-04 1.441913223266602e+01 
-7.220108807086945e-02 0.000000000000000e+00 9.973900914192200e-01 2.867061996459961e+01 
0.000000000000000e+00 0.000000000000000e+00 0.000000000000000e+00 1.000000000000000e+00 
src volume info
valid = 1  # volume info valid
filename = /out/sourcedata/freesurfer/sub-v2s15x29728_ses-1/mri/norm.mgz
volume = 256 256 256
voxelsize = 1.000000000000000e+00 1.000000000000000e+00 1.000000000000000e+00
xras   = -1.000000000000000e+00 0.000000000000000e+00 0.000000000000000e+00
yras   = 0.000000000000000e+00 0.000000000000000e+00 -1.000000000000000e+00
zras   = 0.000000000000000e+00 1.000000000000000e+00 0.000000000000000e+00
cras   = -7.269401550292969e+00 1.854916381835938e+01 2.097578430175781e+01
dst volume info
valid = 1  # volume info valid
filename = /out/sourcedata/freesurfer/sub-v2s15x29728_ses-1/mri/norm.mgz
volume = 256 256 256
voxelsize = 1.000000000000000e+00 1.000000000000000e+00 1.000000000000000e+00
xras   = -1.000000000000000e+00 0.000000000000000e+00 0.000000000000000e+00
yras   = 0.000000000000000e+00 0.000000000000000e+00 -1.000000000000000e+00
zras   = 0.000000000000000e+00 1.000000000000000e+00 0.000000000000000e+00
cras   = -7.269401550292969e+00 1.854916381835938e+01 2.097578430175781e+01
