#Insight Transform File V1.0
#Transform 0
Transform: AffineTransform_float_3_3
Parameters: 1 0.000490877 -4.2069e-05 -0.000490937 0.999999 -0.000720436 4.13616e-05 0.000720477 0.999999 0.0437368 -0.308101 -0.0649073
FixedParameters: 0 0 0

#Transform 1
Transform: AffineTransform_float_3_3
Parameters: 1 1.47955e-05 0.000339659 -1.49315e-05 0.999999 -0.00125937 -0.000339512 0.00125929 0.999999 0.0693145 -0.37965 -0.0788519
FixedParameters: 0 0 0

#Transform 2
Transform: AffineTransform_float_3_3
Parameters: 1 8.18535e-05 -0.000545638 -8.32325e-05 0.999999 -0.00151306 0.000546183 0.0015132 0.999998 0.0582963 -0.323238 -0.060106
FixedParameters: 0 0 0

#Transform 3
Transform: AffineTransform_float_3_3
Parameters: 1 -9.0974e-05 8.94396e-05 9.13044e-05 0.999995 -0.0029225 -8.94672e-05 0.00292251 0.999995 0.09265 -0.330096 -0.0628542
FixedParameters: 0 0 0

#Transform 4
Transform: AffineTransform_float_3_3
Parameters: 1 4.5262e-05 -0.000150067 -4.54771e-05 0.999998 -0.00162326 0.000150715 0.00162332 0.999998 0.0940769 -0.365721 -0.0669639
FixedParameters: 0 0 0

#Transform 5
Transform: AffineTransform_float_3_3
Parameters: 1 -0.000126821 5.42226e-05 0.000126901 1 -0.00118806 -5.40612e-05 0.00118807 1 0.0636226 -0.312294 -0.103476
FixedParameters: 0 0 0

#Transform 6
Transform: AffineTransform_float_3_3
Parameters: 1 -0.000222741 -0.00032838 0.000222259 0.999999 -0.000733397 0.000328706 0.00073325 0.999999 0.0420066 -0.247855 -0.10461
FixedParameters: 0 0 0

#Transform 7
Transform: AffineTransform_float_3_3
Parameters: 1 -0.000309905 -0.000321572 0.000309552 0.999998 -0.00186423 0.000322123 0.00186409 0.999998 0.0420293 -0.324331 -0.117398
FixedParameters: 0 0 0

#Transform 8
Transform: AffineTransform_float_3_3
Parameters: 1 9.17328e-05 -0.000980053 -9.4196e-05 0.999997 -0.00237041 0.000979596 0.00236996 0.999997 0.0387008 -0.316906 -0.100614
FixedParameters: 0 0 0

#Transform 9
Transform: AffineTransform_float_3_3
Parameters: 1 0.000178118 -0.000954005 -0.000178782 1 -0.000879642 0.000953343 0.000879254 1 0.0364163 -0.228556 -0.0750221
FixedParameters: 0 0 0

#Transform 10
Transform: AffineTransform_float_3_3
Parameters: 0.999999 0.000209432 -0.00065954 -0.000210294 0.999998 -0.00162983 0.000659303 0.00162942 0.999998 0.0459786 -0.303094 -0.089225
FixedParameters: 0 0 0

#Transform 11
Transform: AffineTransform_float_3_3
Parameters: 0.999999 0.000650108 -0.000397961 -0.000650108 0.999998 -0.00153113 0.000396441 0.00153175 0.999999 0.0554836 -0.258219 -0.0868997
FixedParameters: 0 0 0

#Transform 12
Transform: AffineTransform_float_3_3
Parameters: 1 0.000190442 -1.78976e-05 -0.000190526 1 -0.00037093 1.77802e-05 0.000371724 1 0.0461135 -0.24184 -0.0187441
FixedParameters: 0 0 0

#Transform 13
Transform: AffineTransform_float_3_3
Parameters: 1 0.000396657 -0.000213366 -0.000396616 1 9.73621e-05 0.000213443 -9.71929e-05 1 0.0271952 -0.154114 -0.0443504
FixedParameters: 0 0 0

#Transform 14
Transform: AffineTransform_float_3_3
Parameters: 1 0.000124755 -0.000253372 -0.000125036 1 -0.000554373 0.000253233 0.000554436 1 -0.0157227 -0.218755 0.000401517
FixedParameters: 0 0 0

#Transform 15
Transform: AffineTransform_float_3_3
Parameters: 1 -0.00010036 0.00113832 0.00010034 1 8.93547e-06 -0.00113832 -8.09255e-06 1 -0.0128846 -0.170381 -0.0656948
FixedParameters: 0 0 0

#Transform 16
Transform: AffineTransform_float_3_3
Parameters: 0.999999 9.7362e-05 0.000958047 -9.78575e-05 0.999999 0.000893968 -0.000957401 -0.00089344 0.999999 0.00258232 -0.0210545 -0.122044
FixedParameters: 0 0 0

#Transform 17
Transform: AffineTransform_float_3_3
Parameters: 1 3.2895e-05 0.000320699 -3.29397e-05 1 6.96028e-05 -0.000320694 -6.96239e-05 1 -0.00593634 -0.0848657 -0.0586934
FixedParameters: 0 0 0

#Transform 18
Transform: AffineTransform_float_3_3
Parameters: 1 0.00018039 -0.000332641 -0.000180418 1 -4.17404e-05 0.000332626 4.18604e-05 1 -0.00657817 -0.0760253 0.0931023
FixedParameters: 0 0 0

#Transform 19
Transform: AffineTransform_float_3_3
Parameters: 1 0.000353093 0.000127086 -0.000352992 1 -0.000393849 -0.000127364 0.000393759 1 -0.0192151 -0.0407507 0.0605714
FixedParameters: 0 0 0

#Transform 20
Transform: AffineTransform_float_3_3
Parameters: 1 -0.000246051 -0.000561552 0.00024566 1 0.00049191 0.000561634 -0.000492245 0.999999 -0.0186184 0.0194641 0.00328825
FixedParameters: 0 0 0

#Transform 21
Transform: AffineTransform_float_3_3
Parameters: 1 -0.000450574 -0.000317359 0.000450151 0.999998 -0.00199768 0.000318554 0.00199744 0.999998 -0.0523741 -0.0412002 0.0801228
FixedParameters: 0 0 0

#Transform 22
Transform: AffineTransform_float_3_3
Parameters: 1 -0.000348802 0.000251527 0.000349283 0.999999 -0.0017873 -0.000251495 0.00178743 0.999999 -0.0573785 -0.0520965 0.0791764
FixedParameters: 0 0 0

#Transform 23
Transform: AffineTransform_float_3_3
Parameters: 1 -0.000547298 0.000481649 0.000548116 0.999999 -0.0012331 -0.000481373 0.00123358 0.999999 -0.0177656 -0.0676461 -0.160997
FixedParameters: 0 0 0

#Transform 24
Transform: AffineTransform_float_3_3
Parameters: 1 -0.000360046 0.000564811 0.000359686 0.999999 -0.0004551 -0.000564184 0.000454661 1 -0.0175418 -0.138552 -0.0611749
FixedParameters: 0 0 0

#Transform 25
Transform: AffineTransform_float_3_3
Parameters: 1 -0.000153011 0.000253616 0.000153377 0.999999 -0.000722086 -0.000253394 0.000722164 0.999999 -0.0334247 -0.0633087 -0.0376063
FixedParameters: 0 0 0

#Transform 26
Transform: AffineTransform_float_3_3
Parameters: 1 -0.000178879 0.000529916 0.000179129 1 -0.000235212 -0.000529831 0.000235402 1 -0.0373783 -0.0139629 -0.074265
FixedParameters: 0 0 0

#Transform 27
Transform: AffineTransform_float_3_3
Parameters: 0.999999 -0.000381248 0.00142645 0.0003813 1 -0.000323813 -0.0014259 0.00032467 0.999999 0.00864245 -0.148098 -0.0044088
FixedParameters: 0 0 0

#Transform 28
Transform: AffineTransform_float_3_3
Parameters: 1 -0.00109551 -3.72061e-06 0.00109549 1 0.000415559 2.97444e-06 -0.00041539 1 -0.0134638 -0.164924 0.165626
FixedParameters: 0 0 0

#Transform 29
Transform: AffineTransform_float_3_3
Parameters: 1 -0.000903921 0.00069449 0.000904152 1 0.000778742 -0.000695146 -0.000777992 0.999999 -0.03695 -0.130277 0.168918
FixedParameters: 0 0 0

#Transform 30
Transform: AffineTransform_float_3_3
Parameters: 1 -0.000924361 0.000701834 0.000925063 1 0.000484682 -0.000702003 -0.000484678 1 -0.0229733 -0.151334 0.127954
FixedParameters: 0 0 0

#Transform 31
Transform: AffineTransform_float_3_3
Parameters: 0.999998 -0.00104533 0.00122916 0.00104528 0.999999 6.72908e-05 -0.00122919 -6.61189e-05 0.999999 -0.0165005 -0.126969 0.0542577
FixedParameters: 0 0 0

#Transform 32
Transform: AffineTransform_float_3_3
Parameters: 1 -0.00116527 0.000272135 0.00116523 1 0.000158819 -0.000272365 -0.000158796 1 0.000183774 -0.118314 0.134632
FixedParameters: 0 0 0

#Transform 33
Transform: AffineTransform_float_3_3
Parameters: 1 -0.00108378 -0.000295517 0.00108437 0.999998 0.00162376 0.000294215 -0.00162419 0.999998 -0.0424986 -0.0549062 0.097089
FixedParameters: 0 0 0

#Transform 34
Transform: AffineTransform_float_3_3
Parameters: 0.999999 -0.00170415 -0.000555983 0.00170459 0.999997 0.00164465 0.000552944 -0.00164499 0.999999 0.00223846 -0.00905361 -0.108203
FixedParameters: 0 0 0

#Transform 35
Transform: AffineTransform_float_3_3
Parameters: 0.999999 -0.00154874 0.000579756 0.00154587 0.999987 0.00484656 -0.00058666 -0.00484556 0.999988 0.0226092 0.158725 -0.522081
FixedParameters: 0 0 0

#Transform 36
Transform: AffineTransform_float_3_3
Parameters: 0.999999 -0.0011482 0.000193559 0.0011472 0.999997 0.00236976 -0.000196148 -0.00236986 0.999998 -0.00446203 -0.0834178 -0.251718
FixedParameters: 0 0 0

#Transform 37
Transform: AffineTransform_float_3_3
Parameters: 0.999999 -0.00126452 4.92414e-05 0.00126404 0.999997 0.00177464 -5.15346e-05 -0.0017751 0.999998 -0.0320543 0.0411993 -0.227293
FixedParameters: 0 0 0

#Transform 38
Transform: AffineTransform_float_3_3
Parameters: 0.999999 -0.00173827 0.000398196 0.00173829 0.999999 8.79592e-05 -0.000398221 -8.77968e-05 1 0.00525154 -0.0137612 -0.254837
FixedParameters: 0 0 0

#Transform 39
Transform: AffineTransform_float_3_3
Parameters: 0.999998 -0.00187725 -2.77265e-05 0.00187728 0.999999 7.25545e-05 2.77572e-05 -7.30939e-05 1 -0.0261396 0.0233988 -0.247559
FixedParameters: 0 0 0

#Transform 40
Transform: AffineTransform_float_3_3
Parameters: 0.999998 -0.00160683 0.000352627 0.00160667 0.999998 0.000299399 -0.000353448 -0.000298876 1 -0.0436917 -0.00183984 -0.207641
FixedParameters: 0 0 0

#Transform 41
Transform: AffineTransform_float_3_3
Parameters: 0.999998 -0.00157969 0.000343919 0.00157977 0.999998 -5.77302e-05 -0.000343596 5.82053e-05 1 -0.0457127 -0.024076 -0.264653
FixedParameters: 0 0 0

#Transform 42
Transform: AffineTransform_float_3_3
Parameters: 0.999999 -0.00133691 0.000259927 0.00133677 0.999999 0.000361167 -0.000260753 -0.000361082 1 -0.00294926 0.00567201 -0.355441
FixedParameters: 0 0 0

#Transform 43
Transform: AffineTransform_float_3_3
Parameters: 0.999998 -0.00195085 0.000469894 0.00194967 0.999997 0.00069648 -0.00047107 -0.00069588 1 -0.00140663 -0.0285652 -0.338008
FixedParameters: 0 0 0

#Transform 44
Transform: AffineTransform_float_3_3
Parameters: 0.999997 -0.00199426 0.00113653 0.00199331 0.999997 0.00132793 -0.00113908 -0.0013252 0.999999 0.0230358 0.0202058 -0.33554
FixedParameters: 0 0 0

#Transform 45
Transform: AffineTransform_float_3_3
Parameters: 0.999999 -0.0015962 0.00062472 0.00159493 0.999998 0.00156687 -0.000627708 -0.001566 0.999999 0.0398251 -0.00575967 -0.225709
FixedParameters: 0 0 0

#Transform 46
Transform: AffineTransform_float_3_3
Parameters: 0.999999 -0.00167948 0.000350617 0.00167841 0.999998 0.00116084 -0.000352179 -0.00116024 1 0.000763419 0.031068 -0.251558
FixedParameters: 0 0 0

#Transform 47
Transform: AffineTransform_float_3_3
Parameters: 0.999999 -0.00137823 0.000642688 0.00137784 0.999999 0.000593485 -0.000643247 -0.000592279 0.999999 0.0256039 -0.0176229 -0.175978
FixedParameters: 0 0 0

#Transform 48
Transform: AffineTransform_float_3_3
Parameters: 0.999995 -0.00243465 0.00197545 0.00243301 0.999996 0.000600398 -0.00197694 -0.000594923 0.999998 0.0419057 -0.0855214 -0.130375
FixedParameters: 0 0 0

#Transform 49
Transform: AffineTransform_float_3_3
Parameters: 0.999996 -0.00244202 0.00151466 0.0024385 0.999995 0.00209551 -0.00152015 -0.00209184 0.999997 0.0270546 0.0463649 -0.0874342
FixedParameters: 0 0 0

#Transform 50
Transform: AffineTransform_float_3_3
Parameters: 0.999996 -0.00250176 0.00146385 0.00249883 0.999995 0.00155189 -0.00146735 -0.0015484 0.999998 0.00729815 0.011691 -0.0545547
FixedParameters: 0 0 0

#Transform 51
Transform: AffineTransform_float_3_3
Parameters: 0.999996 -0.00273095 0.00113699 0.00272898 0.999995 0.00168857 -0.00114099 -0.00168597 0.999998 0.0122106 0.0607091 -0.0923479
FixedParameters: 0 0 0

#Transform 52
Transform: AffineTransform_float_3_3
Parameters: 0.999996 -0.00257637 0.00129985 0.00257418 0.999996 0.0013151 -0.00130327 -0.00131149 0.999999 -0.0112009 0.0434782 -0.0520467
FixedParameters: 0 0 0

#Transform 53
Transform: AffineTransform_float_3_3
Parameters: 0.999998 -0.00196734 0.000548233 0.00196741 0.999998 0.000321714 -0.000548282 -0.000320733 1 -0.0120815 0.00907388 -0.079419
FixedParameters: 0 0 0

#Transform 54
Transform: AffineTransform_float_3_3
Parameters: 0.999998 -0.00219031 0.000225567 0.00219043 0.999998 0.000617426 -0.000226892 -0.000617436 1 -0.0213937 -0.00277196 -0.0623105
FixedParameters: 0 0 0

#Transform 55
Transform: AffineTransform_float_3_3
Parameters: 0.999999 -0.00164037 3.54255e-05 0.00163994 0.999997 0.00151788 -3.80453e-05 -0.00151755 0.999999 -0.0596308 -0.107181 -0.169679
FixedParameters: 0 0 0

#Transform 56
Transform: AffineTransform_float_3_3
Parameters: 0.999999 -0.00152276 -5.08901e-06 0.0015224 0.999997 0.00167903 2.19516e-06 -0.00167884 0.999998 -0.0302806 -0.036164 -0.222235
FixedParameters: 0 0 0

#Transform 57
Transform: AffineTransform_float_3_3
Parameters: 0.999999 -0.00183203 0.000254745 0.00183197 0.999999 0.000155938 -0.000255011 -0.000155439 1 -0.0358 -0.0353393 -0.0997388
FixedParameters: 0 0 0

#Transform 58
Transform: AffineTransform_float_3_3
Parameters: 0.999998 -0.00181899 -0.000620669 0.00181903 0.999998 0.000603065 0.000619921 -0.000603758 1 -0.0734334 -0.0472049 -0.0378005
FixedParameters: 0 0 0

#Transform 59
Transform: AffineTransform_float_3_3
Parameters: 0.999999 -0.00169347 5.0809e-06 0.00169407 0.999997 0.0014467 -7.9463e-06 -0.00144641 0.999999 -0.0536407 -0.0134904 -0.118009
FixedParameters: 0 0 0

#Transform 60
Transform: AffineTransform_float_3_3
Parameters: 0.999999 -0.00169886 8.91842e-07 0.00169887 0.999997 0.00183713 -4.00479e-06 -0.00183766 0.999999 -0.0404134 0.0502503 -0.158892
FixedParameters: 0 0 0

#Transform 61
Transform: AffineTransform_float_3_3
Parameters: 0.999999 -0.00179625 -0.000194035 0.00179735 0.999997 0.00123619 0.000191627 -0.00123662 0.999999 -0.0403745 0.0226538 -0.152201
FixedParameters: 0 0 0

#Transform 62
Transform: AffineTransform_float_3_3
Parameters: 0.999998 -0.00179532 0.00028738 0.00179551 0.999995 0.00236988 -0.000291352 -0.00236924 0.999998 -0.0179909 0.00269908 -0.0742254
FixedParameters: 0 0 0

#Transform 63
Transform: AffineTransform_float_3_3
Parameters: 0.999998 -0.00183054 -0.000317507 0.0018309 0.999998 0.00119009 0.000315532 -0.00119026 0.999999 -0.0409643 0.00680328 -0.0695054
FixedParameters: 0 0 0

#Transform 64
Transform: AffineTransform_float_3_3
Parameters: 0.999999 -0.00165727 -0.000397292 0.00165812 0.999997 0.00147184 0.00039477 -0.00147294 0.999999 -0.0435246 0.062902 -0.076553
FixedParameters: 0 0 0

#Transform 65
Transform: AffineTransform_float_3_3
Parameters: 0.999998 -0.00196395 -0.000583452 0.00196478 0.999997 0.00162671 0.000580561 -0.00162802 0.999999 -0.0305173 0.0662165 -0.0600196
FixedParameters: 0 0 0

#Transform 66
Transform: AffineTransform_float_3_3
Parameters: 0.999999 -0.0017084 -8.0129e-05 0.00170868 0.999997 0.00173201 7.75037e-05 -0.00173264 0.999998 0.0056431 0.09615 -0.165893
FixedParameters: 0 0 0

#Transform 67
Transform: AffineTransform_float_3_3
Parameters: 0.999999 -0.00141585 -0.000204074 0.00141619 0.999995 0.00286778 0.000199946 -0.00286812 0.999996 -0.00877492 0.115739 -0.115292
FixedParameters: 0 0 0

#Transform 68
Transform: AffineTransform_float_3_3
Parameters: 0.999998 -0.0015017 -5.71185e-05 0.00150216 0.999995 0.0025838 5.31668e-05 -0.00258368 0.999996 -0.027613 0.139407 -0.129509
FixedParameters: 0 0 0

#Transform 69
Transform: AffineTransform_float_3_3
Parameters: 0.999998 -0.00170332 -0.000621139 0.00170466 0.999995 0.00251738 0.000617041 -0.00251792 0.999997 -0.0257766 0.19238 -0.110441
FixedParameters: 0 0 0

#Transform 70
Transform: AffineTransform_float_3_3
Parameters: 0.999998 -0.0019384 -0.000704513 0.00193856 0.999997 0.00062225 0.000703546 -0.000623416 1 -0.0595349 0.144602 -0.102048
FixedParameters: 0 0 0

#Transform 71
Transform: AffineTransform_float_3_3
Parameters: 0.999998 -0.00202791 -0.000297478 0.0020285 0.999998 0.000608815 0.000296132 -0.00060901 1 -0.078574 0.124364 -0.0715339
FixedParameters: 0 0 0

#Transform 72
Transform: AffineTransform_float_3_3
Parameters: 0.999998 -0.0019989 -0.000306357 0.00199899 0.999998 9.18745e-05 0.000306291 -9.35344e-05 1 -0.065826 0.13054 -0.133566
FixedParameters: 0 0 0

#Transform 73
Transform: AffineTransform_float_3_3
Parameters: 0.999998 -0.00233702 -0.000188508 0.00233702 0.999997 -0.00067965 0.000189817 0.000679085 1 -0.0743164 0.0928974 -0.145751
FixedParameters: 0 0 0

#Transform 74
Transform: AffineTransform_float_3_3
Parameters: 0.999998 -0.00204192 -0.000395736 0.00204134 0.999998 -0.000221171 0.00039589 0.000220472 1 -0.0784534 0.191727 -0.152624
FixedParameters: 0 0 0

#Transform 75
Transform: AffineTransform_float_3_3
Parameters: 0.999997 -0.00252971 -0.000118703 0.00252933 0.999994 -0.00213442 0.000124223 0.00213404 0.999998 -0.11026 0.103713 -0.150574
FixedParameters: 0 0 0

#Transform 76
Transform: AffineTransform_float_3_3
Parameters: 0.999997 -0.00229332 0.000375344 0.00229299 0.999996 -0.00130655 -0.000372927 0.00130764 0.999999 -0.0941271 0.0888779 -0.185884
FixedParameters: 0 0 0

#Transform 77
Transform: AffineTransform_float_3_3
Parameters: 0.999998 -0.00224747 -0.000220406 0.00224715 0.999997 -0.000151195 0.000220591 0.000149727 1 -0.109128 0.143806 -0.125676
FixedParameters: 0 0 0

#Transform 78
Transform: AffineTransform_float_3_3
Parameters: 0.999998 -0.00230096 -0.000109854 0.00230049 0.999998 0.00069843 0.000108366 -0.000699205 0.999999 -0.113582 0.123527 -0.0881993
FixedParameters: 0 0 0

#Transform 79
Transform: AffineTransform_float_3_3
Parameters: 0.999997 -0.00215123 -0.000403136 0.00215044 0.999998 -0.000469441 0.000404407 0.000468621 1 -0.0872864 0.174609 -0.245059
FixedParameters: 0 0 0

#Transform 80
Transform: AffineTransform_float_3_3
Parameters: 0.999997 -0.0024716 -0.000790287 0.00247009 0.999996 -0.00179618 0.000794517 0.00179401 0.999998 -0.0967171 0.125579 -0.166838
FixedParameters: 0 0 0

#Transform 81
Transform: AffineTransform_float_3_3
Parameters: 0.999998 -0.00156886 -0.00122185 0.00156693 0.999997 -0.00173798 0.0012253 0.00173646 0.999998 -0.0866255 0.149285 -0.109388
FixedParameters: 0 0 0

#Transform 82
Transform: AffineTransform_float_3_3
Parameters: 0.999997 -0.00186172 -0.00130334 0.00185884 0.999996 -0.00205994 0.00130669 0.00205815 0.999997 -0.103831 0.148935 -0.0996883
FixedParameters: 0 0 0

#Transform 83
Transform: AffineTransform_float_3_3
Parameters: 0.999997 -0.00220637 -0.00100028 0.00220351 0.999995 -0.00251584 0.00100612 0.00251382 0.999996 -0.0999882 0.111504 -0.0650364
FixedParameters: 0 0 0

#Transform 84
Transform: AffineTransform_float_3_3
Parameters: 0.999996 -0.00240263 -0.00125113 0.00239878 0.999992 -0.00298993 0.00125837 0.00298699 0.999995 -0.0851759 0.0486133 -0.125996
FixedParameters: 0 0 0

#Transform 85
Transform: AffineTransform_float_3_3
Parameters: 0.999997 -0.00240079 -0.000976546 0.00239804 0.999991 -0.00355562 0.000985096 0.00355339 0.999993 -0.0938972 -0.00687001 -0.241629
FixedParameters: 0 0 0

#Transform 86
Transform: AffineTransform_float_3_3
Parameters: 0.999996 -0.00251256 -0.000931056 0.00250849 0.99999 -0.00372926 0.000940516 0.00372693 0.999993 -0.100026 0.0270418 -0.272752
FixedParameters: 0 0 0

#Transform 87
Transform: AffineTransform_float_3_3
Parameters: 0.999998 -0.00222465 -0.000750823 0.00222335 0.999995 -0.00233845 0.000756118 0.00233751 0.999997 -0.0976877 0.149225 -0.286851
FixedParameters: 0 0 0

#Transform 88
Transform: AffineTransform_float_3_3
Parameters: 0.999997 -0.00220663 -0.000920617 0.0022061 0.999997 -0.00138478 0.000924093 0.00138254 0.999998 -0.116277 0.152591 -0.192652
FixedParameters: 0 0 0

#Transform 89
Transform: AffineTransform_float_3_3
Parameters: 0.999998 -0.0018215 -0.00112482 0.0018201 0.999997 -0.00111533 0.0011264 0.00111344 0.999999 -0.0916673 0.155303 -0.0431383
FixedParameters: 0 0 0

#Transform 90
Transform: AffineTransform_float_3_3
Parameters: 0.999997 -0.00233336 -0.000880788 0.00233361 0.999997 0.000561465 0.000879774 -0.000563833 0.999999 -0.118685 0.0915859 0.0231057
FixedParameters: 0 0 0

#Transform 91
Transform: AffineTransform_float_3_3
Parameters: 0.999994 -0.00257086 -0.002244 0.00257409 0.999995 0.00142694 0.00224103 -0.00143201 0.999996 -0.108208 0.171589 -0.00909889
FixedParameters: 0 0 0

#Transform 92
Transform: AffineTransform_float_3_3
Parameters: 0.999994 -0.0023887 -0.00251327 0.00238822 0.999997 -3.73218e-05 0.00251369 3.17101e-05 0.999997 -0.129875 0.0925404 0.0514691
FixedParameters: 0 0 0

#Transform 93
Transform: AffineTransform_float_3_3
Parameters: 0.999996 -0.00185353 -0.00176643 0.00185622 0.999997 0.0014373 0.00176401 -0.00144096 0.999997 -0.126527 0.141309 0.0566518
FixedParameters: 0 0 0

#Transform 94
Transform: AffineTransform_float_3_3
Parameters: 0.999996 -0.0021318 -0.00213647 0.00213634 0.999995 0.00224039 0.0021316 -0.00224472 0.999995 -0.0951262 0.169339 0.0587525
FixedParameters: 0 0 0

#Transform 95
Transform: AffineTransform_float_3_3
Parameters: 0.999996 -0.00217544 -0.00169428 0.00218072 0.999992 0.00316198 0.00168712 -0.00316577 0.999993 -0.0885404 0.156801 -0.014355
FixedParameters: 0 0 0

#Transform 96
Transform: AffineTransform_float_3_3
Parameters: 0.999996 -0.00232935 -0.00172141 0.00233547 0.999992 0.0032851 0.00171365 -0.00328871 0.999993 -0.0985863 0.238709 0.0653618
FixedParameters: 0 0 0

#Transform 97
Transform: AffineTransform_float_3_3
Parameters: 0.999996 -0.00225035 -0.00164129 0.00225387 0.999995 0.0020153 0.0016364 -0.00201902 0.999996 -0.0929794 0.216918 0.0589667
FixedParameters: 0 0 0

#Transform 98
Transform: AffineTransform_float_3_3
Parameters: 0.999996 -0.00233151 -0.00166502 0.00233469 0.999994 0.00236817 0.0016596 -0.00237234 0.999996 -0.100609 0.278393 0.0134872
FixedParameters: 0 0 0

#Transform 99
Transform: AffineTransform_float_3_3
Parameters: 0.999996 -0.00229378 -0.00151566 0.00229525 0.999997 0.000948685 0.00151403 -0.000952684 0.999999 -0.105554 0.27673 -0.115738
FixedParameters: 0 0 0

#Transform 100
Transform: AffineTransform_float_3_3
Parameters: 0.999997 -0.00213039 -0.00151403 0.002134 0.999996 0.00190112 0.0015098 -0.00190385 0.999997 -0.0631675 0.224885 -0.197206
FixedParameters: 0 0 0

#Transform 101
Transform: AffineTransform_float_3_3
Parameters: 0.999994 -0.00279807 -0.00203865 0.00280257 0.999993 0.00244346 0.0020319 -0.00244909 0.999995 -0.102279 0.288667 -0.139776
FixedParameters: 0 0 0

#Transform 102
Transform: AffineTransform_float_3_3
Parameters: 0.999994 -0.00283843 -0.00186663 0.00284467 0.99999 0.00341331 0.00185734 -0.00341873 0.999993 -0.136201 0.281774 -0.125587
FixedParameters: 0 0 0

#Transform 103
Transform: AffineTransform_float_3_3
Parameters: 0.999996 -0.00268598 -0.00102691 0.00269031 0.999991 0.00338385 0.00101766 -0.00338596 0.999994 -0.145817 0.324337 -0.182519
FixedParameters: 0 0 0

#Transform 104
Transform: AffineTransform_float_3_3
Parameters: 0.999996 -0.00248259 -0.00115588 0.00248747 0.99999 0.00366422 0.00114662 -0.00366741 0.999993 -0.146571 0.296109 -0.192688
FixedParameters: 0 0 0

#Transform 105
Transform: AffineTransform_float_3_3
Parameters: 0.999995 -0.00289234 -0.00101561 0.00289537 0.99999 0.00324599 0.00100609 -0.00324851 0.999995 -0.124501 0.375746 -0.199358
FixedParameters: 0 0 0

#Transform 106
Transform: AffineTransform_float_3_3
Parameters: 0.999995 -0.0028213 -0.00153771 0.00282785 0.999989 0.00385399 0.00152652 -0.003858 0.999992 -0.160647 0.368836 -0.159979
FixedParameters: 0 0 0

#Transform 107
Transform: AffineTransform_float_3_3
Parameters: 0.999995 -0.00286499 -0.00145481 0.00287043 0.999989 0.00367368 0.00144446 -0.00367734 0.999992 -0.182051 0.382122 -0.205825
FixedParameters: 0 0 0

#Transform 108
Transform: AffineTransform_float_3_3
Parameters: 0.999995 -0.00307223 -0.000955196 0.00307483 0.999989 0.00353125 0.000944144 -0.003535 0.999993 -0.149233 0.363454 -0.189732
FixedParameters: 0 0 0

#Transform 109
Transform: AffineTransform_float_3_3
Parameters: 0.999996 -0.00238341 -0.00113999 0.00238945 0.999982 0.00549891 0.00112662 -0.00550187 0.999984 -0.126161 0.342683 -0.153615
FixedParameters: 0 0 0

#Transform 110
Transform: AffineTransform_float_3_3
Parameters: 0.999996 -0.00259694 -0.00144316 0.00260326 0.999988 0.00401865 0.00143268 -0.00402227 0.999991 -0.133019 0.359459 -0.293749
FixedParameters: 0 0 0

#Transform 111
Transform: AffineTransform_float_3_3
Parameters: 0.999996 -0.00274036 -0.00100111 0.00274342 0.999993 0.00259917 0.000993856 -0.00260207 0.999997 -0.134147 0.416158 -0.343519
FixedParameters: 0 0 0

#Transform 112
Transform: AffineTransform_float_3_3
Parameters: 0.999994 -0.00291468 -0.00168305 0.00291999 0.99999 0.00331088 0.00167272 -0.00331611 0.999993 -0.164405 0.342575 -0.306498
FixedParameters: 0 0 0

#Transform 113
Transform: AffineTransform_float_3_3
Parameters: 0.999991 -0.00321559 -0.00268886 0.00322111 0.999993 0.00210834 0.0026816 -0.00211771 0.999994 -0.214702 0.281261 -0.188959
FixedParameters: 0 0 0

#Transform 114
Transform: AffineTransform_float_3_3
Parameters: 0.999991 -0.00323189 -0.00269779 0.00322979 0.999995 -0.000725434 0.00270005 0.000716051 0.999996 -0.179152 0.142402 -0.273266
FixedParameters: 0 0 0

#Transform 115
Transform: AffineTransform_float_3_3
Parameters: 0.999992 -0.00303307 -0.00255004 0.00303478 0.999995 0.000531752 0.0025485 -0.000539262 0.999997 -0.18162 0.145708 -0.280571
FixedParameters: 0 0 0

#Transform 116
Transform: AffineTransform_float_3_3
Parameters: 0.999994 -0.00254696 -0.00237177 0.00255182 0.999995 0.00204466 0.00236702 -0.00205035 0.999995 -0.196443 0.192233 -0.25357
FixedParameters: 0 0 0

#Transform 117
Transform: AffineTransform_float_3_3
Parameters: 0.999993 -0.00260519 -0.00262455 0.00261499 0.999989 0.00372591 0.00261496 -0.00373281 0.99999 -0.184028 0.193062 -0.10906
FixedParameters: 0 0 0

#Transform 118
Transform: AffineTransform_float_3_3
Parameters: 0.999992 -0.00263985 -0.00307163 0.00265188 0.999988 0.00401371 0.00306108 -0.0040221 0.999988 -0.207356 0.237266 -0.123369
FixedParameters: 0 0 0

#Transform 119
Transform: AffineTransform_float_3_3
Parameters: 0.999994 -0.00252862 -0.00255707 0.0025383 0.999989 0.00399325 0.00254688 -0.00399946 0.999989 -0.196154 0.31173 -0.124532
FixedParameters: 0 0 0
