# transform file /out/sourcedata/freesurfer/sub-v2s15x29740_ses-1/mri/transforms/cc_up.lta
# created by oesteban on Wed Mar 11 09:57:00 2026

type      = 0 # LINEAR_VOX_TO_VOX
nxforms   = 1
mean      = 129.0000 124.0000 123.0000
sigma     = 10000.0000
1 4 4
9.933646917343140e-01 -1.140010729432106e-01 -1.517169363796711e-02 1.667239189147949e+01 
1.139877811074257e-01 9.934805631637573e-01 -1.740939449518919e-03 1.483723163604736e+00 
1.527125202119350e-02 1.164153079491470e-10 9.998832941055298e-01 3.076148986816406e+00 
0.000000000000000e+00 0.000000000000000e+00 0.000000000000000e+00 1.000000000000000e+00 
src volume info
valid = 1  # volume info valid
filename = /out/sourcedata/freesurfer/sub-v2s15x29740_ses-1/mri/norm.mgz
volume = 256 256 256
voxelsize = 1.000000000000000e+00 1.000000000000000e+00 1.000000000000000e+00
xras   = -1.000000000000000e+00 0.000000000000000e+00 -3.725290298461914e-09
yras   = 0.000000000000000e+00 0.000000000000000e+00 -1.000000000000000e+00
zras   = 0.000000000000000e+00 1.000000000000000e+00 0.000000000000000e+00
cras   = -5.677413940429688e-01 -1.426597595214844e+00 1.186879730224609e+01
dst volume info
valid = 1  # volume info valid
filename = /out/sourcedata/freesurfer/sub-v2s15x29740_ses-1/mri/norm.mgz
volume = 256 256 256
voxelsize = 1.000000000000000e+00 1.000000000000000e+00 1.000000000000000e+00
xras   = -1.000000000000000e+00 0.000000000000000e+00 -3.725290298461914e-09
yras   = 0.000000000000000e+00 0.000000000000000e+00 -1.000000000000000e+00
zras   = 0.000000000000000e+00 1.000000000000000e+00 0.000000000000000e+00
cras   = -5.677413940429688e-01 -1.426597595214844e+00 1.186879730224609e+01
