# transform file /out/sourcedata/freesurfer/sub-v2s15x29747_ses-1/mri/transforms/cc_up.lta
# created by oesteban on Wed Mar 11 10:23:04 2026

type      = 0 # LINEAR_VOX_TO_VOX
nxforms   = 1
mean      = 126.0000 138.0000 123.0000
sigma     = 10000.0000
1 4 4
9.994505643844604e-01 -3.258759155869484e-02 6.048498209565878e-03 3.899853706359863e+00 
3.258699551224709e-02 9.994688630104065e-01 1.972107420442626e-04 3.857351064682007e+00 
-6.051712203770876e-03 0.000000000000000e+00 9.999816417694092e-01 1.277903747558594e+01 
0.000000000000000e+00 0.000000000000000e+00 0.000000000000000e+00 1.000000000000000e+00 
src volume info
valid = 1  # volume info valid
filename = /out/sourcedata/freesurfer/sub-v2s15x29747_ses-1/mri/norm.mgz
volume = 256 256 256
voxelsize = 1.000000000000000e+00 1.000000000000000e+00 1.000000000000000e+00
xras   = -9.999999403953552e-01 0.000000000000000e+00 0.000000000000000e+00
yras   = -9.313225746154785e-10 0.000000000000000e+00 -9.999999403953552e-01
zras   = 0.000000000000000e+00 1.000000000000000e+00 0.000000000000000e+00
cras   = 8.460296630859375e+00 7.653274536132812e+00 6.342628479003906e+00
dst volume info
valid = 1  # volume info valid
filename = /out/sourcedata/freesurfer/sub-v2s15x29747_ses-1/mri/norm.mgz
volume = 256 256 256
voxelsize = 1.000000000000000e+00 1.000000000000000e+00 1.000000000000000e+00
xras   = -9.999999403953552e-01 0.000000000000000e+00 0.000000000000000e+00
yras   = -9.313225746154785e-10 0.000000000000000e+00 -9.999999403953552e-01
zras   = 0.000000000000000e+00 1.000000000000000e+00 0.000000000000000e+00
cras   = 8.460296630859375e+00 7.653274536132812e+00 6.342628479003906e+00
