# transform file /out/sourcedata/freesurfer/sub-v2s15x29735_ses-1/mri/transforms/cc_up.lta
# created by oesteban on Wed Mar 11 09:20:33 2026

type      = 0 # LINEAR_VOX_TO_VOX
nxforms   = 1
mean      = 127.0000 125.0000 119.0000
sigma     = 10000.0000
1 4 4
9.996865987777710e-01 -2.125515975058079e-02 -1.323433965444565e-02 3.768098354339600e+00 
2.125329710543156e-02 9.997741580009460e-01 -2.813615428749472e-04 1.733443641662598e+01 
1.323733013123274e-02 0.000000000000000e+00 9.999125003814697e-01 1.031442356109619e+01 
0.000000000000000e+00 0.000000000000000e+00 0.000000000000000e+00 1.000000000000000e+00 
src volume info
valid = 1  # volume info valid
filename = /out/sourcedata/freesurfer/sub-v2s15x29735_ses-1/mri/norm.mgz
volume = 256 256 256
voxelsize = 1.000000000000000e+00 1.000000000000000e+00 1.000000000000000e+00
xras   = -1.000000000000000e+00 0.000000000000000e+00 0.000000000000000e+00
yras   = 0.000000000000000e+00 0.000000000000000e+00 -1.000000000000000e+00
zras   = 0.000000000000000e+00 1.000000000000000e+00 0.000000000000000e+00
cras   = 4.837135314941406e+00 1.552254486083984e+01 2.702905273437500e+01
dst volume info
valid = 1  # volume info valid
filename = /out/sourcedata/freesurfer/sub-v2s15x29735_ses-1/mri/norm.mgz
volume = 256 256 256
voxelsize = 1.000000000000000e+00 1.000000000000000e+00 1.000000000000000e+00
xras   = -1.000000000000000e+00 0.000000000000000e+00 0.000000000000000e+00
yras   = 0.000000000000000e+00 0.000000000000000e+00 -1.000000000000000e+00
zras   = 0.000000000000000e+00 1.000000000000000e+00 0.000000000000000e+00
cras   = 4.837135314941406e+00 1.552254486083984e+01 2.702905273437500e+01
