#Insight Transform File V1.0
#Transform 0
Transform: AffineTransform_float_3_3
Parameters: 1 0.000764976 0.000935651 -0.00076256 0.999996 -0.00262748 -0.000937687 0.00262749 0.999996 -0.0668203 0.039278 0.0322618
FixedParameters: 0 0 0

#Transform 1
Transform: AffineTransform_float_3_3
Parameters: 0.999999 0.000503706 0.000594045 -0.000502303 0.999997 -0.00248257 -0.000594854 0.00248284 0.999996 -0.059964 0.0392133 0.00581175
FixedParameters: 0 0 0

#Transform 2
Transform: AffineTransform_float_3_3
Parameters: 0.999999 0.000847344 0.00028142 -0.000846376 0.999997 -0.00229947 -0.00028295 0.00229898 0.999998 -0.0460725 0.0512785 0.0138244
FixedParameters: 0 0 0

#Transform 3
Transform: AffineTransform_float_3_3
Parameters: 1 0.000991448 0.000631439 -0.000989589 0.999996 -0.00249989 -0.000633792 0.00249865 0.999996 -0.0553801 0.0699317 0.0327215
FixedParameters: 0 0 0

#Transform 4
Transform: AffineTransform_float_3_3
Parameters: 0.999999 0.000932128 0.000528377 -0.000930877 0.999997 -0.00237255 -0.000530153 0.00237241 0.999997 -0.0527091 0.031732 0.0413018
FixedParameters: 0 0 0

#Transform 5
Transform: AffineTransform_float_3_3
Parameters: 0.999999 0.000712754 0.000760532 -0.000711205 0.999997 -0.00205297 -0.000761758 0.00205247 0.999998 -0.0628505 0.0236417 0.0191934
FixedParameters: 0 0 0

#Transform 6
Transform: AffineTransform_float_3_3
Parameters: 0.999999 0.000622568 0.000472226 -0.000621094 0.999998 -0.00221316 -0.000473571 0.00221258 0.999998 -0.0470747 0.0320498 0.0207026
FixedParameters: 0 0 0

#Transform 7
Transform: AffineTransform_float_3_3
Parameters: 0.999999 0.000767579 0.000351995 -0.00076693 0.999998 -0.00182204 -0.000353437 0.00182151 0.999999 -0.0391444 0.0425226 -0.00447624
FixedParameters: 0 0 0

#Transform 8
Transform: AffineTransform_float_3_3
Parameters: 1 0.000492526 0.000341555 -0.000492203 0.999998 -0.00182132 -0.000342951 0.001821 0.999999 -0.0319877 0.0431114 0.0253425
FixedParameters: 0 0 0

#Transform 9
Transform: AffineTransform_float_3_3
Parameters: 0.999999 0.000258334 0.000677197 -0.000256864 0.999999 -0.00176744 -0.00067771 0.00176711 0.999998 -0.0451772 0.0360079 0.0275028
FixedParameters: 0 0 0

#Transform 10
Transform: AffineTransform_float_3_3
Parameters: 1 0.000425017 0.000472956 -0.000424618 0.999999 -0.0014151 -0.000473815 0.00141472 0.999999 -0.0369444 0.0252053 0.0232551
FixedParameters: 0 0 0

#Transform 11
Transform: AffineTransform_float_3_3
Parameters: 1 7.40935e-05 0.000105033 -7.37783e-05 0.999999 -0.00142143 -0.000105189 0.00142142 0.999999 -0.0286794 0.0352147 0.0133037
FixedParameters: 0 0 0

#Transform 12
Transform: AffineTransform_float_3_3
Parameters: 1 0.000106049 0.000210289 -0.000105435 0.999999 -0.00142145 -0.000210536 0.0014214 0.999999 -0.0193455 0.0241951 0.0220357
FixedParameters: 0 0 0

#Transform 13
Transform: AffineTransform_float_3_3
Parameters: 1 0.000166495 0.000416631 -0.000166311 0.999999 -0.0013485 -0.000416737 0.00134838 0.999999 -0.0376542 0.0221261 0.0224329
FixedParameters: 0 0 0

#Transform 14
Transform: AffineTransform_float_3_3
Parameters: 1 0.000253282 -0.000160361 -0.000253601 1 -0.00104918 0.000159883 0.00104926 1 0.00288025 0.105702 -0.0523418
FixedParameters: 0 0 0

#Transform 15
Transform: AffineTransform_float_3_3
Parameters: 1 5.76671e-06 -8.53156e-05 -5.93216e-06 1 -0.00106557 8.53575e-05 0.00106557 1 -6.9928e-06 -0.018384 0.0587984
FixedParameters: 0 0 0

#Transform 16
Transform: AffineTransform_float_3_3
Parameters: 1 -7.22544e-05 -0.000256046 7.21659e-05 1 -0.000172949 0.000256071 0.000172912 1 0.00473668 -0.0465324 0.0489828
FixedParameters: 0 0 0

#Transform 17
Transform: AffineTransform_float_3_3
Parameters: 1 1.95975e-05 -9.07012e-06 -1.96111e-05 0.999999 -0.000752696 9.04059e-06 0.000752696 0.999999 -0.0104565 0.0311079 -0.000191779
FixedParameters: 0 0 0

#Transform 18
Transform: AffineTransform_float_3_3
Parameters: 1 5.14607e-05 0.00016622 -5.14467e-05 1 -4.19916e-05 -0.000166225 4.19745e-05 1 -0.0251139 0.00934392 -0.0376988
FixedParameters: 0 0 0

#Transform 19
Transform: AffineTransform_float_3_3
Parameters: 1 0.000296869 -0.00026543 -0.000297241 0.999999 -0.00070095 0.000265014 0.000701107 0.999999 0.00762939 0.0146139 0.00265809
FixedParameters: 0 0 0

#Transform 20
Transform: AffineTransform_float_3_3
Parameters: 1 -0.000186472 -0.000272671 0.000187111 1 -0.000583137 0.0002726 0.000583012 1 0.00808502 0.00847915 0.00154151
FixedParameters: 0 0 0

#Transform 21
Transform: AffineTransform_float_3_3
Parameters: 1 -8.75886e-05 -0.000302599 8.77255e-05 1 0.000226166 0.000302559 -0.000226219 1 0.00588035 -0.00591609 0.020604
FixedParameters: 0 0 0

#Transform 22
Transform: AffineTransform_float_3_3
Parameters: 1 -5.18724e-05 -0.000145201 5.27334e-05 1 -0.000330383 0.000144947 0.000330345 1 0.0065669 0.0300856 0.0262411
FixedParameters: 0 0 0

#Transform 23
Transform: AffineTransform_float_3_3
Parameters: 1 6.50659e-05 -0.000241113 -6.5065e-05 1 1.7653e-06 0.000241113 -1.73393e-06 1 0.00573199 0.0262132 0.0301516
FixedParameters: 0 0 0

#Transform 24
Transform: AffineTransform_float_3_3
Parameters: 1 -0.000152219 -0.00019325 0.000152257 1 9.94586e-05 0.00019322 -9.95175e-05 1 0.00188664 0.0302018 0.0184253
FixedParameters: 0 0 0

#Transform 25
Transform: AffineTransform_float_3_3
Parameters: 1 -0.00015 -0.000390315 0.000150382 1 0.00049026 0.000390168 -0.000490378 1 0.0080752 0.00150806 0.0152976
FixedParameters: 0 0 0

#Transform 26
Transform: AffineTransform_float_3_3
Parameters: 1 -0.000258298 -0.000357625 0.000258472 1 0.000242917 0.000357499 -0.000243102 1 0.00625987 -0.0145005 0.0339739
FixedParameters: 0 0 0

#Transform 27
Transform: AffineTransform_float_3_3
Parameters: 1 -0.000125319 -0.00026513 0.000125815 1 0.00093483 0.000264895 -0.00093545 0.999999 0.00457677 -0.0173302 0.024861
FixedParameters: 0 0 0

#Transform 28
Transform: AffineTransform_float_3_3
Parameters: 1 -0.000154904 -0.000388843 0.000155428 1 0.000673185 0.000388635 -0.000673305 0.999999 0.00811889 0.00974321 0.0148562
FixedParameters: 0 0 0

#Transform 29
Transform: AffineTransform_float_3_3
Parameters: 1 -0.000560469 -0.00026672 0.000560009 1 0.000901183 0.000266054 -0.000901458 1 0.000230749 0.0118212 0.00869
FixedParameters: 0 0 0

#Transform 30
Transform: AffineTransform_float_3_3
Parameters: 1 -3.74022e-05 -2.94532e-05 3.74236e-05 1 0.00036237 2.94261e-05 -0.000362372 1 0.0175619 0.0203165 0.0409813
FixedParameters: 0 0 0

#Transform 31
Transform: AffineTransform_float_3_3
Parameters: 1 -0.000106926 0.000136661 0.000106745 1 0.000660253 -0.000136802 -0.000660224 1 0.0112764 -0.0145918 0.0331705
FixedParameters: 0 0 0

#Transform 32
Transform: AffineTransform_float_3_3
Parameters: 1 -0.000406297 0.000226708 0.00040612 1 0.00106361 -0.000226562 -0.00106344 1 -0.00312763 -0.00506462 0.0154595
FixedParameters: 0 0 0

#Transform 33
Transform: AffineTransform_float_3_3
Parameters: 1 -0.000419556 0.000155607 0.000419599 0.999999 0.000789692 -0.000155314 -0.000789577 0.999999 -0.00181709 0.017552 0.0224607
FixedParameters: 0 0 0

#Transform 34
Transform: AffineTransform_float_3_3
Parameters: 1 -0.000393829 0.000223138 0.000393557 0.999999 0.000608795 -0.000223617 -0.00060862 1 0.0055699 0.00708994 0.0271642
FixedParameters: 0 0 0

#Transform 35
Transform: AffineTransform_float_3_3
Parameters: 1 -0.000263351 0.000183693 0.000262988 1 0.000985504 -0.000184212 -0.000985961 0.999999 0.00133486 -0.0160718 0.0276736
FixedParameters: 0 0 0

#Transform 36
Transform: AffineTransform_float_3_3
Parameters: 1 -6.59909e-05 0.000124329 6.58331e-05 1 0.000634451 -0.000124413 -0.000634434 1 0.0126501 0.0246913 0.0433096
FixedParameters: 0 0 0

#Transform 37
Transform: AffineTransform_float_3_3
Parameters: 1 -0.000183627 -0.000134756 0.000183816 0.999999 0.000700368 0.000134499 -0.000700418 0.999999 0.0196782 0.0305769 0.0370284
FixedParameters: 0 0 0

#Transform 38
Transform: AffineTransform_float_3_3
Parameters: 1 -0.000402713 0.000225662 0.000402581 1 0.000932383 -0.000225457 -0.000932771 0.999999 0.00604298 -0.000394103 0.0460119
FixedParameters: 0 0 0

#Transform 39
Transform: AffineTransform_float_3_3
Parameters: 1 -5.11512e-05 0.000232616 5.16657e-05 0.999999 0.000950073 -0.000233003 -0.000950073 0.999999 -0.00377198 -0.0128819 0.0373687
FixedParameters: 0 0 0

#Transform 40
Transform: AffineTransform_float_3_3
Parameters: 1 -0.000192674 0.000321227 0.000192488 0.999999 0.000740481 -0.000320556 -0.000740374 0.999999 0.00471527 0.0279826 0.029003
FixedParameters: 0 0 0

#Transform 41
Transform: AffineTransform_float_3_3
Parameters: 1 -0.00013729 0.000304491 0.000136929 1 0.00109525 -0.000303781 -0.00109518 1 0.00577816 0.00998092 0.0274566
FixedParameters: 0 0 0

#Transform 42
Transform: AffineTransform_float_3_3
Parameters: 1 -2.4025e-05 0.000270404 2.47776e-05 0.999999 0.000912473 -0.000269782 -0.000912499 0.999999 0.00831919 0.0051864 0.0450835
FixedParameters: 0 0 0

#Transform 43
Transform: AffineTransform_float_3_3
Parameters: 1 4.03503e-05 0.000419162 -4.04402e-05 0.999999 0.00126814 -0.000419294 -0.0012682 0.999999 -0.0105087 -0.00468079 0.0482537
FixedParameters: 0 0 0

#Transform 44
Transform: AffineTransform_float_3_3
Parameters: 1 -1.98148e-05 0.00026911 2.01413e-05 0.999999 0.00177095 -0.000268405 -0.00177098 0.999999 -0.0109717 -0.0211239 0.0428608
FixedParameters: 0 0 0

#Transform 45
Transform: AffineTransform_float_3_3
Parameters: 1 4.01436e-05 0.000251098 -4.08484e-05 0.999999 0.00143661 -0.000250927 -0.00143663 0.999999 -0.00724083 0.023344 0.0359441
FixedParameters: 0 0 0

#Transform 46
Transform: AffineTransform_float_3_3
Parameters: 1 -3.24997e-05 0.000272894 3.25775e-05 0.999998 0.00223277 -0.000272209 -0.00223279 0.999998 -0.00689155 -0.0158383 0.0435852
FixedParameters: 0 0 0

#Transform 47
Transform: AffineTransform_float_3_3
Parameters: 1 -2.52268e-05 0.000270713 2.54411e-05 0.999998 0.00196787 -0.000270037 -0.0019679 0.999998 -0.0127865 -0.0180165 0.0452763
FixedParameters: 0 0 0

#Transform 48
Transform: AffineTransform_float_3_3
Parameters: 1 0.000274253 0.000245663 -0.000275561 0.999997 0.00214426 -0.000245331 -0.00214438 0.999997 -0.00947247 -0.0225765 0.0607964
FixedParameters: 0 0 0

#Transform 49
Transform: AffineTransform_float_3_3
Parameters: 1 0.000347806 0.000158971 -0.000347531 0.999998 0.00230802 -0.000157492 -0.00230815 0.999998 -0.00407235 -0.0102668 0.0398823
FixedParameters: 0 0 0

#Transform 50
Transform: AffineTransform_float_3_3
Parameters: 0.999999 0.000701525 -0.000208675 -0.000700909 0.999996 0.00269003 0.000210753 -0.00268971 0.999997 0.00733361 -0.0262055 0.0293477
FixedParameters: 0 0 0

#Transform 51
Transform: AffineTransform_float_3_3
Parameters: 1 0.000603483 -0.000188805 -0.00060301 0.999997 0.00263987 0.000190242 -0.00264017 0.999996 0.00456007 -0.0333875 0.0313338
FixedParameters: 0 0 0

#Transform 52
Transform: AffineTransform_float_3_3
Parameters: 1 0.00102247 -4.2278e-05 -0.00102204 0.999994 0.00308445 4.56453e-05 -0.00308434 0.999996 0.00427501 -0.0348993 0.0412971
FixedParameters: 0 0 0

#Transform 53
Transform: AffineTransform_float_3_3
Parameters: 1 0.000913103 -0.000202449 -0.000912837 0.999994 0.00332777 0.00020492 -0.0033279 0.999994 0.00623239 -0.0219403 0.0314465
FixedParameters: 0 0 0

#Transform 54
Transform: AffineTransform_float_3_3
Parameters: 1 0.000912718 -0.000392335 -0.000912197 0.999994 0.00326048 0.000394969 -0.00326023 0.999994 0.0071579 -0.0343766 0.0548104
FixedParameters: 0 0 0

#Transform 55
Transform: AffineTransform_float_3_3
Parameters: 1 0.00110779 -6.72531e-05 -0.00110742 0.999993 0.00350791 7.11841e-05 -0.00350828 0.999994 -0.00205234 -0.0557802 0.0413173
FixedParameters: 0 0 0

#Transform 56
Transform: AffineTransform_float_3_3
Parameters: 0.999999 0.00108034 -0.00048356 -0.00107879 0.999992 0.00366338 0.000488261 -0.00366225 0.999993 0.00946429 -0.0351311 0.030591
FixedParameters: 0 0 0

#Transform 57
Transform: AffineTransform_float_3_3
Parameters: 0.999999 0.00111863 -0.000525034 -0.00111693 0.999992 0.00382071 0.000529421 -0.00382081 0.999993 0.0126319 -0.0337175 0.0367761
FixedParameters: 0 0 0

#Transform 58
Transform: AffineTransform_float_3_3
Parameters: 1 0.000864975 -0.000517538 -0.000863281 0.999993 0.00361251 0.000520528 -0.00361291 0.999993 -0.00302416 -0.0469165 0.0528334
FixedParameters: 0 0 0

#Transform 59
Transform: AffineTransform_float_3_3
Parameters: 1 0.000878522 -0.000453528 -0.000877074 0.999993 0.0038013 0.000456994 -0.00380097 0.999993 0.00644311 -0.047054 0.0499265
FixedParameters: 0 0 0

#Transform 60
Transform: AffineTransform_float_3_3
Parameters: 0.999999 0.00116833 -0.000593935 -0.00116597 0.999991 0.00391804 0.00059898 -0.00391738 0.999993 0.0163615 -0.038262 0.045049
FixedParameters: 0 0 0

#Transform 61
Transform: AffineTransform_float_3_3
Parameters: 1 0.000845959 -0.00056805 -0.000843702 0.999993 0.00374841 0.000571175 -0.00374791 0.999993 0.0145899 -0.0267989 0.047079
FixedParameters: 0 0 0

#Transform 62
Transform: AffineTransform_float_3_3
Parameters: 0.999999 0.00110927 -0.000522513 -0.00110749 0.999993 0.00363325 0.000527305 -0.00363256 0.999993 0.016078 -0.0338877 0.0674651
FixedParameters: 0 0 0

#Transform 63
Transform: AffineTransform_float_3_3
Parameters: 0.999999 0.00108539 -0.00061191 -0.00108371 0.999992 0.0040016 0.000616769 -0.00400069 0.999992 0.0163747 -0.0519687 0.0570515
FixedParameters: 0 0 0

#Transform 64
Transform: AffineTransform_float_3_3
Parameters: 0.999999 0.0010553 -0.000505049 -0.00105215 0.999989 0.00465 0.000509657 -0.00464939 0.999989 0.0148963 -0.0513413 0.051185
FixedParameters: 0 0 0

#Transform 65
Transform: AffineTransform_float_3_3
Parameters: 0.999999 0.00138559 -0.000505831 -0.00138387 0.99999 0.00420101 0.000512453 -0.00420004 0.999991 0.0208656 -0.035418 0.0564033
FixedParameters: 0 0 0

#Transform 66
Transform: AffineTransform_float_3_3
Parameters: 0.999999 0.00115126 -0.000493364 -0.00114859 0.99999 0.00430941 0.000497975 -0.00430873 0.99999 0.0155699 -0.0385898 0.0588977
FixedParameters: 0 0 0

#Transform 67
Transform: AffineTransform_float_3_3
Parameters: 0.999998 0.00140853 -0.000589741 -0.00140583 0.999987 0.00487773 0.000596708 -0.00487647 0.999988 0.0242883 -0.061092 0.061352
FixedParameters: 0 0 0

#Transform 68
Transform: AffineTransform_float_3_3
Parameters: 0.999999 0.00139485 -0.000522398 -0.00139304 0.999988 0.00467463 0.000528616 -0.00467357 0.999989 0.0189964 -0.0587708 0.0621509
FixedParameters: 0 0 0

#Transform 69
Transform: AffineTransform_float_3_3
Parameters: 0.999999 0.0013652 -0.000513542 -0.00136219 0.999988 0.0047077 0.000520234 -0.00470674 0.999989 0.0185735 -0.0477757 0.0646867
FixedParameters: 0 0 0

#Transform 70
Transform: AffineTransform_float_3_3
Parameters: 0.999999 0.00147377 -0.00081805 -0.00147039 0.999988 0.00471942 0.000824409 -0.00471792 0.999988 0.0295559 -0.0352304 0.0602391
FixedParameters: 0 0 0

#Transform 71
Transform: AffineTransform_float_3_3
Parameters: 0.999999 0.00135246 -0.00100433 -0.00134814 0.999988 0.00465613 0.00101062 -0.0046546 0.999989 0.0345309 -0.0448523 0.067686
FixedParameters: 0 0 0

#Transform 72
Transform: AffineTransform_float_3_3
Parameters: 0.999999 0.00153097 -0.000724284 -0.00152835 0.999987 0.00482024 0.000731504 -0.00481977 0.999988 0.032887 -0.0505882 0.0638643
FixedParameters: 0 0 0

#Transform 73
Transform: AffineTransform_float_3_3
Parameters: 0.999998 0.00153256 -0.00105693 -0.00152734 0.999986 0.00510363 0.00106446 -0.0051021 0.999987 0.037913 -0.0501001 0.0604941
FixedParameters: 0 0 0

#Transform 74
Transform: AffineTransform_float_3_3
Parameters: 0.999999 0.00148499 -0.00089502 -0.00148048 0.999987 0.00494564 0.000902213 -0.00494473 0.999987 0.0325576 -0.0374384 0.0725529
FixedParameters: 0 0 0

#Transform 75
Transform: AffineTransform_float_3_3
Parameters: 0.999999 0.00145079 -0.00103769 -0.00144614 0.999988 0.00466622 0.00104492 -0.0046644 0.999989 0.0366544 -0.0284349 0.0666686
FixedParameters: 0 0 0

#Transform 76
Transform: AffineTransform_float_3_3
Parameters: 0.999999 0.00147282 -0.000913935 -0.00146769 0.999986 0.00517057 0.000921721 -0.00516962 0.999986 0.0322073 -0.0564082 0.041135
FixedParameters: 0 0 0

#Transform 77
Transform: AffineTransform_float_3_3
Parameters: 0.999998 0.00162216 -0.000900486 -0.00161742 0.999984 0.00533872 0.000908504 -0.00533752 0.999985 0.0337142 -0.0670685 0.0607267
FixedParameters: 0 0 0

#Transform 78
Transform: AffineTransform_float_3_3
Parameters: 0.999999 0.00148919 -0.00086147 -0.00148495 0.999986 0.00514252 0.000868391 -0.00514169 0.999986 0.0379478 -0.0531508 0.0580914
FixedParameters: 0 0 0

#Transform 79
Transform: AffineTransform_float_3_3
Parameters: 0.999998 0.00165604 -0.00103436 -0.00165055 0.999984 0.00546505 0.00104349 -0.00546332 0.999985 0.03865 -0.0322281 0.0548697
FixedParameters: 0 0 0

#Transform 80
Transform: AffineTransform_float_3_3
Parameters: 0.999998 0.0016143 -0.00114725 -0.00160861 0.999987 0.00492283 0.00115499 -0.00492167 0.999987 0.0423917 -0.0242479 0.0833006
FixedParameters: 0 0 0

#Transform 81
Transform: AffineTransform_float_3_3
Parameters: 0.999999 0.00144032 -0.00104022 -0.00143524 0.999986 0.00499989 0.00104742 -0.00499946 0.999987 0.0366644 -0.052624 0.069619
FixedParameters: 0 0 0

#Transform 82
Transform: AffineTransform_float_3_3
Parameters: 0.999998 0.00158212 -0.00091942 -0.0015767 0.999983 0.00558887 0.000927852 -0.00558768 0.999984 0.0296138 -0.0756643 0.0613677
FixedParameters: 0 0 0

#Transform 83
Transform: AffineTransform_float_3_3
Parameters: 0.999999 0.00148096 -0.000874382 -0.00147629 0.999984 0.00529375 0.000881716 -0.00529234 0.999986 0.0321702 -0.0310468 0.0730001
FixedParameters: 0 0 0

#Transform 84
Transform: AffineTransform_float_3_3
Parameters: 0.999998 0.00200969 2.08281e-05 -0.0020102 0.999954 0.00931173 -1.78867e-06 -0.00931188 0.999957 0.000515044 -0.111978 0.0557081
FixedParameters: 0 0 0

#Transform 85
Transform: AffineTransform_float_3_3
Parameters: 0.999998 0.00205225 -0.000498561 -0.00204819 0.999968 0.00775664 0.000514339 -0.00775542 0.99997 0.0189511 -0.0867048 0.0965062
FixedParameters: 0 0 0

#Transform 86
Transform: AffineTransform_float_3_3
Parameters: 0.999997 0.00244781 -0.000632277 -0.00244337 0.999976 0.00635116 0.000647671 -0.00634945 0.99998 0.0707286 -0.0272568 0.300546
FixedParameters: 0 0 0

#Transform 87
Transform: AffineTransform_float_3_3
Parameters: 0.999993 0.00363702 -0.00118231 -0.00363039 0.999976 0.00590228 0.00120398 -0.00589766 0.999982 0.0742502 0.0287706 0.0983177
FixedParameters: 0 0 0

#Transform 88
Transform: AffineTransform_float_3_3
Parameters: 0.999993 0.00355031 -0.000971645 -0.00354151 0.999955 0.00884562 0.00100226 -0.00884253 0.99996 0.051426 -0.269076 0.191609
FixedParameters: 0 0 0

#Transform 89
Transform: AffineTransform_float_3_3
Parameters: 0.999992 0.0036963 -0.00136238 -0.00368421 0.99995 0.00931943 0.00139654 -0.00931439 0.999955 0.0650455 -0.168995 0.123056
FixedParameters: 0 0 0

#Transform 90
Transform: AffineTransform_float_3_3
Parameters: 0.999991 0.00379284 -0.00144056 -0.0037797 0.999951 0.00908701 0.00147559 -0.00908113 0.999957 0.0674894 -0.114244 0.0648776
FixedParameters: 0 0 0

#Transform 91
Transform: AffineTransform_float_3_3
Parameters: 0.999993 0.00354312 -0.00165839 -0.00352671 0.999948 0.00953703 0.00169195 -0.00953139 0.999954 0.0835795 -0.142288 0.0777938
FixedParameters: 0 0 0

#Transform 92
Transform: AffineTransform_float_3_3
Parameters: 0.999988 0.00414885 -0.00245209 -0.00412105 0.999925 0.0115074 0.00249966 -0.0114974 0.999931 0.0979703 -0.0441355 0.074504
FixedParameters: 0 0 0

#Transform 93
Transform: AffineTransform_float_3_3
Parameters: 0.999991 0.00369446 -0.00230642 -0.00366837 0.999931 0.0111687 0.00234836 -0.0111597 0.999935 0.0913604 -0.0510804 0.0701466
FixedParameters: 0 0 0

#Transform 94
Transform: AffineTransform_float_3_3
Parameters: 0.999992 0.00351731 -0.0021907 -0.00349358 0.999935 0.0108862 0.00222824 -0.0108775 0.999939 0.086297 -0.115348 0.113377
FixedParameters: 0 0 0

#Transform 95
Transform: AffineTransform_float_3_3
Parameters: 0.99999 0.00375025 -0.00230949 -0.00372404 0.999929 0.0113002 0.0023518 -0.0112914 0.999933 0.0976941 -0.100514 0.109414
FixedParameters: 0 0 0

#Transform 96
Transform: AffineTransform_float_3_3
Parameters: 0.999989 0.00380318 -0.00257749 -0.00377317 0.999926 0.0115823 0.00262127 -0.0115727 0.99993 0.111755 -0.0902472 0.118699
FixedParameters: 0 0 0

#Transform 97
Transform: AffineTransform_float_3_3
Parameters: 0.99999 0.00399193 -0.00238272 -0.00395888 0.9999 0.0135631 0.00243607 -0.0135536 0.999905 0.104593 -0.0164137 0.0991446
FixedParameters: 0 0 0

#Transform 98
Transform: AffineTransform_float_3_3
Parameters: 0.999988 0.00406187 -0.00255461 -0.00402862 0.999908 0.0129857 0.00260723 -0.0129751 0.999912 0.116145 -0.0994117 0.107268
FixedParameters: 0 0 0

#Transform 99
Transform: AffineTransform_float_3_3
Parameters: 0.999988 0.00403818 -0.00264205 -0.00400556 0.999917 0.0122648 0.00269161 -0.0122545 0.999921 0.123255 -0.0860533 0.130027
FixedParameters: 0 0 0

#Transform 100
Transform: AffineTransform_float_3_3
Parameters: 0.999987 0.00426069 -0.002706 -0.00422704 0.999915 0.0123231 0.00275864 -0.0123124 0.999921 0.133166 -0.0839518 0.13886
FixedParameters: 0 0 0

#Transform 101
Transform: AffineTransform_float_3_3
Parameters: 0.999987 0.00435401 -0.00247831 -0.00432227 0.999911 0.0126361 0.00253245 -0.0126252 0.999917 0.132533 -0.0910487 0.145112
FixedParameters: 0 0 0

#Transform 102
Transform: AffineTransform_float_3_3
Parameters: 0.999986 0.00437579 -0.0029701 -0.00434081 0.99992 0.0118098 0.00302122 -0.0117969 0.999926 0.129979 -0.0641531 0.142848
FixedParameters: 0 0 0

#Transform 103
Transform: AffineTransform_float_3_3
Parameters: 0.999987 0.00419453 -0.00297167 -0.00415887 0.999919 0.0120197 0.00302172 -0.0120073 0.999924 0.129853 -0.0789905 0.1368
FixedParameters: 0 0 0

#Transform 104
Transform: AffineTransform_float_3_3
Parameters: 0.999988 0.00404304 -0.00278239 -0.00401114 0.999925 0.0115734 0.00282917 -0.011562 0.999929 0.129628 -0.0473036 0.11357
FixedParameters: 0 0 0

#Transform 105
Transform: AffineTransform_float_3_3
Parameters: 0.999989 0.00380183 -0.00271538 -0.00377213 0.999933 0.0109856 0.00275739 -0.0109751 0.999936 0.133105 -0.0640957 0.100524
FixedParameters: 0 0 0

#Transform 106
Transform: AffineTransform_float_3_3
Parameters: 0.999987 0.00412824 -0.00280696 -0.00409598 0.999924 0.0115866 0.00285492 -0.0115748 0.999929 0.128282 -0.0958317 0.110152
FixedParameters: 0 0 0

#Transform 107
Transform: AffineTransform_float_3_3
Parameters: 0.999988 0.00398685 -0.00276779 -0.00395571 0.999929 0.0112377 0.00281214 -0.0112271 0.999933 0.130618 -0.0881077 0.1149
FixedParameters: 0 0 0

#Transform 108
Transform: AffineTransform_float_3_3
Parameters: 0.999988 0.00405449 -0.00264091 -0.00402387 0.999925 0.011585 0.00268755 -0.0115747 0.999929 0.12158 -0.115833 0.119254
FixedParameters: 0 0 0

#Transform 109
Transform: AffineTransform_float_3_3
Parameters: 0.999988 0.00394892 -0.00275652 -0.00391739 0.999928 0.0112964 0.00280142 -0.0112852 0.999932 0.127996 -0.0591153 0.120931
FixedParameters: 0 0 0

#Transform 110
Transform: AffineTransform_float_3_3
Parameters: 0.999988 0.00393639 -0.00297109 -0.00390269 0.999927 0.0113831 0.00301634 -0.0113714 0.999931 0.135662 -0.0723053 0.125826
FixedParameters: 0 0 0

#Transform 111
Transform: AffineTransform_float_3_3
Parameters: 0.999991 0.00171235 -0.00383556 -0.00166937 0.999935 0.0112584 0.00385477 -0.0112518 0.99993 0.259348 -0.079912 0.159969
FixedParameters: 0 0 0

#Transform 112
Transform: AffineTransform_float_3_3
Parameters: 0.999995 0.00140521 -0.00275015 -0.00137726 0.999945 0.0104141 0.00276498 -0.0104102 0.999942 0.210788 -0.0569705 0.160119
FixedParameters: 0 0 0

#Transform 113
Transform: AffineTransform_float_3_3
Parameters: 0.999994 0.00162152 -0.00294242 -0.00158993 0.999941 0.0107098 0.00295926 -0.0107056 0.999938 0.214852 -0.0746595 0.154087
FixedParameters: 0 0 0

#Transform 114
Transform: AffineTransform_float_3_3
Parameters: 0.999994 0.0020107 -0.0026554 -0.00198034 0.999936 0.0111054 0.00267739 -0.0110999 0.999935 0.204056 -0.0872578 0.150082
FixedParameters: 0 0 0

#Transform 115
Transform: AffineTransform_float_3_3
Parameters: 0.999994 0.00202216 -0.0028059 -0.00199133 0.999938 0.0109953 0.00282721 -0.010989 0.999936 0.220228 -0.0678323 0.158912
FixedParameters: 0 0 0

#Transform 116
Transform: AffineTransform_float_3_3
Parameters: 0.999993 0.0019147 -0.00308166 -0.00187909 0.999934 0.011394 0.00310351 -0.0113881 0.99993 0.230527 -0.0674346 0.136107
FixedParameters: 0 0 0

#Transform 117
Transform: AffineTransform_float_3_3
Parameters: 0.999993 0.00198853 -0.00319462 -0.00195176 0.999933 0.0114205 0.00321657 -0.0114145 0.999929 0.23969 -0.064917 0.143877
FixedParameters: 0 0 0

#Transform 118
Transform: AffineTransform_float_3_3
Parameters: 0.999994 0.00211384 -0.00266961 -0.0020842 0.999936 0.0111444 0.00269334 -0.0111388 0.999934 0.217757 -0.0725562 0.160529
FixedParameters: 0 0 0

#Transform 119
Transform: AffineTransform_float_3_3
Parameters: 0.999992 0.00214591 -0.00336964 -0.00210649 0.99993 0.0116242 0.00339384 -0.0116163 0.999927 0.232504 -0.0736274 0.162784
FixedParameters: 0 0 0
