# transform file /out/sourcedata/freesurfer/sub-v2s15x29733_ses-1/mri/transforms/cc_up.lta
# created by oesteban on Wed Mar 11 09:19:20 2026

type      = 0 # LINEAR_VOX_TO_VOX
nxforms   = 1
mean      = 128.0000 128.0000 119.0000
sigma     = 10000.0000
1 4 4
9.963206648826599e-01 6.592607498168945e-02 -5.476213991641998e-02 -1.863572239875793e+00 
-6.582671403884888e-02 9.978245496749878e-01 3.618124173954129e-03 2.634022712707520e+01 
5.488153547048569e-02 -2.328306436538696e-10 9.984928369522095e-01 3.067926406860352e+00 
0.000000000000000e+00 0.000000000000000e+00 0.000000000000000e+00 1.000000000000000e+00 
src volume info
valid = 1  # volume info valid
filename = /out/sourcedata/freesurfer/sub-v2s15x29733_ses-1/mri/norm.mgz
volume = 256 256 256
voxelsize = 1.000000000000000e+00 1.000000000000000e+00 1.000000000000000e+00
xras   = -1.000000000000000e+00 0.000000000000000e+00 0.000000000000000e+00
yras   = 0.000000000000000e+00 0.000000000000000e+00 -1.000000000000000e+00
zras   = 0.000000000000000e+00 1.000000000000000e+00 0.000000000000000e+00
cras   = -4.928398132324219e+00 1.007459259033203e+01 2.949436187744141e+01
dst volume info
valid = 1  # volume info valid
filename = /out/sourcedata/freesurfer/sub-v2s15x29733_ses-1/mri/norm.mgz
volume = 256 256 256
voxelsize = 1.000000000000000e+00 1.000000000000000e+00 1.000000000000000e+00
xras   = -1.000000000000000e+00 0.000000000000000e+00 0.000000000000000e+00
yras   = 0.000000000000000e+00 0.000000000000000e+00 -1.000000000000000e+00
zras   = 0.000000000000000e+00 1.000000000000000e+00 0.000000000000000e+00
cras   = -4.928398132324219e+00 1.007459259033203e+01 2.949436187744141e+01
