#Insight Transform File V1.0
#Transform 0
Transform: AffineTransform_float_3_3
Parameters: 0.999998 -0.00168136 0.000413796 0.00168155 0.999999 -0.00021161 -0.000413001 0.000212074 1 0.0503893 -0.0349918 -0.0643217
FixedParameters: 0 0 0

#Transform 1
Transform: AffineTransform_float_3_3
Parameters: 0.999997 -0.00185651 0.00107901 0.00185605 0.999998 0.000250096 -0.00107978 -0.0002479 0.999999 0.0639073 -0.0421058 -0.0684548
FixedParameters: 0 0 0

#Transform 2
Transform: AffineTransform_float_3_3
Parameters: 1 -0.000866984 0.000836206 0.000867031 1 8.67997e-06 -0.000836149 -8.57802e-06 1 0.0467774 -0.0454078 -0.0888088
FixedParameters: 0 0 0

#Transform 3
Transform: AffineTransform_float_3_3
Parameters: 1 -0.00100372 0.00047312 0.00100353 1 0.000221513 -0.000473482 -0.000221026 1 0.0440384 -0.0610158 -0.0844337
FixedParameters: 0 0 0

#Transform 4
Transform: AffineTransform_float_3_3
Parameters: 0.999999 -0.00125653 0.00065703 0.00125658 0.999999 3.9883e-06 -0.000656968 -3.68518e-06 1 0.0460853 -0.0461317 -0.0943475
FixedParameters: 0 0 0

#Transform 5
Transform: AffineTransform_float_3_3
Parameters: 0.999999 -0.00115215 0.000906327 0.00115221 0.999999 -5.69459e-07 -0.000906252 1.3099e-06 0.999999 0.0326513 -0.0478424 -0.101067
FixedParameters: 0 0 0

#Transform 6
Transform: AffineTransform_float_3_3
Parameters: 0.999999 -0.00104118 0.00113423 0.0010409 1 0.000151438 -0.00113447 -0.000150424 0.999999 0.0294356 -0.0214022 -0.117379
FixedParameters: 0 0 0

#Transform 7
Transform: AffineTransform_float_3_3
Parameters: 0.999998 -0.000689184 0.00144805 0.000688412 1 0.000363367 -0.00144759 -0.000362238 0.999999 0.0408053 -0.0269266 -0.0938582
FixedParameters: 0 0 0

#Transform 8
Transform: AffineTransform_float_3_3
Parameters: 0.999999 -0.000255344 0.00078462 0.000255269 1 7.37617e-05 -0.000784668 -7.42462e-05 1 0.0478856 -0.0209147 -0.0947648
FixedParameters: 0 0 0

#Transform 9
Transform: AffineTransform_float_3_3
Parameters: 0.999999 1.00998e-06 0.000825537 -1.80699e-06 1 0.000482723 -0.000825535 -0.000482725 0.999999 0.0464289 -0.0280502 -0.09933
FixedParameters: 0 0 0

#Transform 10
Transform: AffineTransform_float_3_3
Parameters: 0.999999 -0.000287803 0.000632933 0.000287805 1 0.000186595 -0.000632073 -0.000186211 1 0.0540219 -0.0139432 -0.138922
FixedParameters: 0 0 0

#Transform 11
Transform: AffineTransform_float_3_3
Parameters: 1 7.3844e-06 0.000700513 -7.21864e-06 1 -0.000118327 -0.000700515 0.000118317 0.999999 0.0480973 -0.0176834 -0.102095
FixedParameters: 0 0 0

#Transform 12
Transform: AffineTransform_float_3_3
Parameters: 1 -0.000119138 0.000565797 0.000119098 1 3.47207e-05 -0.000565805 -3.45858e-05 1 0.0684537 -0.0292253 -0.0856617
FixedParameters: 0 0 0

#Transform 13
Transform: AffineTransform_float_3_3
Parameters: 1 9.04129e-05 0.000293913 -9.03795e-05 1 -5.68235e-05 -0.000293923 5.67704e-05 1 0.0694521 -0.0310864 -0.0990129
FixedParameters: 0 0 0

#Transform 14
Transform: AffineTransform_float_3_3
Parameters: 1 0.000156682 0.000326037 -0.000156825 1 0.000219995 -0.000325968 -0.000220097 1 0.0710628 -0.0481597 -0.0944626
FixedParameters: 0 0 0

#Transform 15
Transform: AffineTransform_float_3_3
Parameters: 1 -0.000600637 0.000938705 0.00059993 0.999999 0.00104177 -0.000939236 -0.00104147 0.999999 0.0528527 -0.0632243 -0.124492
FixedParameters: 0 0 0

#Transform 16
Transform: AffineTransform_float_3_3
Parameters: 1 -0.000424101 0.000895596 0.00042372 1 0.000887701 -0.000895619 -0.000886884 0.999999 0.0434689 -0.0239436 -0.0648055
FixedParameters: 0 0 0

#Transform 17
Transform: AffineTransform_float_3_3
Parameters: 1 -0.000117136 0.000438583 0.00011687 1 0.000303573 -0.000438654 -0.00030347 1 0.0704652 -0.001615 -0.0974862
FixedParameters: 0 0 0

#Transform 18
Transform: AffineTransform_float_3_3
Parameters: 1 -0.000294388 0.000360065 0.000293468 0.999998 0.00158027 -0.000360109 -0.00158003 0.999998 0.0628572 -0.076692 0.158123
FixedParameters: 0 0 0

#Transform 19
Transform: AffineTransform_float_3_3
Parameters: 1 -0.000463536 0.000272824 0.000463859 0.999999 -0.000517449 -0.000272355 0.000516817 1 0.0119118 0.029003 0.0610481
FixedParameters: 0 0 0

#Transform 20
Transform: AffineTransform_float_3_3
Parameters: 1 6.92728e-05 0.000399001 -6.92354e-05 1 -4.68831e-05 -0.000399007 4.68279e-05 1 -0.000537694 0.0112395 0.0190891
FixedParameters: 0 0 0

#Transform 21
Transform: AffineTransform_float_3_3
Parameters: 1 3.80728e-05 0.000149224 -3.78206e-05 0.999999 -0.000844815 -0.000149289 0.000844803 0.999999 -0.0236628 -0.0075274 0.00493278
FixedParameters: 0 0 0

#Transform 22
Transform: AffineTransform_float_3_3
Parameters: 1 -5.94825e-05 -1.51893e-05 5.9455e-05 0.999999 -0.000898515 1.52961e-05 0.000898513 0.999999 -0.0230802 -0.0364536 0.0359919
FixedParameters: 0 0 0

#Transform 23
Transform: AffineTransform_float_3_3
Parameters: 1 -0.000199584 -0.000436917 0.000199893 0.999999 -0.00075695 0.000436981 0.000756813 0.999999 -0.0135329 -0.0235417 0.00844468
FixedParameters: 0 0 0

#Transform 24
Transform: AffineTransform_float_3_3
Parameters: 1 -0.000559312 -0.000257466 0.00055877 1 -0.00101167 0.000258515 0.00101138 1 0.0020791 -0.0116511 -0.0650938
FixedParameters: 0 0 0

#Transform 25
Transform: AffineTransform_float_3_3
Parameters: 1 -0.000195493 0.000206863 0.000195904 1 -0.00104276 -0.000206537 0.00104284 1 0.00819649 -0.00387752 -0.0432456
FixedParameters: 0 0 0

#Transform 26
Transform: AffineTransform_float_3_3
Parameters: 1 -0.000537101 -0.000172321 0.000536741 1 -0.000984639 0.000173296 0.000984453 1 -0.000626471 0.000656114 -0.0501704
FixedParameters: 0 0 0

#Transform 27
Transform: AffineTransform_float_3_3
Parameters: 0.999999 -0.000620496 -0.000508113 0.000619226 1 -0.000995861 0.000508298 0.00099521 1 -0.0107238 0.0142769 -0.113676
FixedParameters: 0 0 0

#Transform 28
Transform: AffineTransform_float_3_3
Parameters: 1 -0.000593032 -0.000375784 0.000592133 1 -0.00111271 0.000377031 0.00111315 0.999999 0.00463791 0.00862782 -0.0216505
FixedParameters: 0 0 0

#Transform 29
Transform: AffineTransform_float_3_3
Parameters: 1 -0.000525757 -0.000177274 0.000525272 0.999999 -0.000698904 0.000177041 0.000698698 0.999999 -0.0229675 -0.00471281 -0.0377386
FixedParameters: 0 0 0

#Transform 30
Transform: AffineTransform_float_3_3
Parameters: 1 -0.000422006 0.00016979 0.000422102 1 -0.000282104 -0.000169552 0.000282248 1 -0.0140213 -0.0208979 -0.0552738
FixedParameters: 0 0 0

#Transform 31
Transform: AffineTransform_float_3_3
Parameters: 1 -0.000137942 0.000283108 0.000137907 1 6.26321e-05 -0.000283125 -6.2554e-05 1 -0.00102105 -0.00966238 -0.0572163
FixedParameters: 0 0 0

#Transform 32
Transform: AffineTransform_float_3_3
Parameters: 1 8.89471e-05 -0.00027938 -8.91839e-05 1 -0.000423844 0.000279304 0.000423894 1 0.0132493 -0.02587 -0.0828553
FixedParameters: 0 0 0

#Transform 33
Transform: AffineTransform_float_3_3
Parameters: 1 1.95552e-05 -0.00030248 -1.90086e-05 1 -0.000700455 0.000302214 0.000700504 0.999999 0.0126264 -0.0143347 -0.0560174
FixedParameters: 0 0 0

#Transform 34
Transform: AffineTransform_float_3_3
Parameters: 1 0.000269983 9.18413e-05 -0.000270497 0.999999 -0.00130239 -9.14213e-05 0.00130233 0.999999 0.0220949 0.0392913 -0.0508259
FixedParameters: 0 0 0

#Transform 35
Transform: AffineTransform_float_3_3
Parameters: 0.999999 0.000592838 0.000604485 -0.000592665 1 -0.000961506 -0.000605468 0.00096075 1 0.0620287 0.239698 -0.220443
FixedParameters: 0 0 0

#Transform 36
Transform: AffineTransform_float_3_3
Parameters: 0.999999 0.000396014 0.00135974 -0.000394611 1 -0.000516276 -0.00136015 0.000515664 0.999999 0.0347769 -0.116263 -0.00605599
FixedParameters: 0 0 0

#Transform 37
Transform: AffineTransform_float_3_3
Parameters: 0.999999 0.000157347 0.00122696 -0.000156571 1 -0.000316292 -0.00122706 0.00031637 0.999999 0.0214749 0.0087692 -0.0420413
FixedParameters: 0 0 0

#Transform 38
Transform: AffineTransform_float_3_3
Parameters: 1 6.83486e-06 -0.000257087 -6.99228e-06 1 -0.000306157 0.000257083 0.000306161 1 0.0252718 0.00157973 -0.140893
FixedParameters: 0 0 0

#Transform 39
Transform: AffineTransform_float_3_3
Parameters: 0.999999 0.000745407 -0.000574005 -0.000744983 1 -0.000512642 0.000572992 0.000512186 1 0.0110743 -0.00641212 -0.273162
FixedParameters: 0 0 0

#Transform 40
Transform: AffineTransform_float_3_3
Parameters: 0.999999 0.000539245 -0.000722665 -0.000539253 0.999999 -3.4074e-05 0.000722618 3.39681e-05 1 0.0174155 0.000939714 -0.241864
FixedParameters: 0 0 0

#Transform 41
Transform: AffineTransform_float_3_3
Parameters: 1 0.000968549 -0.000608701 -0.000968378 1 9.05015e-05 0.000608949 -9.06704e-05 1 0.0516973 -0.000861463 -0.153212
FixedParameters: 0 0 0

#Transform 42
Transform: AffineTransform_float_3_3
Parameters: 0.999998 0.00157688 -0.0012435 -0.00157696 0.999999 -8.09031e-05 0.00124339 8.21285e-05 0.999999 0.0381658 0.0206166 -0.10747
FixedParameters: 0 0 0

#Transform 43
Transform: AffineTransform_float_3_3
Parameters: 0.999998 0.00141467 -0.000894694 -0.00141474 0.999999 -7.12149e-05 0.000894563 7.2398e-05 0.999999 0.030074 0.0406698 -0.0765138
FixedParameters: 0 0 0

#Transform 44
Transform: AffineTransform_float_3_3
Parameters: 0.999999 0.00112825 -0.00143897 -0.00112904 0.999999 -0.000714909 0.00143815 0.000717329 0.999999 0.017494 0.0282131 -0.0561621
FixedParameters: 0 0 0

#Transform 45
Transform: AffineTransform_float_3_3
Parameters: 0.999999 0.00118065 -0.000697724 -0.0011811 0.999999 -0.000540457 0.000697487 0.000540776 1 0.0135459 0.00389938 -0.091205
FixedParameters: 0 0 0

#Transform 46
Transform: AffineTransform_float_3_3
Parameters: 0.999999 0.00117711 -0.000425904 -0.0011775 0.999999 -0.000478891 0.000424858 0.00047943 1 0.0207358 0.0531765 -0.126849
FixedParameters: 0 0 0

#Transform 47
Transform: AffineTransform_float_3_3
Parameters: 0.999999 0.000976594 -0.000433036 -0.000976605 1 -0.000334596 0.000433341 0.000334113 1 0.0145132 0.0784336 -0.129412
FixedParameters: 0 0 0

#Transform 48
Transform: AffineTransform_float_3_3
Parameters: 1 0.00117634 0.000244524 -0.00117668 0.999999 0.000237764 -0.000244849 -0.000238822 1 0.0108655 0.0338515 -0.0640984
FixedParameters: 0 0 0

#Transform 49
Transform: AffineTransform_float_3_3
Parameters: 0.999998 0.00143435 0.000868252 -0.00143429 0.999999 0.000497938 -0.000867049 -0.000499505 1 0.00703919 0.0151599 -0.0373763
FixedParameters: 0 0 0

#Transform 50
Transform: AffineTransform_float_3_3
Parameters: 0.999998 0.00132031 0.000965589 -0.00131991 0.999999 -0.000105958 -0.000964888 0.000104314 1 -0.00217461 0.0390745 -0.0444833
FixedParameters: 0 0 0

#Transform 51
Transform: AffineTransform_float_3_3
Parameters: 0.999998 0.00120856 0.00115893 -0.00120854 0.999999 -4.53168e-05 -0.00115902 4.47496e-05 0.999999 -0.00471742 0.0242793 -0.0245978
FixedParameters: 0 0 0

#Transform 52
Transform: AffineTransform_float_3_3
Parameters: 0.999999 0.00140734 0.000351473 -0.00140775 0.999999 0.000206048 -0.000351767 -0.000206635 1 -0.00168963 0.0372951 -0.0196056
FixedParameters: 0 0 0

#Transform 53
Transform: AffineTransform_float_3_3
Parameters: 0.999999 0.00145472 0.000445082 -0.00145531 0.999999 0.000366031 -0.000444891 -0.000366923 0.999999 0.00654667 0.0342508 -0.0393666
FixedParameters: 0 0 0

#Transform 54
Transform: AffineTransform_float_3_3
Parameters: 0.999999 0.00133472 0.000731644 -0.00133496 0.999999 0.000131573 -0.000731282 -0.000132641 1 0.00692393 0.0426226 -0.0386697
FixedParameters: 0 0 0

#Transform 55
Transform: AffineTransform_float_3_3
Parameters: 0.999999 0.0014288 0.000310343 -0.0014283 0.999999 0.000340959 -0.000310482 -0.000341405 1 0.00677552 0.0453153 -0.0695426
FixedParameters: 0 0 0

#Transform 56
Transform: AffineTransform_float_3_3
Parameters: 1 0.00101728 0.00055231 -0.00101651 0.999999 0.00019739 -0.000552064 -0.000198474 1 -0.00253932 0.0533194 -0.0998039
FixedParameters: 0 0 0

#Transform 57
Transform: AffineTransform_float_3_3
Parameters: 1 0.00103714 0.000343071 -0.00103697 0.999999 0.000823201 -0.000342569 -0.000823894 1 0.012292 0.0711959 -0.085368
FixedParameters: 0 0 0

#Transform 58
Transform: AffineTransform_float_3_3
Parameters: 0.999999 0.000935038 0.00100138 -0.000936267 0.999999 0.000978587 -0.00100075 -0.000980443 0.999999 -0.0116907 0.0457266 -0.0839749
FixedParameters: 0 0 0

#Transform 59
Transform: AffineTransform_float_3_3
Parameters: 1 0.000271679 0.00115138 -0.00027311 0.999999 0.0014557 -0.00115114 -0.00145579 0.999998 -0.0060628 0.0366669 -0.0746806
FixedParameters: 0 0 0

#Transform 60
Transform: AffineTransform_float_3_3
Parameters: 1 0.00057452 -0.000353889 -0.000573957 1 0.00079448 0.000354801 -0.000794536 0.999999 -0.0261356 -0.00127312 0.158269
FixedParameters: 0 0 0

#Transform 61
Transform: AffineTransform_float_3_3
Parameters: 0.999997 0.00114506 0.0020381 -0.00114291 0.999999 -0.000727856 -0.00203854 0.000726336 0.999998 -0.0139131 0.00524224 0.0568505
FixedParameters: 0 0 0

#Transform 62
Transform: AffineTransform_float_3_3
Parameters: 0.999991 0.000136217 0.00408744 -0.000137444 0.999999 0.000288514 -0.00408764 -0.000289426 0.999992 0.0375616 0.0339512 0.0418075
FixedParameters: 0 0 0

#Transform 63
Transform: AffineTransform_float_3_3
Parameters: 0.999999 0.0016935 -0.000520188 -0.0016934 0.999999 5.054e-05 0.000520522 -4.97034e-05 1 0.119414 0.0871689 -0.099009
FixedParameters: 0 0 0

#Transform 64
Transform: AffineTransform_float_3_3
Parameters: 0.999998 0.00168345 0.000283895 -0.00168357 0.999998 0.00102176 -0.000282618 -0.0010223 1 0.146807 0.0538599 -0.0258008
FixedParameters: 0 0 0

#Transform 65
Transform: AffineTransform_float_3_3
Parameters: 1 0.00115515 0.000413524 -0.00115555 0.999998 0.00132231 -0.000411665 -0.00132236 0.999999 0.108168 0.0401376 0.0446132
FixedParameters: 0 0 0

#Transform 66
Transform: AffineTransform_float_3_3
Parameters: 1 0.00121765 -0.00029963 -0.00121729 0.999999 0.00138924 0.000301077 -0.00138901 0.999999 0.13917 0.0422211 -0.0252287
FixedParameters: 0 0 0

#Transform 67
Transform: AffineTransform_float_3_3
Parameters: 0.999999 0.00136067 -0.000780205 -0.00136061 0.999998 0.000776688 0.000781661 -0.000775968 0.999999 0.141902 0.0282465 -0.105293
FixedParameters: 0 0 0

#Transform 68
Transform: AffineTransform_float_3_3
Parameters: 0.999998 0.00154594 -0.000892629 -0.00154401 0.999998 0.00132578 0.000894778 -0.00132441 0.999999 0.129218 0.0368047 -0.10603
FixedParameters: 0 0 0

#Transform 69
Transform: AffineTransform_float_3_3
Parameters: 0.999999 0.00134458 -0.000673728 -0.00134385 0.999999 0.000497062 0.000675136 -0.000496597 1 0.121942 0.0465893 -0.11581
FixedParameters: 0 0 0

#Transform 70
Transform: AffineTransform_float_3_3
Parameters: 0.999999 0.00133939 -0.000692424 -0.0013393 0.999999 0.000226794 0.000692145 -0.000225422 0.999999 0.140807 0.0704627 -0.140547
FixedParameters: 0 0 0

#Transform 71
Transform: AffineTransform_float_3_3
Parameters: 0.999999 0.00118265 -0.000934148 -0.00118215 0.999999 0.000889839 0.000935512 -0.000888571 1 0.123772 0.121631 -0.242066
FixedParameters: 0 0 0

#Transform 72
Transform: AffineTransform_float_3_3
Parameters: 1 0.000695348 -0.000950358 -0.000694119 0.999999 0.00125962 0.000951369 -0.00125925 0.999999 0.115088 0.0779261 -0.217379
FixedParameters: 0 0 0

#Transform 73
Transform: AffineTransform_float_3_3
Parameters: 0.999999 0.00100963 -0.000880438 -0.00100921 0.999999 0.000897291 0.00088151 -0.000896455 1 0.110798 0.0423486 -0.165093
FixedParameters: 0 0 0

#Transform 74
Transform: AffineTransform_float_3_3
Parameters: 0.999998 0.000961616 -0.00138333 -0.000961205 1 0.000205084 0.00138273 -0.000204214 0.999999 0.119263 0.0278597 -0.197656
FixedParameters: 0 0 0

#Transform 75
Transform: AffineTransform_float_3_3
Parameters: 0.999998 0.00161689 -0.00132819 -0.00161635 0.999999 0.000637577 0.00132959 -0.000634686 0.999999 0.121175 0.0680075 -0.170793
FixedParameters: 0 0 0

#Transform 76
Transform: AffineTransform_float_3_3
Parameters: 0.999999 0.00131766 -0.00129749 -0.00131619 0.999999 0.000990149 0.00129943 -0.000989019 0.999999 0.116146 0.0537885 -0.193374
FixedParameters: 0 0 0

#Transform 77
Transform: AffineTransform_float_3_3
Parameters: 0.999999 0.0014192 -0.00114734 -0.00141714 0.999998 0.0016139 0.00114924 -0.00161209 0.999998 0.109148 0.0989325 -0.180587
FixedParameters: 0 0 0

#Transform 78
Transform: AffineTransform_float_3_3
Parameters: 0.999998 0.00149268 -0.00130279 -0.00149047 0.999997 0.00184881 0.00130587 -0.00184641 0.999997 0.0998195 0.0699565 -0.16357
FixedParameters: 0 0 0

#Transform 79
Transform: AffineTransform_float_3_3
Parameters: 0.999997 0.0018409 -0.00123971 -0.00184034 0.999998 0.000272915 0.00123989 -0.000271067 0.999999 0.103121 0.0650536 -0.188137
FixedParameters: 0 0 0

#Transform 80
Transform: AffineTransform_float_3_3
Parameters: 0.999998 0.00185806 -0.000902119 -0.00185948 0.999998 -0.00121737 0.000900566 0.00121897 0.999999 0.116037 0.0567753 -0.209534
FixedParameters: 0 0 0

#Transform 81
Transform: AffineTransform_float_3_3
Parameters: 0.999998 0.00199203 -0.000649421 -0.00199189 0.999998 0.000413733 0.000649287 -0.000412997 1 0.110365 0.0853908 -0.182524
FixedParameters: 0 0 0

#Transform 82
Transform: AffineTransform_float_3_3
Parameters: 0.999998 0.00169057 -0.000118587 -0.0016898 0.999998 0.000250421 0.000118318 -0.00024958 1 0.117953 0.0768058 -0.195817
FixedParameters: 0 0 0

#Transform 83
Transform: AffineTransform_float_3_3
Parameters: 0.999998 0.00207896 -0.000327727 -0.00207996 0.999997 -0.000469063 0.000327146 0.000469481 1 0.126116 0.0994519 -0.21393
FixedParameters: 0 0 0

#Transform 84
Transform: AffineTransform_float_3_3
Parameters: 0.999998 0.00197205 -0.000674504 -0.00197259 0.999998 -0.000605615 0.000673244 0.000607367 0.999999 0.122871 0.105102 -0.224213
FixedParameters: 0 0 0

#Transform 85
Transform: AffineTransform_float_3_3
Parameters: 0.999998 0.0015391 -0.000789313 -0.00153841 0.999999 0.000550009 0.000790109 -0.00054941 0.999999 0.137476 0.11077 -0.276722
FixedParameters: 0 0 0

#Transform 86
Transform: AffineTransform_float_3_3
Parameters: 0.999998 0.00157769 -0.000553445 -0.00157778 0.999998 0.000111236 0.000552909 -0.000109973 1 0.131435 0.10344 -0.214357
FixedParameters: 0 0 0

#Transform 87
Transform: AffineTransform_float_3_3
Parameters: 0.999998 0.00173236 -0.000852319 -0.00173176 0.999998 0.000445589 0.000853047 -0.000444466 0.999999 0.14852 0.0978185 -0.139956
FixedParameters: 0 0 0

#Transform 88
Transform: AffineTransform_float_3_3
Parameters: 0.999997 0.00146778 -0.00164995 -0.00146379 0.999996 0.00235261 0.00165349 -0.00235061 0.999996 0.16163 0.0669269 -0.112039
FixedParameters: 0 0 0

#Transform 89
Transform: AffineTransform_float_3_3
Parameters: 0.999993 0.00303551 0.00236046 -0.00303159 0.999995 -0.00134646 -0.00236467 0.00133873 0.999996 0.131381 0.0677259 -0.116642
FixedParameters: 0 0 0

#Transform 90
Transform: AffineTransform_float_3_3
Parameters: 0.99999 0.00334547 0.00303272 -0.00333406 0.999988 -0.00364109 -0.00304429 0.00363074 0.999989 0.106778 0.141935 -0.111004
FixedParameters: 0 0 0

#Transform 91
Transform: AffineTransform_float_3_3
Parameters: 0.99999 0.00402009 0.00203169 -0.00401162 0.999983 -0.00416661 -0.00204773 0.00415799 0.999989 0.120138 0.12771 -0.106101
FixedParameters: 0 0 0

#Transform 92
Transform: AffineTransform_float_3_3
Parameters: 0.999991 0.00384843 0.00159923 -0.00384161 0.999985 -0.00392686 -0.0016137 0.00392102 0.999991 0.117618 0.132994 -0.159996
FixedParameters: 0 0 0

#Transform 93
Transform: AffineTransform_float_3_3
Parameters: 0.999993 0.00354521 0.00125233 -0.00354049 0.999987 -0.00365009 -0.00126579 0.00364546 0.999992 0.119955 0.12047 -0.17205
FixedParameters: 0 0 0

#Transform 94
Transform: AffineTransform_float_3_3
Parameters: 0.999993 0.0037082 0.000637131 -0.0037059 0.999987 -0.00348091 -0.000649993 0.0034783 0.999994 0.126606 0.134191 -0.197799
FixedParameters: 0 0 0

#Transform 95
Transform: AffineTransform_float_3_3
Parameters: 0.999992 0.00394031 0.00052673 -0.00393812 0.999988 -0.0026808 -0.00053707 0.00267834 0.999996 0.11771 0.138731 -0.127134
FixedParameters: 0 0 0

#Transform 96
Transform: AffineTransform_float_3_3
Parameters: 0.999992 0.0040331 0.000556396 -0.00403077 0.999987 -0.00314995 -0.000568917 0.00314803 0.999995 0.125676 0.116219 -0.122054
FixedParameters: 0 0 0

#Transform 97
Transform: AffineTransform_float_3_3
Parameters: 0.999991 0.00426989 0.000573141 -0.00426828 0.999986 -0.00328439 -0.000587971 0.00328198 0.999994 0.124333 0.112851 -0.121586
FixedParameters: 0 0 0

#Transform 98
Transform: AffineTransform_float_3_3
Parameters: 0.999992 0.00391932 0.000108596 -0.00391917 0.999986 -0.00366158 -0.000122673 0.0036611 0.999994 0.133716 0.0995115 -0.154552
FixedParameters: 0 0 0

#Transform 99
Transform: AffineTransform_float_3_3
Parameters: 0.999991 0.00410441 -0.000225735 -0.00410541 0.999983 -0.00403677 0.000208906 0.00403859 0.999992 0.138473 0.0772422 -0.18228
FixedParameters: 0 0 0

#Transform 100
Transform: AffineTransform_float_3_3
Parameters: 0.999992 0.00420862 -1.25799e-05 -0.00420885 0.999983 -0.00402977 -4.7007e-06 0.0040298 0.999992 0.137595 0.0887449 -0.21678
FixedParameters: 0 0 0

#Transform 101
Transform: AffineTransform_float_3_3
Parameters: 0.999991 0.00415475 0.000141907 -0.00415372 0.999986 -0.00334207 -0.000156082 0.00334169 0.999995 0.134006 0.132715 -0.179355
FixedParameters: 0 0 0

#Transform 102
Transform: AffineTransform_float_3_3
Parameters: 0.999991 0.00414037 0.000340389 -0.00413865 0.999985 -0.0035593 -0.000355129 0.00355861 0.999994 0.148634 0.11526 -0.174375
FixedParameters: 0 0 0

#Transform 103
Transform: AffineTransform_float_3_3
Parameters: 0.999991 0.00426643 0.000440509 -0.00426506 0.999985 -0.00341407 -0.000454499 0.00341195 0.999994 0.16777 0.0964298 -0.136207
FixedParameters: 0 0 0

#Transform 104
Transform: AffineTransform_float_3_3
Parameters: 0.999992 0.00407907 -1.04547e-05 -0.00407826 0.999987 -0.00313762 -2.68293e-06 0.00313765 0.999995 0.161489 0.124452 -0.189978
FixedParameters: 0 0 0

#Transform 105
Transform: AffineTransform_float_3_3
Parameters: 0.999994 0.00354074 0.000331079 -0.00353976 0.999989 -0.00275925 -0.000340901 0.00275816 0.999996 0.14943 0.113743 -0.197962
FixedParameters: 0 0 0

#Transform 106
Transform: AffineTransform_float_3_3
Parameters: 0.99999 0.00442314 0.000927876 -0.00441802 0.999977 -0.00534363 -0.000951668 0.00533963 0.999985 0.145331 0.161282 -0.219194
FixedParameters: 0 0 0

#Transform 107
Transform: AffineTransform_float_3_3
Parameters: 0.999993 0.00366482 0.000121937 -0.0036645 0.999986 -0.00385411 -0.00013565 0.0038527 0.999992 0.142566 0.0938732 -0.16485
FixedParameters: 0 0 0

#Transform 108
Transform: AffineTransform_float_3_3
Parameters: 0.999992 0.0040344 -0.000499793 -0.00403551 0.999988 -0.00280538 0.000488458 0.00280761 0.999996 0.14701 0.107944 -0.138205
FixedParameters: 0 0 0

#Transform 109
Transform: AffineTransform_float_3_3
Parameters: 0.999984 0.00530827 0.00164113 -0.00530077 0.999976 -0.00443691 -0.00166458 0.00442802 0.999989 0.155443 -0.0787673 -0.157501
FixedParameters: 0 0 0

#Transform 110
Transform: AffineTransform_float_3_3
Parameters: 0.999993 0.00327274 0.00170241 -0.00325373 0.999938 -0.0106181 -0.00173686 0.0106127 0.999942 0.227419 0.0124656 -0.452685
FixedParameters: 0 0 0

#Transform 111
Transform: AffineTransform_float_3_3
Parameters: 0.999996 0.00178331 0.00193748 -0.00176295 0.999941 -0.0106866 -0.00195647 0.0106831 0.999941 0.210755 0.446299 -0.30453
FixedParameters: 0 0 0

#Transform 112
Transform: AffineTransform_float_3_3
Parameters: 0.999995 0.00141803 0.00293418 -0.00139307 0.999963 -0.00847927 -0.00294571 0.00847512 0.99996 0.191521 0.0920702 -0.0346005
FixedParameters: 0 0 0

#Transform 113
Transform: AffineTransform_float_3_3
Parameters: 0.999998 0.00104991 0.00169633 -0.0010351 0.99996 -0.00889758 -0.00170627 0.00889575 0.999959 0.190173 0.064862 -0.0688055
FixedParameters: 0 0 0

#Transform 114
Transform: AffineTransform_float_3_3
Parameters: 0.999998 0.00145277 0.00128533 -0.00144179 0.999967 -0.00792669 -0.00129625 0.00792449 0.999968 0.194669 0.0967012 -0.0919552
FixedParameters: 0 0 0

#Transform 115
Transform: AffineTransform_float_3_3
Parameters: 0.999998 0.00160836 0.00112944 -0.00159997 0.999969 -0.00775452 -0.00114124 0.00775242 0.99997 0.201076 0.103362 -0.081309
FixedParameters: 0 0 0

#Transform 116
Transform: AffineTransform_float_3_3
Parameters: 0.999993 0.00271398 0.00243477 -0.0026956 0.999967 -0.00761619 -0.00245511 0.00760955 0.999968 0.199977 0.113427 -0.111429
FixedParameters: 0 0 0

#Transform 117
Transform: AffineTransform_float_3_3
Parameters: 0.999993 0.00231421 0.00325538 -0.002289 0.999968 -0.00764067 -0.00327238 0.00763336 0.999965 0.213655 0.109309 -0.0332457
FixedParameters: 0 0 0

#Transform 118
Transform: AffineTransform_float_3_3
Parameters: 0.999995 0.00230524 0.00216574 -0.00228733 0.999963 -0.00828821 -0.0021846 0.00828259 0.999963 0.204838 0.0777597 -0.073044
FixedParameters: 0 0 0

#Transform 119
Transform: AffineTransform_float_3_3
Parameters: 0.999995 0.00253809 0.00158143 -0.00252555 0.999964 -0.00819917 -0.0016017 0.00819565 0.999965 0.191695 0.117773 -0.0848788
FixedParameters: 0 0 0
