#Insight Transform File V1.0
#Transform 0
Transform: AffineTransform_float_3_3
Parameters: 0.999996 -0.000121118 -0.00255475 0.000145704 0.999957 0.00927074 0.00255345 -0.00927125 0.999954 -0.532625 -0.21471 0.0979545
FixedParameters: 0 0 0

#Transform 1
Transform: AffineTransform_float_3_3
Parameters: 0.99999 0.000404849 -0.00440482 -0.000344394 0.999904 0.0138514 0.0044102 -0.0138496 0.999894 -0.448707 -0.247025 -0.109818
FixedParameters: 0 0 0

#Transform 2
Transform: AffineTransform_float_3_3
Parameters: 0.999989 0.00297263 -0.00378698 -0.00289724 0.9998 0.0198357 0.00384521 -0.0198243 0.999796 -0.475203 -0.627587 0.370938
FixedParameters: 0 0 0

#Transform 3
Transform: AffineTransform_float_3_3
Parameters: 0.999993 0.00142401 -0.00361914 -0.00139361 0.999964 0.00837618 0.00363059 -0.00837181 0.999958 -0.340197 -0.116629 0.0229184
FixedParameters: 0 0 0

#Transform 4
Transform: AffineTransform_float_3_3
Parameters: 0.99999 0.0019826 -0.00416043 -0.0019384 0.999944 0.0104115 0.00418051 -0.0104035 0.999937 -0.364588 -0.427775 0.193928
FixedParameters: 0 0 0

#Transform 5
Transform: AffineTransform_float_3_3
Parameters: 0.999999 0.00122645 0.000551579 -0.00123062 0.999958 0.00907324 -0.000540645 -0.00907378 0.999959 -0.506223 -0.392494 0.532279
FixedParameters: 0 0 0

#Transform 6
Transform: AffineTransform_float_3_3
Parameters: 0.999999 0.000687319 0.000267279 -0.000689279 0.999953 0.00976173 -0.000260152 -0.00976128 0.999952 -0.489746 -0.30034 0.445157
FixedParameters: 0 0 0

#Transform 7
Transform: AffineTransform_float_3_3
Parameters: 0.999999 0.000981819 -0.00149959 -0.000976259 0.999992 0.00363766 0.00150321 -0.00363633 0.999992 -0.288346 0.146003 -0.259249
FixedParameters: 0 0 0

#Transform 8
Transform: AffineTransform_float_3_3
Parameters: 0.999999 0.00072541 -0.00121265 -0.00071834 0.999986 0.00524797 0.00121577 -0.00524702 0.999985 -0.394943 -0.162274 -0.00584037
FixedParameters: 0 0 0

#Transform 9
Transform: AffineTransform_float_3_3
Parameters: 0.999999 0.000798635 -0.00108235 -0.000793622 0.999988 0.00478396 0.00108647 -0.00478304 0.999988 -0.212577 -0.123296 0.0257303
FixedParameters: 0 0 0

#Transform 10
Transform: AffineTransform_float_3_3
Parameters: 0.999999 0.000478602 -0.000581458 -0.000473609 0.999968 0.00806038 0.000585321 -0.00806063 0.999968 -0.239746 -0.264378 0.327475
FixedParameters: 0 0 0

#Transform 11
Transform: AffineTransform_float_3_3
Parameters: 1 0.000153741 -9.99836e-05 -0.000153826 0.999983 0.00585401 0.000101147 -0.00585398 0.999983 -0.225985 -0.170797 0.337001
FixedParameters: 0 0 0

#Transform 12
Transform: AffineTransform_float_3_3
Parameters: 0.999999 -1.81704e-05 0.00130559 1.08789e-05 0.999984 0.00569931 -0.00130509 -0.00569868 0.999983 -0.25326 -0.167324 0.880844
FixedParameters: 0 0 0

#Transform 13
Transform: AffineTransform_float_3_3
Parameters: 0.999995 0.00138982 0.00263693 -0.00141634 0.999949 0.0099813 -0.00262273 -0.0099847 0.999946 -0.279646 -0.348264 0.683811
FixedParameters: 0 0 0

#Transform 14
Transform: AffineTransform_float_3_3
Parameters: 0.999991 2.15543e-05 -0.00419756 -2.14129e-05 1 0.000129753 0.00419787 -0.000130248 0.999991 -0.452179 0.0235922 -1.14541
FixedParameters: 0 0 0

#Transform 15
Transform: AffineTransform_float_3_3
Parameters: 0.999992 0.000137611 0.00402045 -0.000136791 1 -0.000259085 -0.00402116 0.000258916 0.999992 -0.370073 -0.0788054 0.527164
FixedParameters: 0 0 0

#Transform 16
Transform: AffineTransform_float_3_3
Parameters: 0.999995 -0.000422747 0.00313224 0.000426088 0.999999 -0.00108709 -0.00313228 0.00108891 0.999995 -0.198453 -0.0571987 0.392754
FixedParameters: 0 0 0

#Transform 17
Transform: AffineTransform_float_3_3
Parameters: 0.99999 0.00065383 0.00446209 -0.000652924 1 -0.000102655 -0.00446223 0.000100343 0.99999 -0.141098 -0.0295046 0.26069
FixedParameters: 0 0 0

#Transform 18
Transform: AffineTransform_float_3_3
Parameters: 1 -0.000269997 9.76455e-05 0.000269978 0.999999 -0.00150197 -9.77845e-05 0.00150203 0.999999 -0.0968812 0.0103243 -0.284831
FixedParameters: 0 0 0

#Transform 19
Transform: AffineTransform_float_3_3
Parameters: 0.999999 0.000864802 -0.000184843 -0.000865215 0.999995 -0.00282984 0.000181847 0.00283016 0.999996 -0.0535882 0.100142 -0.070403
FixedParameters: 0 0 0

#Transform 20
Transform: AffineTransform_float_3_3
Parameters: 0.999999 -0.000326214 -0.00144518 0.000328234 0.999998 0.00168512 0.00144501 -0.00168488 0.999998 0.0298659 -0.00506513 0.00803247
FixedParameters: 0 0 0

#Transform 21
Transform: AffineTransform_float_3_3
Parameters: 1 0.00120672 -0.000168888 -0.00120687 0.999999 -0.000449093 0.000167804 0.000448906 1 -0.135317 -0.103052 -0.127218
FixedParameters: 0 0 0

#Transform 22
Transform: AffineTransform_float_3_3
Parameters: 0.999997 -3.81397e-05 0.00243047 4.47235e-05 0.999997 -0.00245981 -0.0024306 0.00246019 0.999994 -0.220615 0.0303387 -0.0447458
FixedParameters: 0 0 0

#Transform 23
Transform: AffineTransform_float_3_3
Parameters: 0.999997 0.000499606 0.0026588 -0.000493366 0.999997 -0.00230433 -0.00266016 0.00230267 0.999994 -0.146987 0.0542771 0.00930411
FixedParameters: 0 0 0

#Transform 24
Transform: AffineTransform_float_3_3
Parameters: 0.999999 -0.000761901 0.00137416 0.000768522 0.999989 -0.00471185 -0.00137014 0.00471315 0.999988 -0.199931 0.38331 -0.295997
FixedParameters: 0 0 0

#Transform 25
Transform: AffineTransform_float_3_3
Parameters: 0.999999 -0.00011093 0.00147908 0.000108967 1 0.00098426 -0.00147961 -0.000984739 0.999998 -0.155751 -0.127463 0.284178
FixedParameters: 0 0 0

#Transform 26
Transform: AffineTransform_float_3_3
Parameters: 0.999987 0.000630815 0.00520159 -0.000654076 0.99999 0.00454701 -0.00519944 -0.00455 0.999976 -0.296745 -0.188317 0.767469
FixedParameters: 0 0 0

#Transform 27
Transform: AffineTransform_float_3_3
Parameters: 0.999988 0.000969582 0.00483354 -0.00098937 0.999991 0.00420712 -0.00482901 -0.00421188 0.99998 -0.294896 -0.0403502 0.372701
FixedParameters: 0 0 0

#Transform 28
Transform: AffineTransform_float_3_3
Parameters: 0.999998 0.000849771 -0.00204043 -0.000844889 0.999997 0.00212432 0.00204212 -0.00212268 0.999996 -0.139492 0.0630496 -0.802955
FixedParameters: 0 0 0

#Transform 29
Transform: AffineTransform_float_3_3
Parameters: 1 -0.000930444 0.000734367 0.000931527 0.999998 -0.00181132 -0.000732581 0.00181268 0.999998 -0.0961026 0.166522 -0.567543
FixedParameters: 0 0 0

#Transform 30
Transform: AffineTransform_float_3_3
Parameters: 0.999998 -0.00158134 0.000559031 0.00158425 0.999987 -0.00486242 -0.000551237 0.00486358 0.999988 -0.0277034 0.304899 -0.653715
FixedParameters: 0 0 0

#Transform 31
Transform: AffineTransform_float_3_3
Parameters: 0.999998 -0.00166041 0.00118686 0.00166026 0.999999 6.14748e-05 -0.00118706 -5.9525e-05 0.999999 -0.0521022 -0.108476 -0.116678
FixedParameters: 0 0 0

#Transform 32
Transform: AffineTransform_float_3_3
Parameters: 0.999998 -0.00132973 0.00148204 0.00133684 0.999987 -0.00495713 -0.0014758 0.00495887 0.999987 -0.191439 0.468195 -0.772159
FixedParameters: 0 0 0

#Transform 33
Transform: AffineTransform_float_3_3
Parameters: 0.999996 0.000182784 0.00282437 -0.000178591 0.999999 -0.00163852 -0.00282435 0.00163848 0.999994 -0.116309 0.000221725 -0.123764
FixedParameters: 0 0 0

#Transform 34
Transform: AffineTransform_float_3_3
Parameters: 0.999996 0.000565388 0.00280354 -0.000574407 0.999994 0.00335869 -0.00280189 -0.00336032 0.999991 -0.0294582 -0.17811 0.480813
FixedParameters: 0 0 0

#Transform 35
Transform: AffineTransform_float_3_3
Parameters: 0.999997 0.000598385 0.00230058 -0.000607203 0.999991 0.00425751 -0.00229793 -0.0042585 0.999988 0.00832076 -0.0481965 0.357309
FixedParameters: 0 0 0

#Transform 36
Transform: AffineTransform_float_3_3
Parameters: 0.999999 1.97628e-05 0.00127348 -1.65943e-05 0.999997 -0.00248563 -0.00127359 0.00248537 0.999996 -0.0859706 0.301876 -0.618281
FixedParameters: 0 0 0

#Transform 37
Transform: AffineTransform_float_3_3
Parameters: 0.999992 -7.59012e-05 0.00403979 3.91367e-05 0.999959 0.00912851 -0.00404037 -0.0091285 0.99995 -0.281337 -0.19635 -0.0220699
FixedParameters: 0 0 0

#Transform 38
Transform: AffineTransform_float_3_3
Parameters: 0.999991 0.00247952 0.00360382 -0.00251403 0.999952 0.00956683 -0.00357992 -0.00957519 0.999948 -0.40723 0.156747 0.178551
FixedParameters: 0 0 0

#Transform 39
Transform: AffineTransform_float_3_3
Parameters: 0.999988 0.00107479 0.00465842 -0.00113134 0.999925 0.0121653 -0.00464494 -0.0121707 0.999915 -0.354787 -0.233477 0.795417
FixedParameters: 0 0 0

#Transform 40
Transform: AffineTransform_float_3_3
Parameters: 0.999982 0.000613109 0.00596655 -0.000677541 0.999942 0.0107586 -0.00595999 -0.0107624 0.999924 -0.346332 -0.0205125 0.766726
FixedParameters: 0 0 0

#Transform 41
Transform: AffineTransform_float_3_3
Parameters: 0.999968 0.00088436 0.00786335 -0.000973235 0.999935 0.0113276 -0.00785269 -0.0113354 0.999905 -0.380045 -0.22388 0.922402
FixedParameters: 0 0 0

#Transform 42
Transform: AffineTransform_float_3_3
Parameters: 0.999982 0.00152134 0.00577912 -0.00155186 0.999984 0.00532366 -0.00577084 -0.00533234 0.999969 -0.260831 0.182633 0.551222
FixedParameters: 0 0 0

#Transform 43
Transform: AffineTransform_float_3_3
Parameters: 0.999977 0.00101625 0.00674268 -0.00109057 0.999938 0.0110772 -0.00673136 -0.0110848 0.999916 -0.331245 -0.197867 0.929986
FixedParameters: 0 0 0

#Transform 44
Transform: AffineTransform_float_3_3
Parameters: 0.999983 0.00173509 0.00566759 -0.00180173 0.999929 0.011789 -0.00564678 -0.011799 0.999914 -0.31211 -0.109014 0.995121
FixedParameters: 0 0 0

#Transform 45
Transform: AffineTransform_float_3_3
Parameters: 0.999985 0.00273543 0.00478084 -0.00285646 0.999669 0.0255683 -0.00470941 -0.0255817 0.999662 -0.38317 -0.193782 1.06999
FixedParameters: 0 0 0

#Transform 46
Transform: AffineTransform_float_3_3
Parameters: 0.999987 0.00324868 0.00379996 -0.0033598 0.999552 0.0297364 -0.00370125 -0.0297486 0.999551 -0.359484 -0.285388 1.29694
FixedParameters: 0 0 0

#Transform 47
Transform: AffineTransform_float_3_3
Parameters: 0.999982 0.00405898 0.00436511 -0.00416242 0.999702 0.0240345 -0.00426692 -0.0240516 0.999702 -0.35864 -0.194954 1.25496
FixedParameters: 0 0 0

#Transform 48
Transform: AffineTransform_float_3_3
Parameters: 0.999993 0.00275958 0.00255371 -0.00281384 0.999766 0.0214403 -0.00249404 -0.0214477 0.999767 -0.522168 0.260474 0.330603
FixedParameters: 0 0 0

#Transform 49
Transform: AffineTransform_float_3_3
Parameters: 0.999926 0.00464265 0.0112336 -0.00481852 0.999866 0.0156775 -0.0111586 -0.0157305 0.999814 -0.963185 0.122036 -0.0443058
FixedParameters: 0 0 0

#Transform 50
Transform: AffineTransform_float_3_3
Parameters: 0.999902 8.44445e-05 0.0139574 -0.000154321 0.999988 0.00505124 -0.0139575 -0.00505277 0.99989 -0.773735 0.0784462 0.691803
FixedParameters: 0 0 0

#Transform 51
Transform: AffineTransform_float_3_3
Parameters: 0.999919 0.000224585 0.0127359 -0.000335382 0.999962 0.008657 -0.0127334 -0.00866 0.999882 -0.678038 -0.0559956 1.04474
FixedParameters: 0 0 0

#Transform 52
Transform: AffineTransform_float_3_3
Parameters: 0.99993 7.85582e-05 0.0118888 -0.000234094 0.999915 0.0130173 -0.011887 -0.0130196 0.999845 -0.66872 -0.130703 1.20197
FixedParameters: 0 0 0

#Transform 53
Transform: AffineTransform_float_3_3
Parameters: 0.999989 0.00174081 0.00438454 -0.00178215 0.999953 0.00949636 -0.00436798 -0.00950364 0.999945 -0.548912 0.271323 0.690311
FixedParameters: 0 0 0

#Transform 54
Transform: AffineTransform_float_3_3
Parameters: 0.999983 0.00456592 0.00346922 -0.00462184 0.999852 0.0166202 -0.00339241 -0.0166358 0.999855 -0.518193 0.0879906 0.405461
FixedParameters: 0 0 0

#Transform 55
Transform: AffineTransform_float_3_3
Parameters: 0.999977 0.00279984 0.00620876 -0.00287821 0.999916 0.0126148 -0.00617218 -0.0126322 0.999902 -0.553212 0.13955 0.400314
FixedParameters: 0 0 0

#Transform 56
Transform: AffineTransform_float_3_3
Parameters: 0.999971 0.00118163 0.00754441 -0.0012633 0.999941 0.0108487 -0.00753114 -0.0108583 0.999912 -0.515953 0.0361404 0.522552
FixedParameters: 0 0 0

#Transform 57
Transform: AffineTransform_float_3_3
Parameters: 0.999967 -0.000226815 0.00804646 0.00013961 0.999942 0.0107619 -0.00804816 -0.0107611 0.99991 -0.470777 0.114972 0.420349
FixedParameters: 0 0 0

#Transform 58
Transform: AffineTransform_float_3_3
Parameters: 0.999982 -0.000719871 0.00603475 0.000654976 0.999943 0.0106361 -0.00604183 -0.0106319 0.999925 -0.425867 0.243938 0.00576963
FixedParameters: 0 0 0

#Transform 59
Transform: AffineTransform_float_3_3
Parameters: 0.999996 0.00301114 -0.000291546 -0.00300677 0.999887 0.0147216 0.000336481 -0.0147204 0.999892 -0.0929901 -0.0283986 0.0125262
FixedParameters: 0 0 0

#Transform 60
Transform: AffineTransform_float_3_3
Parameters: 0.999997 -0.00104621 0.00213565 0.00104767 0.999999 -0.00122847 -0.00213499 0.00123053 0.999997 -0.0403081 0.35633 -0.368571
FixedParameters: 0 0 0

#Transform 61
Transform: AffineTransform_float_3_3
Parameters: 0.999984 0.000853625 0.00548191 -0.000852378 1 -0.000318036 -0.00548278 0.000312966 0.999985 -0.116102 0.159445 0.134723
FixedParameters: 0 0 0

#Transform 62
Transform: AffineTransform_float_3_3
Parameters: 0.999961 -0.000378695 0.00884672 0.000277959 0.999935 0.0114283 -0.0088497 -0.0114257 0.999896 -0.492198 0.0477805 0.139883
FixedParameters: 0 0 0

#Transform 63
Transform: AffineTransform_float_3_3
Parameters: 0.999995 0.00129111 0.00291926 -0.00132935 0.999911 0.0133146 -0.00290254 -0.0133184 0.999907 -0.214071 0.110917 0.462107
FixedParameters: 0 0 0

#Transform 64
Transform: AffineTransform_float_3_3
Parameters: 0.999983 0.0010235 0.0057114 -0.00109432 0.999922 0.0124431 -0.00569898 -0.0124489 0.999906 -0.306106 -0.0089302 0.777317
FixedParameters: 0 0 0

#Transform 65
Transform: AffineTransform_float_3_3
Parameters: 0.999979 0.000558009 0.00645544 -0.000625854 0.999945 0.0104767 -0.0064494 -0.0104803 0.999924 -0.305085 0.0555067 0.783028
FixedParameters: 0 0 0

#Transform 66
Transform: AffineTransform_float_3_3
Parameters: 0.999992 0.000366588 0.00396693 -0.000403799 0.999958 0.00919894 -0.00396317 -0.00920106 0.99995 -0.223075 0.142192 0.45024
FixedParameters: 0 0 0

#Transform 67
Transform: AffineTransform_float_3_3
Parameters: 0.999999 0.00124255 0.000592541 -0.00124579 0.999981 0.00599916 -0.000585186 -0.00599982 0.999981 -0.0298495 0.146215 0.383457
FixedParameters: 0 0 0

#Transform 68
Transform: AffineTransform_float_3_3
Parameters: 0.999998 0.00178122 0.000766416 -0.00178563 0.999978 0.00645945 -0.000755685 -0.00646056 0.999979 -0.0158296 0.0787271 0.512062
FixedParameters: 0 0 0

#Transform 69
Transform: AffineTransform_float_3_3
Parameters: 0.999995 0.00281833 0.00155191 -0.00282732 0.99998 0.00569716 -0.00153519 -0.00570185 0.999983 -0.126829 0.244552 0.485277
FixedParameters: 0 0 0

#Transform 70
Transform: AffineTransform_float_3_3
Parameters: 0.999995 0.000227082 0.00308384 -0.000250435 0.999971 0.00748074 -0.00308144 -0.00748225 0.999967 -0.16193 0.154336 0.413773
FixedParameters: 0 0 0

#Transform 71
Transform: AffineTransform_float_3_3
Parameters: 0.999995 -1.21622e-05 0.0029206 -2.74241e-05 0.999908 0.0135972 -0.00292087 -0.0135978 0.999903 -0.216776 0.129705 0.186233
FixedParameters: 0 0 0

#Transform 72
Transform: AffineTransform_float_3_3
Parameters: 0.999994 0.000509277 0.00360302 -0.000539534 0.999965 0.00824218 -0.00359868 -0.00824481 0.999959 -0.20342 0.0845857 0.36005
FixedParameters: 0 0 0

#Transform 73
Transform: AffineTransform_float_3_3
Parameters: 0.999994 0.000156114 0.00350528 -0.000182915 0.999969 0.00783928 -0.00350346 -0.00784072 0.999963 -0.19109 0.161523 0.430721
FixedParameters: 0 0 0

#Transform 74
Transform: AffineTransform_float_3_3
Parameters: 0.999997 0.00188181 0.00100108 -0.00188644 0.999987 0.00456322 -0.000992714 -0.00456478 0.999989 -0.0884746 0.412023 0.249656
FixedParameters: 0 0 0

#Transform 75
Transform: AffineTransform_float_3_3
Parameters: 0.999988 0.00379987 -0.00315507 -0.00377172 0.999954 0.00885822 0.00318814 -0.00884679 0.999956 0.0451155 0.140424 -0.237892
FixedParameters: 0 0 0

#Transform 76
Transform: AffineTransform_float_3_3
Parameters: 0.999991 0.00365284 -0.0021854 -0.00364005 0.999975 0.00599002 0.00220718 -0.00598197 0.999979 -0.000579461 0.382704 -0.428119
FixedParameters: 0 0 0

#Transform 77
Transform: AffineTransform_float_3_3
Parameters: 0.999994 0.00283852 -0.00158048 -0.00283028 0.999983 0.00506821 0.00159494 -0.00506379 0.999986 -0.066975 0.35375 -0.468534
FixedParameters: 0 0 0

#Transform 78
Transform: AffineTransform_float_3_3
Parameters: 0.999994 0.00300983 -0.00168841 -0.00300108 0.999981 0.00535881 0.00170476 -0.00535319 0.999985 -0.106391 0.314319 -0.472316
FixedParameters: 0 0 0

#Transform 79
Transform: AffineTransform_float_3_3
Parameters: 0.999996 0.00302441 -0.000188293 -0.00302229 0.999973 0.00673222 0.000208126 -0.00673178 0.999977 -0.125246 0.250194 -0.156251
FixedParameters: 0 0 0

#Transform 80
Transform: AffineTransform_float_3_3
Parameters: 0.999995 0.00223335 0.0021391 -0.00225104 0.99996 0.00862372 -0.00211931 -0.00862827 0.999961 -0.225458 0.234721 -0.0157539
FixedParameters: 0 0 0

#Transform 81
Transform: AffineTransform_float_3_3
Parameters: 0.999992 0.00245799 0.00322038 -0.00248968 0.99995 0.00963065 -0.0031963 -0.00963835 0.999949 -0.289361 0.235472 0.17668
FixedParameters: 0 0 0

#Transform 82
Transform: AffineTransform_float_3_3
Parameters: 0.999991 0.00224691 0.00362865 -0.00229963 0.999893 0.0144487 -0.00359466 -0.0144563 0.999889 -0.276849 0.527158 -0.387658
FixedParameters: 0 0 0

#Transform 83
Transform: AffineTransform_float_3_3
Parameters: 0.999992 0.000412924 0.00383871 -0.000414475 0.999999 0.000448782 -0.00383896 -0.000450219 0.999992 -0.353675 1.03454 -1.50932
FixedParameters: 0 0 0

#Transform 84
Transform: AffineTransform_float_3_3
Parameters: 0.999997 0.00190809 0.00188487 -0.00190759 0.999998 -0.000386296 -0.00188602 0.000382704 0.999998 -0.283808 0.543209 -1.1836
FixedParameters: 0 0 0

#Transform 85
Transform: AffineTransform_float_3_3
Parameters: 0.999996 0.00184933 -0.00206409 -0.00184317 0.999993 0.00324352 0.00207002 -0.00323948 0.999992 -0.111139 0.754672 -1.48677
FixedParameters: 0 0 0

#Transform 86
Transform: AffineTransform_float_3_3
Parameters: 0.999991 0.00328081 -0.00243442 -0.00328259 0.999994 -0.000749604 0.00243201 0.000757396 0.999997 -0.0748729 0.831853 -1.12194
FixedParameters: 0 0 0

#Transform 87
Transform: AffineTransform_float_3_3
Parameters: 0.999992 0.00362943 -0.0016647 -0.00363033 0.999994 -0.000455236 0.00166327 0.000461764 0.999998 -0.0632548 0.671757 -0.888117
FixedParameters: 0 0 0

#Transform 88
Transform: AffineTransform_float_3_3
Parameters: 0.999993 0.00318858 -0.00204694 -0.00318509 0.999994 0.00146614 0.00205183 -0.00145986 0.999997 -0.144933 0.468943 -0.563934
FixedParameters: 0 0 0

#Transform 89
Transform: AffineTransform_float_3_3
Parameters: 0.999992 0.00376352 0.00180171 -0.00377019 0.999985 0.00398807 -0.00178678 -0.00399494 0.99999 -0.0966637 0.508994 -0.0193143
FixedParameters: 0 0 0

#Transform 90
Transform: AffineTransform_float_3_3
Parameters: 0.999989 0.00381014 0.00292879 -0.00381708 0.99999 0.00232226 -0.00291955 -0.00233274 0.999993 -0.0934747 0.479973 -0.260184
FixedParameters: 0 0 0

#Transform 91
Transform: AffineTransform_float_3_3
Parameters: 0.999982 0.00350744 0.00471928 -0.00349912 0.999992 -0.00179637 -0.00472584 0.00177963 0.999987 -0.224611 0.464189 0.366137
FixedParameters: 0 0 0

#Transform 92
Transform: AffineTransform_float_3_3
Parameters: 0.999974 0.00370424 0.00621149 -0.00370722 0.999993 0.000433032 -0.00621008 -0.000455967 0.999981 -0.194976 0.387264 0.469471
FixedParameters: 0 0 0

#Transform 93
Transform: AffineTransform_float_3_3
Parameters: 0.99998 0.00350045 0.00513301 -0.00352242 0.999984 0.00433077 -0.0051173 -0.00434922 0.999977 -0.135898 0.2228 0.781995
FixedParameters: 0 0 0

#Transform 94
Transform: AffineTransform_float_3_3
Parameters: 0.999989 0.00436324 0.00175011 -0.00437452 0.999972 0.00618975 -0.00172251 -0.00619725 0.99998 -0.0103876 0.233448 0.900292
FixedParameters: 0 0 0

#Transform 95
Transform: AffineTransform_float_3_3
Parameters: 0.99999 0.00234952 0.00395021 -0.00235872 0.999994 0.00240619 -0.00394419 -0.00241481 0.999989 -0.137349 0.500586 0.621101
FixedParameters: 0 0 0

#Transform 96
Transform: AffineTransform_float_3_3
Parameters: 0.999975 0.00450004 0.00547575 -0.00451828 0.999984 0.00322232 -0.00546169 -0.00324668 0.99998 -0.257698 0.298769 0.703941
FixedParameters: 0 0 0

#Transform 97
Transform: AffineTransform_float_3_3
Parameters: 0.999979 0.00541649 0.00335283 -0.00543318 0.999972 0.00506412 -0.00332555 -0.00508188 0.999982 -0.150318 0.411503 0.635561
FixedParameters: 0 0 0

#Transform 98
Transform: AffineTransform_float_3_3
Parameters: 0.999978 0.00483893 0.0044876 -0.00486015 0.999977 0.0048068 -0.00446386 -0.0048292 0.999978 -0.184257 0.365899 0.783888
FixedParameters: 0 0 0

#Transform 99
Transform: AffineTransform_float_3_3
Parameters: 0.999984 0.00498583 0.00245518 -0.0049898 0.999986 0.00190702 -0.00244524 -0.00191998 0.999995 -0.101927 0.682688 0.192402
FixedParameters: 0 0 0

#Transform 100
Transform: AffineTransform_float_3_3
Parameters: 0.999992 0.00229874 0.00329165 -0.00231309 0.999989 0.00425371 -0.00328176 -0.00426129 0.999985 -0.212186 0.443045 0.0772656
FixedParameters: 0 0 0

#Transform 101
Transform: AffineTransform_float_3_3
Parameters: 0.999977 0.0022817 0.00648921 -0.0022906 0.999996 0.00148419 -0.00648583 -0.00149881 0.999978 -0.303388 0.522972 0.118635
FixedParameters: 0 0 0

#Transform 102
Transform: AffineTransform_float_3_3
Parameters: 0.999981 0.0026735 0.00557614 -0.00266775 0.999996 -0.00100604 -0.00557865 0.000990957 0.999984 -0.240157 0.614975 0.0624408
FixedParameters: 0 0 0

#Transform 103
Transform: AffineTransform_float_3_3
Parameters: 0.999984 0.00294144 0.00470063 -0.00295601 0.999991 0.00313033 -0.00469124 -0.00314467 0.999984 -0.200714 0.352643 0.197121
FixedParameters: 0 0 0

#Transform 104
Transform: AffineTransform_float_3_3
Parameters: 0.999993 0.0032162 0.00182593 -0.00322283 0.999988 0.00365646 -0.00181404 -0.00366254 0.999991 -0.159382 0.519974 -0.0846819
FixedParameters: 0 0 0

#Transform 105
Transform: AffineTransform_float_3_3
Parameters: 0.999987 0.00481315 0.00155534 -0.00481696 0.999986 0.00215718 -0.00154495 -0.00216482 0.999997 -0.101043 0.516719 0.114586
FixedParameters: 0 0 0

#Transform 106
Transform: AffineTransform_float_3_3
Parameters: 0.999959 0.00566465 0.00715749 -0.00567109 0.999983 0.000829304 -0.00715289 -0.000869694 0.999974 -0.239089 0.0661008 1.51694
FixedParameters: 0 0 0

#Transform 107
Transform: AffineTransform_float_3_3
Parameters: 0.999979 0.00452776 0.00468445 -0.0045375 0.999988 0.00184498 -0.00467646 -0.00186602 0.999987 -0.146951 0.326018 1.06114
FixedParameters: 0 0 0

#Transform 108
Transform: AffineTransform_float_3_3
Parameters: 0.999969 0.00499466 0.00606756 -0.0049886 0.999987 -0.00106282 -0.00607267 0.00103218 0.999981 -0.16492 0.381874 1.02067
FixedParameters: 0 0 0

#Transform 109
Transform: AffineTransform_float_3_3
Parameters: 0.999981 0.0043728 0.00450882 -0.00437797 0.99999 0.00109258 -0.0045039 -0.00111142 0.999989 -0.169982 0.393782 0.829825
FixedParameters: 0 0 0

#Transform 110
Transform: AffineTransform_float_3_3
Parameters: 0.999976 0.00366551 0.00589015 -0.00367335 0.999992 0.00140885 -0.00588475 -0.00143015 0.999982 -0.180021 0.297321 0.918753
FixedParameters: 0 0 0

#Transform 111
Transform: AffineTransform_float_3_3
Parameters: 0.999955 0.00498442 0.00804986 -0.00499529 0.999986 0.00130567 -0.00804323 -0.00134533 0.999966 -0.234053 0.266253 1.45861
FixedParameters: 0 0 0

#Transform 112
Transform: AffineTransform_float_3_3
Parameters: 0.999964 0.0032981 0.00782509 -0.0033064 0.999994 0.00104396 -0.00782187 -0.00107004 0.999968 -0.161297 0.275675 1.48304
FixedParameters: 0 0 0

#Transform 113
Transform: AffineTransform_float_3_3
Parameters: 0.999977 0.00360768 0.0056364 -0.00359502 0.999991 -0.00228445 -0.0056443 0.00226455 0.999982 -0.0610882 0.318346 1.25614
FixedParameters: 0 0 0

#Transform 114
Transform: AffineTransform_float_3_3
Parameters: 0.999979 0.00352108 0.00553199 -0.00352439 0.999993 0.000604178 -0.00552986 -0.000623822 0.999984 -0.113142 0.382809 0.76064
FixedParameters: 0 0 0

#Transform 115
Transform: AffineTransform_float_3_3
Parameters: 0.999941 0.00270284 0.0105181 -0.00260664 0.999955 -0.00919598 -0.0105422 0.00916804 0.999903 -0.0431307 0.170102 1.83425
FixedParameters: 0 0 0

#Transform 116
Transform: AffineTransform_float_3_3
Parameters: 0.999917 0.00342528 0.0124046 -0.00331894 0.999957 -0.00862238 -0.0124336 0.00858063 0.999886 -0.0542729 0.182927 2.13667
FixedParameters: 0 0 0

#Transform 117
Transform: AffineTransform_float_3_3
Parameters: 0.999916 0.00308756 0.0125456 -0.00298701 0.999963 -0.00806755 -0.0125706 0.00802945 0.999888 -0.036844 0.253935 2.06841
FixedParameters: 0 0 0

#Transform 118
Transform: AffineTransform_float_3_3
Parameters: 0.999927 0.00305509 0.0117508 -0.00298048 0.999976 -0.00637886 -0.0117708 0.00634315 0.999911 -0.0144682 0.351072 1.85122
FixedParameters: 0 0 0

#Transform 119
Transform: AffineTransform_float_3_3
Parameters: 0.999948 0.00349204 0.00958791 -0.00345876 0.999988 -0.00351721 -0.00960005 0.00348379 0.999948 -0.0224544 0.469325 1.33726
FixedParameters: 0 0 0
