# transform file /out/sourcedata/freesurfer/sub-v2s15x29729_ses-1/mri/transforms/cc_up.lta
# created by oesteban on Wed Mar 11 09:10:36 2026

type      = 0 # LINEAR_VOX_TO_VOX
nxforms   = 1
mean      = 125.0000 127.0000 119.0000
sigma     = 10000.0000
1 4 4
9.988017678260803e-01 -4.269846156239510e-02 2.391313947737217e-02 4.007276058197021e+00 
4.268622770905495e-02 9.990880489349365e-01 1.021986245177686e-03 1.360137081146240e+01 
-2.393496781587601e-02 0.000000000000000e+00 9.997134804725647e-01 1.404932689666748e+01 
0.000000000000000e+00 0.000000000000000e+00 0.000000000000000e+00 1.000000000000000e+00 
src volume info
valid = 1  # volume info valid
filename = /out/sourcedata/freesurfer/sub-v2s15x29729_ses-1/mri/norm.mgz
volume = 256 256 256
voxelsize = 1.000000000000000e+00 1.000000000000000e+00 1.000000000000000e+00
xras   = -1.000000000000000e+00 0.000000000000000e+00 0.000000000000000e+00
yras   = 0.000000000000000e+00 0.000000000000000e+00 -1.000000000000000e+00
zras   = 0.000000000000000e+00 1.000000000000000e+00 0.000000000000000e+00
cras   = 3.065902709960938e+00 1.007459259033203e+01 1.792089080810547e+01
dst volume info
valid = 1  # volume info valid
filename = /out/sourcedata/freesurfer/sub-v2s15x29729_ses-1/mri/norm.mgz
volume = 256 256 256
voxelsize = 1.000000000000000e+00 1.000000000000000e+00 1.000000000000000e+00
xras   = -1.000000000000000e+00 0.000000000000000e+00 0.000000000000000e+00
yras   = 0.000000000000000e+00 0.000000000000000e+00 -1.000000000000000e+00
zras   = 0.000000000000000e+00 1.000000000000000e+00 0.000000000000000e+00
cras   = 3.065902709960938e+00 1.007459259033203e+01 1.792089080810547e+01
