# transform file /out/sourcedata/freesurfer/sub-v2s15x29749_ses-1/mri/transforms/cc_up.lta
# created by oesteban on Wed Mar 11 10:35:06 2026

type      = 0 # LINEAR_VOX_TO_VOX
nxforms   = 1
mean      = 125.0000 125.0000 117.0000
sigma     = 10000.0000
1 4 4
9.603238105773926e-01 -2.604790627956390e-01 -9.964363276958466e-02 5.227839279174805e+01 
2.590880990028381e-01 9.654794931411743e-01 -2.688309736549854e-02 -7.397902488708496e+00 
1.032063663005829e-01 -1.862645149230957e-09 9.946599602699280e-01 3.148197174072266e+00 
0.000000000000000e+00 0.000000000000000e+00 0.000000000000000e+00 1.000000000000000e+00 
src volume info
valid = 1  # volume info valid
filename = /out/sourcedata/freesurfer/sub-v2s15x29749_ses-1/mri/norm.mgz
volume = 256 256 256
voxelsize = 1.000000000000000e+00 1.000000000000000e+00 1.000000000000000e+00
xras   = -1.000000000000000e+00 0.000000000000000e+00 0.000000000000000e+00
yras   = 0.000000000000000e+00 0.000000000000000e+00 -1.000000000000000e+00
zras   = 0.000000000000000e+00 1.000000000000000e+00 0.000000000000000e+00
cras   = -4.084388732910156e+00 3.893737792968750e-01 1.057117462158203e+01
dst volume info
valid = 1  # volume info valid
filename = /out/sourcedata/freesurfer/sub-v2s15x29749_ses-1/mri/norm.mgz
volume = 256 256 256
voxelsize = 1.000000000000000e+00 1.000000000000000e+00 1.000000000000000e+00
xras   = -1.000000000000000e+00 0.000000000000000e+00 0.000000000000000e+00
yras   = 0.000000000000000e+00 0.000000000000000e+00 -1.000000000000000e+00
zras   = 0.000000000000000e+00 1.000000000000000e+00 0.000000000000000e+00
cras   = -4.084388732910156e+00 3.893737792968750e-01 1.057117462158203e+01
