# transform file /out/sourcedata/freesurfer/sub-v2s15x29739_ses-1/mri/transforms/cc_up.lta
# created by oesteban on Wed Mar 11 09:59:52 2026

type      = 0 # LINEAR_VOX_TO_VOX
nxforms   = 1
mean      = 130.0000 121.0000 117.0000
sigma     = 10000.0000
1 4 4
9.939723610877991e-01 -1.031898707151413e-01 -3.702194243669510e-02 1.744202041625977e+01 
1.031183674931526e-01 9.946616291999817e-01 -3.840793389827013e-03 1.086303138732910e+01 
3.722063824534416e-02 2.328306158982940e-10 9.993070363998413e-01 6.335705757141113e+00 
0.000000000000000e+00 0.000000000000000e+00 0.000000000000000e+00 1.000000000000000e+00 
src volume info
valid = 1  # volume info valid
filename = /out/sourcedata/freesurfer/sub-v2s15x29739_ses-1/mri/norm.mgz
volume = 256 256 256
voxelsize = 1.000000000000000e+00 1.000000000000000e+00 1.000000000000000e+00
xras   = -1.000000000000000e+00 0.000000000000000e+00 0.000000000000000e+00
yras   = 0.000000000000000e+00 0.000000000000000e+00 -1.000000119209290e+00
zras   = 0.000000000000000e+00 1.000000000000000e+00 0.000000000000000e+00
cras   = 8.568733215332031e+00 3.416015625000000e+00 1.546089935302734e+01
dst volume info
valid = 1  # volume info valid
filename = /out/sourcedata/freesurfer/sub-v2s15x29739_ses-1/mri/norm.mgz
volume = 256 256 256
voxelsize = 1.000000000000000e+00 1.000000000000000e+00 1.000000000000000e+00
xras   = -1.000000000000000e+00 0.000000000000000e+00 0.000000000000000e+00
yras   = 0.000000000000000e+00 0.000000000000000e+00 -1.000000119209290e+00
zras   = 0.000000000000000e+00 1.000000000000000e+00 0.000000000000000e+00
cras   = 8.568733215332031e+00 3.416015625000000e+00 1.546089935302734e+01
