# transform file /out/sourcedata/freesurfer/sub-v2s15x29756_ses-1/mri/transforms/cc_up.lta
# created by oesteban on Wed Mar 11 10:40:39 2026

type      = 0 # LINEAR_VOX_TO_VOX
nxforms   = 1
mean      = 128.0000 125.0000 119.0000
sigma     = 10000.0000
1 4 4
9.982261061668396e-01 5.915144085884094e-02 6.776961497962475e-03 -9.928536415100098e+00 
-5.915007740259171e-02 9.982491135597229e-01 -4.015701415482908e-04 2.798354721069336e+01 
-6.788848433643579e-03 0.000000000000000e+00 9.999769926071167e-01 1.489196205139160e+01 
0.000000000000000e+00 0.000000000000000e+00 0.000000000000000e+00 1.000000000000000e+00 
src volume info
valid = 1  # volume info valid
filename = /out/sourcedata/freesurfer/sub-v2s15x29756_ses-1/mri/norm.mgz
volume = 256 256 256
voxelsize = 1.000000000000000e+00 1.000000000000000e+00 1.000000000000000e+00
xras   = -9.999999403953552e-01 0.000000000000000e+00 0.000000000000000e+00
yras   = 0.000000000000000e+00 0.000000000000000e+00 -9.999999403953552e-01
zras   = 0.000000000000000e+00 1.000000000000000e+00 0.000000000000000e+00
cras   = -6.587982177734375e-02 2.278644561767578e+01 2.706290435791016e+01
dst volume info
valid = 1  # volume info valid
filename = /out/sourcedata/freesurfer/sub-v2s15x29756_ses-1/mri/norm.mgz
volume = 256 256 256
voxelsize = 1.000000000000000e+00 1.000000000000000e+00 1.000000000000000e+00
xras   = -9.999999403953552e-01 0.000000000000000e+00 0.000000000000000e+00
yras   = 0.000000000000000e+00 0.000000000000000e+00 -9.999999403953552e-01
zras   = 0.000000000000000e+00 1.000000000000000e+00 0.000000000000000e+00
cras   = -6.587982177734375e-02 2.278644561767578e+01 2.706290435791016e+01
