# transform file /out/sourcedata/freesurfer/sub-v2s15x29732_ses-1/mri/transforms/cc_up.lta
# created by oesteban on Wed Mar 11 09:24:47 2026

type      = 0 # LINEAR_VOX_TO_VOX
nxforms   = 1
mean      = 130.0000 129.0000 122.0000
sigma     = 10000.0000
1 4 4
9.759593009948730e-01 4.875355958938599e-02 2.124300152063370e-01 -2.754810523986816e+01 
-4.763814061880112e-02 9.988108873367310e-01 -1.036905031651258e-02 2.055325698852539e+01 
-2.126829177141190e-01 0.000000000000000e+00 9.771212935447693e-01 4.034847640991211e+01 
0.000000000000000e+00 0.000000000000000e+00 0.000000000000000e+00 1.000000000000000e+00 
src volume info
valid = 1  # volume info valid
filename = /out/sourcedata/freesurfer/sub-v2s15x29732_ses-1/mri/norm.mgz
volume = 256 256 256
voxelsize = 1.000000000000000e+00 1.000000000000000e+00 1.000000000000000e+00
xras   = -1.000000000000000e+00 0.000000000000000e+00 -7.450580596923828e-09
yras   = 0.000000000000000e+00 0.000000000000000e+00 -1.000000000000000e+00
zras   = 0.000000000000000e+00 1.000000000000000e+00 0.000000000000000e+00
cras   = 1.018462371826172e+01 8.863945007324219e+00 1.860823822021484e+01
dst volume info
valid = 1  # volume info valid
filename = /out/sourcedata/freesurfer/sub-v2s15x29732_ses-1/mri/norm.mgz
volume = 256 256 256
voxelsize = 1.000000000000000e+00 1.000000000000000e+00 1.000000000000000e+00
xras   = -1.000000000000000e+00 0.000000000000000e+00 -7.450580596923828e-09
yras   = 0.000000000000000e+00 0.000000000000000e+00 -1.000000000000000e+00
zras   = 0.000000000000000e+00 1.000000000000000e+00 0.000000000000000e+00
cras   = 1.018462371826172e+01 8.863945007324219e+00 1.860823822021484e+01
