# transform file /out/sourcedata/freesurfer/sub-v2s15x29737_ses-1/mri/transforms/cc_up.lta
# created by oesteban on Wed Mar 11 09:54:39 2026

type      = 0 # LINEAR_VOX_TO_VOX
nxforms   = 1
mean      = 129.0000 128.0000 119.0000
sigma     = 10000.0000
1 4 4
9.963585734367371e-01 -7.414550334215164e-02 -4.209876060485840e-02 1.346655654907227e+01 
7.407940179109573e-02 9.972475171089172e-01 -3.130048979073763e-03 9.180807113647461e+00 
4.221495985984802e-02 -2.328306714094452e-10 9.991086721420288e-01 1.170270633697510e+01 
0.000000000000000e+00 0.000000000000000e+00 0.000000000000000e+00 1.000000000000000e+00 
src volume info
valid = 1  # volume info valid
filename = /out/sourcedata/freesurfer/sub-v2s15x29737_ses-1/mri/norm.mgz
volume = 256 256 256
voxelsize = 1.000000000000000e+00 1.000000000000000e+00 1.000000000000000e+00
xras   = -9.999999403953552e-01 0.000000000000000e+00 -7.450580596923828e-09
yras   = 0.000000000000000e+00 0.000000000000000e+00 -9.999999403953552e-01
zras   = 0.000000000000000e+00 1.000000000000000e+00 0.000000000000000e+00
cras   = -4.981994628906250e-01 7.653274536132812e+00 3.949806213378906e+00
dst volume info
valid = 1  # volume info valid
filename = /out/sourcedata/freesurfer/sub-v2s15x29737_ses-1/mri/norm.mgz
volume = 256 256 256
voxelsize = 1.000000000000000e+00 1.000000000000000e+00 1.000000000000000e+00
xras   = -9.999999403953552e-01 0.000000000000000e+00 -7.450580596923828e-09
yras   = 0.000000000000000e+00 0.000000000000000e+00 -9.999999403953552e-01
zras   = 0.000000000000000e+00 1.000000000000000e+00 0.000000000000000e+00
cras   = -4.981994628906250e-01 7.653274536132812e+00 3.949806213378906e+00
