# transform file transforms/talairach.lta
# created by oesteban on Wed Mar 11 08:33:22 2026

type      = 0 # LINEAR_VOX_TO_VOX
nxforms   = 1
mean      = 129.0000 130.0000 118.0000
sigma     = 10000.0000
1 4 4
1.061474442481995e+00 -8.497913926839828e-02 -4.364803805947304e-02 3.448006153106689e+00 
6.994831562042236e-02 1.191356301307678e+00 -1.650573685765266e-02 -4.027508544921875e+01 
5.099878087639809e-02 2.608719281852245e-02 1.020112514495850e+00 -1.752181243896484e+01 
0.000000000000000e+00 0.000000000000000e+00 0.000000000000000e+00 1.000000000000000e+00 
src volume info
valid = 1  # volume info valid
filename = nu.mgz
volume = 256 256 256
voxelsize = 1.000000000000000e+00 1.000000000000000e+00 1.000000000000000e+00
xras   = -9.999999403953552e-01 0.000000000000000e+00 -7.450580596923828e-09
yras   = 0.000000000000000e+00 0.000000000000000e+00 -9.999999403953552e-01
zras   = 0.000000000000000e+00 1.000000000000000e+00 0.000000000000000e+00
cras   = -4.981994628906250e-01 7.653274536132812e+00 3.949806213378906e+00
dst volume info
valid = 1  # volume info valid
filename = /opt/freesurfer/average/RB_all_2020-01-02.gca
volume = 256 256 256
voxelsize = 1.000000000000000e+00 1.000000000000000e+00 1.000000000000000e+00
xras   = -1.000000000000000e+00 0.000000000000000e+00 0.000000000000000e+00
yras   = 0.000000000000000e+00 0.000000000000000e+00 -1.000000000000000e+00
zras   = 0.000000000000000e+00 1.000000000000000e+00 0.000000000000000e+00
cras   = 0.000000000000000e+00 0.000000000000000e+00 0.000000000000000e+00
