# transform file /out/sourcedata/freesurfer/sub-v2s15x29750_ses-1/mri/transforms/cc_up.lta
# created by oesteban on Wed Mar 11 10:27:22 2026

type      = 0 # LINEAR_VOX_TO_VOX
nxforms   = 1
mean      = 121.0000 127.0000 124.0000
sigma     = 10000.0000
1 4 4
9.673253297805786e-01 -1.283712983131409e-01 -2.186381518840790e-01 5.083245086669922e+01 
1.252127885818481e-01 9.917262196540833e-01 -2.830101735889912e-02 6.085198402404785e+00 
2.204622179269791e-01 0.000000000000000e+00 9.753955602645874e-01 -1.278604888916016e+01 
0.000000000000000e+00 0.000000000000000e+00 0.000000000000000e+00 1.000000000000000e+00 
src volume info
valid = 1  # volume info valid
filename = /out/sourcedata/freesurfer/sub-v2s15x29750_ses-1/mri/norm.mgz
volume = 256 256 256
voxelsize = 1.000000000000000e+00 1.000000000000000e+00 1.000000000000000e+00
xras   = -9.999999403953552e-01 0.000000000000000e+00 -7.450580596923828e-09
yras   = 0.000000000000000e+00 0.000000000000000e+00 -9.999999403953552e-01
zras   = 0.000000000000000e+00 1.000000000000000e+00 0.000000000000000e+00
cras   = 9.287086486816406e+00 6.930404663085938e+00 -1.180123138427734e+01
dst volume info
valid = 1  # volume info valid
filename = /out/sourcedata/freesurfer/sub-v2s15x29750_ses-1/mri/norm.mgz
volume = 256 256 256
voxelsize = 1.000000000000000e+00 1.000000000000000e+00 1.000000000000000e+00
xras   = -9.999999403953552e-01 0.000000000000000e+00 -7.450580596923828e-09
yras   = 0.000000000000000e+00 0.000000000000000e+00 -9.999999403953552e-01
zras   = 0.000000000000000e+00 1.000000000000000e+00 0.000000000000000e+00
cras   = 9.287086486816406e+00 6.930404663085938e+00 -1.180123138427734e+01
