# transform file transforms/talairach.lta
# created by oesteban on Wed Mar 11 09:07:50 2026

type      = 0 # LINEAR_VOX_TO_VOX
nxforms   = 1
mean      = 121.0000 128.0000 124.0000
sigma     = 10000.0000
1 4 4
1.060033798217773e+00 -1.215498074889183e-01 -2.214287817478180e-01 3.777446365356445e+01 
1.452462375164032e-01 1.159639596939087e+00 6.116363406181335e-02 -5.318822479248047e+01 
1.880980432033539e-01 -1.066254153847694e-01 9.990953803062439e-01 -2.520665740966797e+01 
0.000000000000000e+00 0.000000000000000e+00 0.000000000000000e+00 1.000000000000000e+00 
src volume info
valid = 1  # volume info valid
filename = nu.mgz
volume = 256 256 256
voxelsize = 1.000000000000000e+00 1.000000000000000e+00 1.000000000000000e+00
xras   = -9.999999403953552e-01 0.000000000000000e+00 -7.450580596923828e-09
yras   = 0.000000000000000e+00 0.000000000000000e+00 -9.999999403953552e-01
zras   = 0.000000000000000e+00 1.000000000000000e+00 0.000000000000000e+00
cras   = 9.287086486816406e+00 6.930404663085938e+00 -1.180123138427734e+01
dst volume info
valid = 1  # volume info valid
filename = /opt/freesurfer/average/RB_all_2020-01-02.gca
volume = 256 256 256
voxelsize = 1.000000000000000e+00 1.000000000000000e+00 1.000000000000000e+00
xras   = -1.000000000000000e+00 0.000000000000000e+00 0.000000000000000e+00
yras   = 0.000000000000000e+00 0.000000000000000e+00 -1.000000000000000e+00
zras   = 0.000000000000000e+00 1.000000000000000e+00 0.000000000000000e+00
cras   = 0.000000000000000e+00 0.000000000000000e+00 0.000000000000000e+00
