# transform file /out/sourcedata/freesurfer/sub-v2s15x29753_ses-1/mri/transforms/cc_up.lta
# created by oesteban on Wed Mar 11 10:44:05 2026

type      = 0 # LINEAR_VOX_TO_VOX
nxforms   = 1
mean      = 131.0000 134.0000 123.0000
sigma     = 10000.0000
1 4 4
9.841528534889221e-01 -1.627576500177383e-01 7.037846744060516e-02 1.205093669891357e+01 
1.623430699110031e-01 9.866660833358765e-01 1.160943321883678e-02 -6.502279758453369e+00 
-7.132957130670547e-02 -9.313225746154785e-10 9.974527955055237e-01 2.438751602172852e+01 
0.000000000000000e+00 0.000000000000000e+00 0.000000000000000e+00 1.000000000000000e+00 
src volume info
valid = 1  # volume info valid
filename = /out/sourcedata/freesurfer/sub-v2s15x29753_ses-1/mri/norm.mgz
volume = 256 256 256
voxelsize = 1.000000000000000e+00 1.000000000000000e+00 1.000000000000000e+00
xras   = -1.000000000000000e+00 0.000000000000000e+00 0.000000000000000e+00
yras   = 0.000000000000000e+00 0.000000000000000e+00 -1.000000000000000e+00
zras   = 0.000000000000000e+00 1.000000000000000e+00 0.000000000000000e+00
cras   = 6.441284179687500e+00 7.653282165527344e+00 -9.951248168945312e-01
dst volume info
valid = 1  # volume info valid
filename = /out/sourcedata/freesurfer/sub-v2s15x29753_ses-1/mri/norm.mgz
volume = 256 256 256
voxelsize = 1.000000000000000e+00 1.000000000000000e+00 1.000000000000000e+00
xras   = -1.000000000000000e+00 0.000000000000000e+00 0.000000000000000e+00
yras   = 0.000000000000000e+00 0.000000000000000e+00 -1.000000000000000e+00
zras   = 0.000000000000000e+00 1.000000000000000e+00 0.000000000000000e+00
cras   = 6.441284179687500e+00 7.653282165527344e+00 -9.951248168945312e-01
