# transform file /out/sourcedata/freesurfer/sub-v2s15x29743_ses-1/mri/transforms/cc_up.lta
# created by oesteban on Wed Mar 11 09:53:27 2026

type      = 0 # LINEAR_VOX_TO_VOX
nxforms   = 1
mean      = 123.0000 102.0000 120.0000
sigma     = 10000.0000
1 4 4
9.840624332427979e-01 -1.601726114749908e-01 -7.723944634199142e-02 3.070091819763184e+01 
1.596814841032028e-01 9.870890974998474e-01 -1.253346167504787e-02 2.626199340820312e+01 
7.824972271919250e-02 -9.313225746154785e-10 9.969338178634644e-01 9.924746513366699e+00 
0.000000000000000e+00 0.000000000000000e+00 0.000000000000000e+00 1.000000000000000e+00 
src volume info
valid = 1  # volume info valid
filename = /out/sourcedata/freesurfer/sub-v2s15x29743_ses-1/mri/norm.mgz
volume = 256 256 256
voxelsize = 1.000000000000000e+00 1.000000000000000e+00 1.000000000000000e+00
xras   = -1.000000119209290e+00 0.000000000000000e+00 0.000000000000000e+00
yras   = 1.490116119384766e-08 0.000000000000000e+00 -1.000000119209290e+00
zras   = 0.000000000000000e+00 1.000000000000000e+00 0.000000000000000e+00
cras   = -5.227867126464844e+00 -8.212890625000000e-01 -1.712546539306641e+01
dst volume info
valid = 1  # volume info valid
filename = /out/sourcedata/freesurfer/sub-v2s15x29743_ses-1/mri/norm.mgz
volume = 256 256 256
voxelsize = 1.000000000000000e+00 1.000000000000000e+00 1.000000000000000e+00
xras   = -1.000000119209290e+00 0.000000000000000e+00 0.000000000000000e+00
yras   = 1.490116119384766e-08 0.000000000000000e+00 -1.000000119209290e+00
zras   = 0.000000000000000e+00 1.000000000000000e+00 0.000000000000000e+00
cras   = -5.227867126464844e+00 -8.212890625000000e-01 -1.712546539306641e+01
