# transform file transforms/talairach.lta
# created by oesteban on Wed Mar 11 08:51:42 2026

type      = 0 # LINEAR_VOX_TO_VOX
nxforms   = 1
mean      = 123.0000 102.0000 121.0000
sigma     = 10000.0000
1 4 4
1.058098435401917e+00 -2.431967407464981e-01 -6.333490461111069e-02 2.629386711120605e+01 
2.484913915395737e-01 1.204966187477112e+00 2.936350740492344e-02 -3.671908569335938e+01 
5.281522870063782e-02 -4.702964052557945e-02 1.074077606201172e+00 -2.237150382995605e+01 
0.000000000000000e+00 0.000000000000000e+00 0.000000000000000e+00 1.000000000000000e+00 
src volume info
valid = 1  # volume info valid
filename = nu.mgz
volume = 256 256 256
voxelsize = 1.000000000000000e+00 1.000000000000000e+00 1.000000000000000e+00
xras   = -1.000000119209290e+00 0.000000000000000e+00 0.000000000000000e+00
yras   = 1.490116119384766e-08 0.000000000000000e+00 -1.000000119209290e+00
zras   = 0.000000000000000e+00 1.000000000000000e+00 0.000000000000000e+00
cras   = -5.227867126464844e+00 -8.212890625000000e-01 -1.712546539306641e+01
dst volume info
valid = 1  # volume info valid
filename = /opt/freesurfer/average/RB_all_2020-01-02.gca
volume = 256 256 256
voxelsize = 1.000000000000000e+00 1.000000000000000e+00 1.000000000000000e+00
xras   = -1.000000000000000e+00 0.000000000000000e+00 0.000000000000000e+00
yras   = 0.000000000000000e+00 0.000000000000000e+00 -1.000000000000000e+00
zras   = 0.000000000000000e+00 1.000000000000000e+00 0.000000000000000e+00
cras   = 0.000000000000000e+00 0.000000000000000e+00 0.000000000000000e+00
