#Insight Transform File V1.0
#Transform 0
Transform: AffineTransform_float_3_3
Parameters: 0.999999 -0.000772286 0.00117502 0.000774354 0.999998 -0.00178707 -0.00117294 0.00178793 0.999998 -0.0291185 0.00886844 0.0869753
FixedParameters: 0 0 0

#Transform 1
Transform: AffineTransform_float_3_3
Parameters: 0.999999 -0.000591186 0.00109638 0.000592826 0.999998 -0.00178735 -0.00109594 0.00178865 0.999998 -0.0223429 0.0176441 0.0319657
FixedParameters: 0 0 0

#Transform 2
Transform: AffineTransform_float_3_3
Parameters: 1 -0.000582873 0.00104551 0.00058547 0.999998 -0.00178739 -0.00104426 0.00178861 0.999998 -0.0170827 0.036165 0.0210513
FixedParameters: 0 0 0

#Transform 3
Transform: AffineTransform_float_3_3
Parameters: 1 -0.000385799 0.00102877 0.000386865 1 -0.0010716 -0.00102878 0.0010724 0.999999 -0.0161524 -0.0363895 0.0392083
FixedParameters: 0 0 0

#Transform 4
Transform: AffineTransform_float_3_3
Parameters: 0.999999 -0.000713257 0.00119376 0.00071519 0.999999 -0.00128712 -0.00119276 0.00128787 0.999998 -0.0221378 -0.0505071 0.0433008
FixedParameters: 0 0 0

#Transform 5
Transform: AffineTransform_float_3_3
Parameters: 0.999999 -0.000793734 0.00102699 0.000795018 0.999999 -0.00118016 -0.00102595 0.00118084 0.999999 -0.0166647 -0.00207087 0.0504554
FixedParameters: 0 0 0

#Transform 6
Transform: AffineTransform_float_3_3
Parameters: 0.999999 -0.000746502 0.00133335 0.000747479 0.999999 -0.00116496 -0.0013323 0.00116504 0.999998 -0.0268466 0.010902 0.0280285
FixedParameters: 0 0 0

#Transform 7
Transform: AffineTransform_float_3_3
Parameters: 0.999999 -0.000784545 0.00108632 0.000786055 0.999999 -0.00122012 -0.00108524 0.00122087 0.999998 -0.0185845 -0.00390626 0.0601896
FixedParameters: 0 0 0

#Transform 8
Transform: AffineTransform_float_3_3
Parameters: 1 -0.00043567 0.0010325 0.000437204 0.999999 -0.00122155 -0.00103128 0.00122245 0.999998 -0.0302005 0.0216337 0.0521615
FixedParameters: 0 0 0

#Transform 9
Transform: AffineTransform_float_3_3
Parameters: 1 -0.000432235 0.00103167 0.00043372 0.999999 -0.00071938 -0.00103105 0.000719618 1 -0.0379549 0.000580785 0.0316719
FixedParameters: 0 0 0

#Transform 10
Transform: AffineTransform_float_3_3
Parameters: 1 -0.000485607 0.00103988 0.000486117 0.999999 -0.000720322 -0.00103903 0.000720677 1 -0.0335937 0.0154281 0.0449851
FixedParameters: 0 0 0

#Transform 11
Transform: AffineTransform_float_3_3
Parameters: 1 -0.000815849 0.000885366 0.000816164 1 -0.000821278 -0.000884862 0.000822723 1 -0.0343902 0.00821287 0.036681
FixedParameters: 0 0 0

#Transform 12
Transform: AffineTransform_float_3_3
Parameters: 1 -0.000599714 0.000816756 0.000601182 1 -0.000899487 -0.000815676 0.000899513 1 -0.0282515 0.00361869 0.0184705
FixedParameters: 0 0 0

#Transform 13
Transform: AffineTransform_float_3_3
Parameters: 0.999999 -0.000573927 0.000880396 0.000575067 1 -0.000647621 -0.000879652 0.000647379 0.999999 -0.0329208 -0.0176797 0.034698
FixedParameters: 0 0 0

#Transform 14
Transform: AffineTransform_float_3_3
Parameters: 0.999999 -0.000619833 0.000634488 0.000619466 0.999999 -0.000608607 -0.000634571 0.000609393 0.999999 -0.0201689 -0.0258887 0.0265183
FixedParameters: 0 0 0

#Transform 15
Transform: AffineTransform_float_3_3
Parameters: 0.999999 -0.000431556 0.00085151 0.00043274 0.999999 -0.000783631 -0.000851821 0.000784367 0.999999 -0.0307567 0.00687029 0.053725
FixedParameters: 0 0 0

#Transform 16
Transform: AffineTransform_float_3_3
Parameters: 0.999999 -0.00036536 0.000614273 0.000366189 1 0.000130225 -0.00061452 -0.000129775 1 -0.00236578 -0.0473961 0.0397878
FixedParameters: 0 0 0

#Transform 17
Transform: AffineTransform_float_3_3
Parameters: 1 -0.000513387 0.000420379 0.00051322 1 0.000198216 -0.000420582 -0.000197784 1 -0.00819968 -0.027159 0.0189015
FixedParameters: 0 0 0

#Transform 18
Transform: AffineTransform_float_3_3
Parameters: 1 -0.000360846 0.000543875 0.000360933 1 -7.98037e-05 -0.000543817 8.01962e-05 1 -0.0227294 0.00589852 -0.0164526
FixedParameters: 0 0 0

#Transform 19
Transform: AffineTransform_float_3_3
Parameters: 1 -0.000171103 0.000514802 0.000171095 1 8.08808e-06 -0.000514805 -7.91192e-06 1 -0.0255896 -0.0185065 0.00102057
FixedParameters: 0 0 0

#Transform 20
Transform: AffineTransform_float_3_3
Parameters: 1 -0.00011671 0.00050649 0.000116754 1 -4.39409e-05 -0.000506479 4.40591e-05 1 -0.0183306 0.00674968 -0.00410313
FixedParameters: 0 0 0

#Transform 21
Transform: AffineTransform_float_3_3
Parameters: 1 -4.50055e-05 6.95953e-05 4.49725e-05 1 0.000237003 -6.96166e-05 -0.000236997 1 -0.00770062 -0.0194645 0.0345123
FixedParameters: 0 0 0

#Transform 22
Transform: AffineTransform_float_3_3
Parameters: 1 6.83855e-05 -0.000108574 -6.83369e-05 1 0.000224007 0.000108605 -0.000223993 1 0.0247781 -0.0136559 -0.00280608
FixedParameters: 0 0 0

#Transform 23
Transform: AffineTransform_float_3_3
Parameters: 1 0.000211706 -0.000130501 -0.00021168 1 0.000101028 0.000130544 -0.000100972 1 0.0233603 -0.0443389 0.00545741
FixedParameters: 0 0 0

#Transform 24
Transform: AffineTransform_float_3_3
Parameters: 1 0.000211708 -0.000130497 -0.000211677 1 0.000120028 0.000130548 -0.000119972 1 0.0062338 0.026958 -0.0282731
FixedParameters: 0 0 0

#Transform 25
Transform: AffineTransform_float_3_3
Parameters: 1 -7.69513e-05 -8.6351e-05 7.69435e-05 1 -4.50066e-05 8.63579e-05 4.49934e-05 1 -0.00561549 -0.00533239 -0.0324183
FixedParameters: 0 0 0

#Transform 26
Transform: AffineTransform_float_3_3
Parameters: 1 8.10085e-05 0.000126205 -8.10332e-05 1 9.79898e-05 -0.000126189 -9.80102e-05 1 -0.0152029 -0.0142707 0.0067056
FixedParameters: 0 0 0

#Transform 27
Transform: AffineTransform_float_3_3
Parameters: 1 0.000531031 -0.000179218 -0.000530921 1 0.000305095 0.000179542 -0.000304905 1 -0.00446681 -0.0229294 -0.0218847
FixedParameters: 0 0 0

#Transform 28
Transform: AffineTransform_float_3_3
Parameters: 1 0.0003949 -0.000295132 -0.000394905 1 -7.88345e-06 0.000295126 8.11655e-06 1 0.00286211 0.0189669 -0.0356604
FixedParameters: 0 0 0

#Transform 29
Transform: AffineTransform_float_3_3
Parameters: 1 0.000211737 -0.00013045 -0.000211648 1 0.000342028 0.000130595 -0.000341972 1 -0.00398378 0.00139552 -0.00404879
FixedParameters: 0 0 0

#Transform 30
Transform: AffineTransform_float_3_3
Parameters: 1 0.000211737 -0.00013045 -0.000211648 1 0.000342028 0.000130595 -0.000341972 1 0.0171643 0.00478528 0.0852687
FixedParameters: 0 0 0

#Transform 31
Transform: AffineTransform_float_3_3
Parameters: 1 0.000228641 -1.97331e-05 -0.000228627 1 0.000342004 1.98895e-05 -0.000341995 1 -0.000222464 -0.00363125 0.0767315
FixedParameters: 0 0 0

#Transform 32
Transform: AffineTransform_float_3_3
Parameters: 1 0.000211725 -0.00013047 -0.00021166 1 0.000248028 0.000130575 -0.000247972 1 0.00424005 0.00583397 0.0964091
FixedParameters: 0 0 0

#Transform 33
Transform: AffineTransform_float_3_3
Parameters: 1 0.000226231 -3.55159e-05 -0.000226348 1 0.000492008 3.47501e-05 -0.000491992 1 0.0137424 -0.00988913 0.0967781
FixedParameters: 0 0 0

#Transform 34
Transform: AffineTransform_float_3_3
Parameters: 1 0.000248864 0.000112732 -0.000248941 1 0.000341972 -0.000112562 -0.000342028 1 0.0152435 0.00915541 0.0942277
FixedParameters: 0 0 0

#Transform 35
Transform: AffineTransform_float_3_3
Parameters: 1 0.000204493 -0.0001779 -0.000204371 1 0.000342036 0.00017804 -0.000341964 1 0.0108236 0.00781867 0.0846874
FixedParameters: 0 0 0

#Transform 36
Transform: AffineTransform_float_3_3
Parameters: 1 0.000293048 -0.000134698 -0.000292893 1 0.000576039 0.000135036 -0.00057596 1 0.0057141 -0.00999414 0.0759788
FixedParameters: 0 0 0

#Transform 37
Transform: AffineTransform_float_3_3
Parameters: 1 0.000279547 -5.07313e-05 -0.000279498 1 0.000482014 5.10007e-05 -0.000481986 1 -0.00485026 0.00186195 0.0743501
FixedParameters: 0 0 0

#Transform 38
Transform: AffineTransform_float_3_3
Parameters: 1 0.00024072 5.93274e-05 -0.000240749 1 0.000245986 -5.9209e-05 -0.000246014 1 -0.0116123 0.0186881 0.0570291
FixedParameters: 0 0 0

#Transform 39
Transform: AffineTransform_float_3_3
Parameters: 1 0.000227886 -2.46759e-05 -0.000227869 1 0.000342006 2.48317e-05 -0.000341994 1 -0.0164724 0.00419597 0.0842053
FixedParameters: 0 0 0

#Transform 40
Transform: AffineTransform_float_3_3
Parameters: 1 0.000197815 -0.00022143 -0.000197739 1 0.000172044 0.000221498 -0.000171956 1 -0.0157904 0.0144509 0.0490557
FixedParameters: 0 0 0

#Transform 41
Transform: AffineTransform_float_3_3
Parameters: 1 0.000378041 -0.000233756 -0.000377908 1 0.000285088 0.000233971 -0.000284912 1 -0.00869297 0.0370517 0.0613711
FixedParameters: 0 0 0

#Transform 42
Transform: AffineTransform_float_3_3
Parameters: 1 0.000184068 -0.000311384 -0.000183956 1 0.000180057 0.00031145 -0.000179943 1 -1.65478e-05 0.0368115 0.0656565
FixedParameters: 0 0 0

#Transform 43
Transform: AffineTransform_float_3_3
Parameters: 1 0.000358298 -0.000230693 -0.000358111 1 0.000405083 0.000230983 -0.000404917 1 0.00239692 0.00994703 0.060648
FixedParameters: 0 0 0

#Transform 44
Transform: AffineTransform_float_3_3
Parameters: 1 0.000394872 -0.000236279 -0.000394685 1 0.000395093 0.000236591 -0.000394907 1 0.00263646 0.0325557 0.0469227
FixedParameters: 0 0 0

#Transform 45
Transform: AffineTransform_float_3_3
Parameters: 1 0.000200184 -0.000206503 -0.000199907 1 0.000670041 0.000206771 -0.000669958 1 0.00133776 -0.00431752 0.0656652
FixedParameters: 0 0 0

#Transform 46
Transform: AffineTransform_float_3_3
Parameters: 1 0.000200024 -0.000206657 -0.000200067 1 -0.000102959 0.000206616 0.000103041 1 0.00836577 0.0470201 0.110458
FixedParameters: 0 0 0

#Transform 47
Transform: AffineTransform_float_3_3
Parameters: 1 0.000200127 -0.000206557 -0.000199964 1 0.000396041 0.000206716 -0.000395959 1 0.00133437 0.0159037 0.101667
FixedParameters: 0 0 0

#Transform 48
Transform: AffineTransform_float_3_3
Parameters: 1 0.000200201 -0.000206486 -0.000199891 0.999999 0.000750041 0.000206787 -0.000749958 0.999999 0.00133191 0.00351864 0.101579
FixedParameters: 0 0 0

#Transform 49
Transform: AffineTransform_float_3_3
Parameters: 1 0.000200168 -0.000206518 -0.000199923 1 0.000594041 0.000206755 -0.000593958 1 0.00133294 0.0100556 0.0884007
FixedParameters: 0 0 0

#Transform 50
Transform: AffineTransform_float_3_3
Parameters: 1 0.000211164 -0.000134356 -0.000211011 1 0.000569028 0.000134597 -0.000568971 1 -0.00103246 -0.00900654 0.06701
FixedParameters: 0 0 0

#Transform 51
Transform: AffineTransform_float_3_3
Parameters: 1 0.000326723 -7.30546e-05 -0.000326784 1 0.000618024 7.24699e-05 -0.000617976 1 -0.00292738 0.00214996 0.090008
FixedParameters: 0 0 0

#Transform 52
Transform: AffineTransform_float_3_3
Parameters: 1 0.000189954 -0.00027372 -0.000189718 0.999999 0.000709052 0.000273 -0.000708948 0.999999 -0.00427202 0.00273869 0.0607972
FixedParameters: 0 0 0

#Transform 53
Transform: AffineTransform_float_3_3
Parameters: 1 0.000295133 -0.000220901 -0.000295737 0.999999 0.000870065 0.000221566 -0.000869934 0.999999 -0.0032585 0.00017942 0.0598817
FixedParameters: 0 0 0

#Transform 54
Transform: AffineTransform_float_3_3
Parameters: 1 0.000200247 -0.000206442 -0.000199844 0.999999 0.00097304 0.000206831 -0.000972958 0.999999 0.00132513 -0.00361918 0.127463
FixedParameters: 0 0 0

#Transform 55
Transform: AffineTransform_float_3_3
Parameters: 1 6.96728e-05 -0.00018663 -6.94562e-05 1 0.000580013 0.000186711 -0.000579987 1 -0.00861418 0.0246145 0.145443
FixedParameters: 0 0 0

#Transform 56
Transform: AffineTransform_float_3_3
Parameters: 1 0.000200151 -0.000206535 -0.000199941 1 0.000508041 0.000206738 -0.000507958 1 0.00133899 0.0347492 0.097517
FixedParameters: 0 0 0

#Transform 57
Transform: AffineTransform_float_3_3
Parameters: 1 0.000185063 -0.000305399 -0.000184776 1 0.000469056 0.000305573 -0.000468943 1 -0.00105373 0.0118022 0.14879
FixedParameters: 0 0 0

#Transform 58
Transform: AffineTransform_float_3_3
Parameters: 1 0.000200893 -0.000202443 -0.000200561 1 0.00119604 0.000201934 -0.00119596 1 -0.00709946 -0.0314112 0.129735
FixedParameters: 0 0 0

#Transform 59
Transform: AffineTransform_float_3_3
Parameters: 1 0.000475586 -0.000251417 -0.000475176 0.999999 0.000814119 0.000252191 -0.00081388 0.999999 -0.0152538 0.0280138 0.127156
FixedParameters: 0 0 0

#Transform 60
Transform: AffineTransform_float_3_3
Parameters: 1 0.000312935 -0.000210414 -0.000312512 1 0.00100292 0.000211041 -0.00100308 0.999999 -0.0149766 0.0106886 0.176085
FixedParameters: 0 0 0

#Transform 61
Transform: AffineTransform_float_3_3
Parameters: 1 0.000202174 -0.000193617 -0.00020185 0.999999 0.000837038 0.000193955 -0.00083696 0.999999 -0.0147958 0.0180153 0.20475
FixedParameters: 0 0 0

#Transform 62
Transform: AffineTransform_float_3_3
Parameters: 1 0.000202154 -0.000193638 -0.00020187 0.999999 0.000731039 0.000193934 -0.00073096 0.999999 -0.0229128 0.0070719 0.239923
FixedParameters: 0 0 0

#Transform 63
Transform: AffineTransform_float_3_3
Parameters: 1 0.000226234 -3.54969e-05 -0.000226193 1 0.000576008 3.57575e-05 -0.000575992 1 -0.0249024 0.0454806 0.248054
FixedParameters: 0 0 0

#Transform 64
Transform: AffineTransform_float_3_3
Parameters: 1 0.000317878 -0.000211165 -0.000318442 1 0.00100307 0.000211955 -0.00100293 1 -0.0278148 0.0158937 0.215468
FixedParameters: 0 0 0

#Transform 65
Transform: AffineTransform_float_3_3
Parameters: 1 0.000321928 -0.000151144 -0.00032167 0.999999 0.000851048 0.000151692 -0.000850951 0.999999 -0.023558 0.018512 0.219831
FixedParameters: 0 0 0

#Transform 66
Transform: AffineTransform_float_3_3
Parameters: 1 0.000221432 -6.70655e-05 -0.000221315 0.999999 0.000874014 6.74525e-05 -0.000873984 0.999999 -0.0273493 0.0253052 0.243999
FixedParameters: 0 0 0

#Transform 67
Transform: AffineTransform_float_3_3
Parameters: 1 0.000226848 -3.14639e-05 -0.000226789 0.999999 0.000923006 3.18826e-05 -0.000922992 0.999999 -0.0288857 0.0262132 0.211835
FixedParameters: 0 0 0

#Transform 68
Transform: AffineTransform_float_3_3
Parameters: 1 0.000202219 -0.00019357 -0.000201805 1 0.00106804 0.000194002 -0.00106796 1 -0.0233285 0.0267165 0.227734
FixedParameters: 0 0 0

#Transform 69
Transform: AffineTransform_float_3_3
Parameters: 1 0.000202145 -0.000193648 -0.000201879 0.999999 0.000686039 0.000193925 -0.00068596 0.999999 -0.0243975 0.0341791 0.220062
FixedParameters: 0 0 0

#Transform 70
Transform: AffineTransform_float_3_3
Parameters: 1 0.000216004 -0.000102685 -0.000215852 0.999999 0.000742022 0.000103005 -0.000741977 0.999999 -0.0394764 0.034145 0.212129
FixedParameters: 0 0 0

#Transform 71
Transform: AffineTransform_float_3_3
Parameters: 1 0.000218728 -8.48527e-05 -0.000218573 0.999999 0.000911041 8.52513e-05 -0.000911958 0.999999 -0.0446811 0.0374324 0.194935
FixedParameters: 0 0 0

#Transform 72
Transform: AffineTransform_float_3_3
Parameters: 1 0.000202156 -0.000193636 -0.000201868 0.999999 0.000742039 0.000193936 -0.00074196 0.999999 -0.036483 0.0428827 0.22174
FixedParameters: 0 0 0

#Transform 73
Transform: AffineTransform_float_3_3
Parameters: 1 0.000301541 -0.000105593 -0.000301536 0.999999 0.000742031 0.000105052 -0.000741968 0.999999 -0.0393413 0.0405007 0.259855
FixedParameters: 0 0 0

#Transform 74
Transform: AffineTransform_float_3_3
Parameters: 1 0.000202233 -0.000193556 -0.000201792 1 0.00113804 0.000194016 -0.00113796 1 -0.0364944 0.0216862 0.232339
FixedParameters: 0 0 0

#Transform 75
Transform: AffineTransform_float_3_3
Parameters: 1 0.000202127 -0.000193666 -0.000201897 1 0.000593039 0.000193906 -0.000592961 1 -0.0364795 0.0671965 0.228871
FixedParameters: 0 0 0

#Transform 76
Transform: AffineTransform_float_3_3
Parameters: 1 0.000218407 -8.68817e-05 -0.00021829 0.999999 0.000674019 8.7176e-05 -0.000673981 1 -0.0400113 0.035932 0.252522
FixedParameters: 0 0 0

#Transform 77
Transform: AffineTransform_float_3_3
Parameters: 1 0.000202212 -0.000193578 -0.000201812 1 0.00103104 0.000193994 -0.00103096 1 -0.0364887 0.0254269 0.232512
FixedParameters: 0 0 0

#Transform 78
Transform: AffineTransform_float_3_3
Parameters: 1 0.000133801 4.84394e-05 -0.000133894 0.999999 0.000966993 -4.81805e-05 -0.000967006 0.999999 -0.0624161 0.0609575 0.248321
FixedParameters: 0 0 0

#Transform 79
Transform: AffineTransform_float_3_3
Parameters: 1 0.000228952 -1.76324e-05 -0.000229073 0.999999 0.000882003 1.70479e-05 -0.000881995 0.999999 -0.0527863 0.0570066 0.26659
FixedParameters: 0 0 0

#Transform 80
Transform: AffineTransform_float_3_3
Parameters: 1 3.71203e-05 0.000543596 -3.81846e-05 0.999999 0.000979129 -0.000543522 -0.000978871 1 -0.077771 0.0265461 0.294619
FixedParameters: 0 0 0

#Transform 81
Transform: AffineTransform_float_3_3
Parameters: 1 9.83799e-05 0.000168126 -9.87196e-05 1 0.00101098 -0.000167927 -0.00101102 1 -0.0804955 0.0329329 0.306874
FixedParameters: 0 0 0

#Transform 82
Transform: AffineTransform_float_3_3
Parameters: 1 0.000244604 8.51505e-05 -0.000244883 0.999999 0.000741979 -8.57758e-05 -0.000742021 0.999999 -0.0875198 0.065316 0.356752
FixedParameters: 0 0 0

#Transform 83
Transform: AffineTransform_float_3_3
Parameters: 1 0.000344755 7.19245e-05 -0.000344861 0.999999 0.000741975 -7.14128e-05 -0.000742024 0.999999 -0.0849389 0.0385501 0.395554
FixedParameters: 0 0 0

#Transform 84
Transform: AffineTransform_float_3_3
Parameters: 1 0.000233765 1.39903e-05 -0.000233788 0.999999 0.000824996 -1.36046e-05 -0.000825003 0.999999 -0.101726 0.0924352 0.409849
FixedParameters: 0 0 0

#Transform 85
Transform: AffineTransform_float_3_3
Parameters: 1 0.000504642 -2.73114e-05 -0.000504605 0.999999 0.000667013 2.79846e-05 -0.000666986 1 -0.113792 0.0566595 0.415747
FixedParameters: 0 0 0

#Transform 86
Transform: AffineTransform_float_3_3
Parameters: 1 0.000479929 -2.35104e-05 -0.000479894 0.999999 0.000742011 2.42226e-05 -0.000741988 0.999999 -0.118664 0.0684975 0.38657
FixedParameters: 0 0 0

#Transform 87
Transform: AffineTransform_float_3_3
Parameters: 1 0.000495959 0.000181412 -0.000496379 1 0.000741761 -0.000181664 -0.00074224 0.999999 -0.123066 0.0725516 0.378721
FixedParameters: 0 0 0

#Transform 88
Transform: AffineTransform_float_3_3
Parameters: 1 0.000548822 0.000329099 -0.000549412 0.999999 0.000665819 -0.000329356 -0.00066618 0.999999 -0.122916 0.044259 0.362797
FixedParameters: 0 0 0

#Transform 89
Transform: AffineTransform_float_3_3
Parameters: 1 0.000618887 3.24402e-05 -0.000619111 0.999999 0.00112098 -3.20409e-05 -0.00112102 1 -0.113726 0.0426369 0.367498
FixedParameters: 0 0 0

#Transform 90
Transform: AffineTransform_float_3_3
Parameters: 1 0.000540125 0.000126197 -0.000540494 0.999999 0.000862931 -0.000126252 -0.000863068 0.999999 -0.10414 0.0585056 0.36457
FixedParameters: 0 0 0

#Transform 91
Transform: AffineTransform_float_3_3
Parameters: 1 0.000562372 0.000146063 -0.000562616 0.999999 0.000837917 -0.00014512 -0.000838081 0.999999 -0.108423 0.0573141 0.34945
FixedParameters: 0 0 0

#Transform 92
Transform: AffineTransform_float_3_3
Parameters: 0.999999 0.000636193 0.000451378 -0.000636026 0.999999 0.000741713 -0.000451574 -0.000742287 0.999999 -0.101582 0.0842593 0.364581
FixedParameters: 0 0 0

#Transform 93
Transform: AffineTransform_float_3_3
Parameters: 0.999999 0.000694325 0.000674223 -0.000694618 0.999999 0.000837681 -0.000674199 -0.000838319 1 -0.104801 0.0595503 0.324761
FixedParameters: 0 0 0

#Transform 94
Transform: AffineTransform_float_3_3
Parameters: 0.999999 0.000373407 0.000933514 -0.000374503 1 0.00111665 -0.00093283 -0.00111735 0.999999 -0.104941 0.0409272 0.370187
FixedParameters: 0 0 0

#Transform 95
Transform: AffineTransform_float_3_3
Parameters: 1 0.000383386 0.00100502 -0.00038547 0.999998 0.00194461 -0.00100481 -0.00194539 0.999997 -0.106576 0.00981652 0.37353
FixedParameters: 0 0 0

#Transform 96
Transform: AffineTransform_float_3_3
Parameters: 1 0.000712206 0.000808386 -0.000712638 0.999999 0.0013964 -0.000807687 -0.0013966 0.999998 -0.0958748 0.099662 0.337152
FixedParameters: 0 0 0

#Transform 97
Transform: AffineTransform_float_3_3
Parameters: 0.999999 0.000587883 0.00082709 -0.000588848 1 0.00108949 -0.000826948 -0.00108951 0.999999 -0.104709 0.0611024 0.346908
FixedParameters: 0 0 0

#Transform 98
Transform: AffineTransform_float_3_3
Parameters: 1 0.000546108 0.00090032 -0.000547634 0.999999 0.00139666 -0.000898943 -0.00139734 0.999999 -0.104966 0.0628019 0.333512
FixedParameters: 0 0 0

#Transform 99
Transform: AffineTransform_float_3_3
Parameters: 1 0.000620256 0.000822325 -0.000621716 0.999999 0.00139649 -0.00082173 -0.00139751 0.999998 -0.106209 0.0549151 0.333759
FixedParameters: 0 0 0

#Transform 100
Transform: AffineTransform_float_3_3
Parameters: 1 0.000651885 0.000968025 -0.000652804 1 0.000985369 -0.00096689 -0.000986631 0.999999 -0.107216 0.0908374 0.34562
FixedParameters: 0 0 0

#Transform 101
Transform: AffineTransform_float_3_3
Parameters: 1 0.000690454 0.000811683 -0.000691884 0.999999 0.00139644 -0.000810892 -0.00139756 0.999998 -0.111686 0.0390807 0.35442
FixedParameters: 0 0 0

#Transform 102
Transform: AffineTransform_float_3_3
Parameters: 0.999998 0.00111733 0.00115598 -0.0011197 0.999998 0.00181566 -0.00115321 -0.00181634 0.999997 -0.133175 0.0224107 0.347369
FixedParameters: 0 0 0

#Transform 103
Transform: AffineTransform_float_3_3
Parameters: 1 0.000862559 0.000835464 -0.00086377 0.999998 0.00181828 -0.000833615 -0.00181972 0.999998 -0.136388 0.0393865 0.329901
FixedParameters: 0 0 0

#Transform 104
Transform: AffineTransform_float_3_3
Parameters: 0.999999 0.000924031 0.000895039 -0.000925673 0.999998 0.00193915 -0.000892743 -0.00193985 0.999997 -0.135684 0.0218623 0.331449
FixedParameters: 0 0 0

#Transform 105
Transform: AffineTransform_float_3_3
Parameters: 1 0.000902989 0.000814036 -0.000903815 0.999999 0.00163024 -0.000812381 -0.00163076 0.999999 -0.140775 0.0455386 0.330175
FixedParameters: 0 0 0

#Transform 106
Transform: AffineTransform_float_3_3
Parameters: 1 0.000887459 0.000764793 -0.000888253 0.999999 0.0016143 -0.000764206 -0.0016147 0.999999 -0.133867 0.0501167 0.356106
FixedParameters: 0 0 0

#Transform 107
Transform: AffineTransform_float_3_3
Parameters: 1 0.000918952 0.00076018 -0.000921011 0.999998 0.00180628 -0.000758985 -0.00180672 0.999998 -0.132205 0.0444321 0.361878
FixedParameters: 0 0 0

#Transform 108
Transform: AffineTransform_float_3_3
Parameters: 1 0.000953574 0.00075493 -0.000955583 0.999998 0.00178626 -0.000753647 -0.00178674 0.999998 -0.138701 0.0421288 0.370499
FixedParameters: 0 0 0

#Transform 109
Transform: AffineTransform_float_3_3
Parameters: 0.999999 0.00117591 0.000769173 -0.00117745 0.999997 0.00209307 -0.000766525 -0.00209393 0.999998 -0.138934 0.0354165 0.368033
FixedParameters: 0 0 0

#Transform 110
Transform: AffineTransform_float_3_3
Parameters: 0.999999 0.000863326 0.00120362 -0.000865374 0.999997 0.00202109 -0.00120157 -0.00202191 0.999997 -0.153901 0.0533667 0.351051
FixedParameters: 0 0 0

#Transform 111
Transform: AffineTransform_float_3_3
Parameters: 0.999999 0.000969325 0.00118749 -0.000971902 0.999998 0.00185498 -0.00118518 -0.00185603 0.999998 -0.131122 0.0544835 0.347904
FixedParameters: 0 0 0

#Transform 112
Transform: AffineTransform_float_3_3
Parameters: 0.999999 0.00115677 0.000802258 -0.00115823 0.999997 0.00195605 -0.000800009 -0.00195695 0.999997 -0.119945 0.038127 0.345003
FixedParameters: 0 0 0

#Transform 113
Transform: AffineTransform_float_3_3
Parameters: 1 0.000734549 0.000813548 -0.000736362 0.999998 0.00214438 -0.000812673 -0.00214462 0.999998 -0.120713 0.0989587 0.325332
FixedParameters: 0 0 0

#Transform 114
Transform: AffineTransform_float_3_3
Parameters: 0.999999 0.00088805 0.00113047 -0.000890113 0.999996 0.00252912 -0.00112856 -0.00252988 0.999996 -0.136097 0.0111256 0.32576
FixedParameters: 0 0 0

#Transform 115
Transform: AffineTransform_float_3_3
Parameters: 0.999999 0.000783823 0.00113982 -0.000786765 0.999997 0.00209323 -0.00113782 -0.00209377 0.999997 -0.129193 0.0489036 0.332009
FixedParameters: 0 0 0

#Transform 116
Transform: AffineTransform_float_3_3
Parameters: 0.999999 0.000781931 0.00112584 -0.000784575 0.999998 0.00191825 -0.00112511 -0.00191876 0.999998 -0.121653 0.0433447 0.366342
FixedParameters: 0 0 0

#Transform 117
Transform: AffineTransform_float_3_3
Parameters: 0.999999 0.000783375 0.00113685 -0.000786305 0.999997 0.00209323 -0.00113486 -0.00209376 0.999997 -0.121968 0.0589731 0.360332
FixedParameters: 0 0 0

#Transform 118
Transform: AffineTransform_float_3_3
Parameters: 0.999999 0.000798426 0.0012389 -0.000801426 0.999997 0.00234814 -0.00123659 -0.00234886 0.999997 -0.125379 0.0233174 0.35841
FixedParameters: 0 0 0

#Transform 119
Transform: AffineTransform_float_3_3
Parameters: 0.999999 0.000803464 0.00111779 -0.000805859 0.999997 0.00233223 -0.00111548 -0.00233277 0.999997 -0.133475 0.0270981 0.366427
FixedParameters: 0 0 0
