#Insight Transform File V1.0
#Transform 0
Transform: AffineTransform_float_3_3
Parameters: 0.999922 0.00392414 -0.0118467 -0.00403961 0.999945 -0.00972271 0.0118071 0.00976929 0.999883 0.0646097 0.0637913 -0.557375
FixedParameters: 0 0 0

#Transform 1
Transform: AffineTransform_float_3_3
Parameters: 0.999923 0.00565512 -0.0110678 -0.00577121 0.999928 -0.0105007 0.0110075 0.0105633 0.999884 -0.099351 0.0918282 -0.58744
FixedParameters: 0 0 0

#Transform 2
Transform: AffineTransform_float_3_3
Parameters: 0.999969 0.00459832 -0.00649702 -0.00464452 0.999964 -0.00714317 0.0064642 0.00717283 0.999954 -0.17317 0.0820584 -0.347691
FixedParameters: 0 0 0

#Transform 3
Transform: AffineTransform_float_3_3
Parameters: 0.999988 0.00371975 0.00301889 -0.0037389 0.999974 0.00612568 -0.00299611 -0.00613732 0.999977 -0.344007 -0.187359 0.0731575
FixedParameters: 0 0 0

#Transform 4
Transform: AffineTransform_float_3_3
Parameters: 0.999999 0.000684526 0.000634876 -0.000689592 0.999962 0.00875857 -0.00062983 -0.00875944 0.999962 -0.176964 -0.274839 0.136443
FixedParameters: 0 0 0

#Transform 5
Transform: AffineTransform_float_3_3
Parameters: 0.999996 0.00198245 -0.00170063 -0.00198176 0.999997 -8.8688e-05 0.00170013 9.13127e-05 0.999999 -0.118486 -0.165259 0.234877
FixedParameters: 0 0 0

#Transform 6
Transform: AffineTransform_float_3_3
Parameters: 0.99999 0.00256408 -0.00346509 -0.00257487 0.999992 -0.0030569 0.00345788 0.0030661 0.999989 -0.098884 -0.0715053 0.10811
FixedParameters: 0 0 0

#Transform 7
Transform: AffineTransform_float_3_3
Parameters: 0.999987 0.00331715 -0.00405327 -0.00333663 0.999983 -0.00483239 0.00403728 0.00484661 0.99998 -0.118468 -0.0612381 0.00266522
FixedParameters: 0 0 0

#Transform 8
Transform: AffineTransform_float_3_3
Parameters: 0.999979 0.00426891 -0.00473899 -0.00429572 0.999974 -0.0057989 0.00471427 0.0058191 0.999972 -0.152444 -0.0457609 -0.0196397
FixedParameters: 0 0 0

#Transform 9
Transform: AffineTransform_float_3_3
Parameters: 0.999987 0.00334725 -0.0038502 -0.00337044 0.999976 -0.00604111 0.00382929 0.0060539 0.999975 -0.175585 0.0367603 -0.15527
FixedParameters: 0 0 0

#Transform 10
Transform: AffineTransform_float_3_3
Parameters: 0.999987 0.00331626 -0.00370531 -0.00333498 0.999981 -0.00520773 0.00368783 0.00522027 0.99998 -0.19865 -0.0662646 0.0141828
FixedParameters: 0 0 0

#Transform 11
Transform: AffineTransform_float_3_3
Parameters: 0.999988 0.00334478 -0.00352047 -0.00336318 0.999979 -0.00546039 0.00350199 0.0054716 0.999979 -0.172052 0.0225878 -0.074819
FixedParameters: 0 0 0

#Transform 12
Transform: AffineTransform_float_3_3
Parameters: 0.999987 0.00325511 -0.00408891 -0.00327678 0.999981 -0.00532165 0.004071 0.00533435 0.999977 -0.11998 -0.0240802 -0.158327
FixedParameters: 0 0 0

#Transform 13
Transform: AffineTransform_float_3_3
Parameters: 0.999985 0.00336331 -0.00431184 -0.00338576 0.999979 -0.00538228 0.00429304 0.00539671 0.999976 -0.127787 -0.0606426 -0.0288228
FixedParameters: 0 0 0

#Transform 14
Transform: AffineTransform_float_3_3
Parameters: 0.999986 0.00321126 -0.00436198 -0.003235 0.999979 -0.00546862 0.00434426 0.00548237 0.999975 -0.10591 -0.00324539 -0.017886
FixedParameters: 0 0 0

#Transform 15
Transform: AffineTransform_float_3_3
Parameters: 0.999986 0.00322053 -0.00430282 -0.00324389 0.99998 -0.00549993 0.00428481 0.00551307 0.999976 -0.107159 -0.00869889 -0.0600506
FixedParameters: 0 0 0

#Transform 16
Transform: AffineTransform_float_3_3
Parameters: 0.999986 0.00320958 -0.00437717 -0.00323199 0.999981 -0.00527961 0.00435971 0.00529439 0.999976 -0.157794 0.0112552 -0.222024
FixedParameters: 0 0 0

#Transform 17
Transform: AffineTransform_float_3_3
Parameters: 0.999992 0.00283335 -0.0027987 -0.00284874 0.999981 -0.00554434 0.002783 0.00555167 0.999981 -0.147979 0.00784964 -0.102352
FixedParameters: 0 0 0

#Transform 18
Transform: AffineTransform_float_3_3
Parameters: 0.999988 0.00334348 -0.00355531 -0.00335709 0.999986 -0.00406429 0.00354189 0.00407572 0.999986 -0.143133 -0.0687925 0.000289355
FixedParameters: 0 0 0

#Transform 19
Transform: AffineTransform_float_3_3
Parameters: 0.999987 0.00329392 -0.0038508 -0.0033127 0.999982 -0.00499733 0.00383395 0.00501067 0.99998 -0.113809 0.00499136 -0.0528264
FixedParameters: 0 0 0

#Transform 20
Transform: AffineTransform_float_3_3
Parameters: 0.999999 0.000314962 -0.000673269 -0.000314575 1 0.000287212 0.00067345 -0.000286788 0.999999 0.017115 -0.0252509 0.0990004
FixedParameters: 0 0 0

#Transform 21
Transform: AffineTransform_float_3_3
Parameters: 0.999999 4.63502e-05 -0.000851523 -5.01348e-05 0.999992 -0.00405181 0.000851667 0.00405219 0.999992 0.000750832 0.027855 -0.0266796
FixedParameters: 0 0 0

#Transform 22
Transform: AffineTransform_float_3_3
Parameters: 1 -0.000325145 -0.000162535 0.000324565 0.999993 -0.00389206 0.000162935 0.00389195 0.999993 0.000430184 -0.0396167 -0.010098
FixedParameters: 0 0 0

#Transform 23
Transform: AffineTransform_float_3_3
Parameters: 0.999999 -0.000259903 -0.000759902 0.000257156 0.999993 -0.0037552 0.00076139 0.0037548 0.999992 0.0684556 -0.048285 0.106543
FixedParameters: 0 0 0

#Transform 24
Transform: AffineTransform_float_3_3
Parameters: 0.999999 -3.42139e-05 -0.00136026 2.80643e-05 0.99999 -0.00449587 0.00136062 0.00449513 0.999989 0.0705031 -0.0305684 0.083719
FixedParameters: 0 0 0

#Transform 25
Transform: AffineTransform_float_3_3
Parameters: 0.999999 -0.000118722 -0.000745607 0.000113635 0.999981 -0.00605994 0.00074641 0.00606006 0.999982 0.0396607 0.0494783 -0.103622
FixedParameters: 0 0 0

#Transform 26
Transform: AffineTransform_float_3_3
Parameters: 1 -0.000635253 -0.000195261 0.00063388 0.999988 -0.00484613 0.000198295 0.00484588 0.999988 -0.00477015 -0.00906195 -0.107877
FixedParameters: 0 0 0

#Transform 27
Transform: AffineTransform_float_3_3
Parameters: 1 -6.2565e-05 -4.38134e-05 6.22019e-05 0.999991 -0.00412 4.43275e-05 0.00411999 0.999991 0.00263915 -0.0890401 -0.000280548
FixedParameters: 0 0 0

#Transform 28
Transform: AffineTransform_float_3_3
Parameters: 1 -0.000279967 -0.000303213 0.000277517 0.999964 -0.00840008 0.000305465 0.00839991 0.999964 -0.0241561 0.0411737 -0.478936
FixedParameters: 0 0 0

#Transform 29
Transform: AffineTransform_float_3_3
Parameters: 0.999999 0.00082596 -0.00092999 -0.000833798 0.999962 -0.00869623 0.000923392 0.00869777 0.999962 -0.0632367 0.0715361 -0.564966
FixedParameters: 0 0 0

#Transform 30
Transform: AffineTransform_float_3_3
Parameters: 0.999998 0.00119715 -0.00170663 -0.00121859 0.999923 -0.0123429 0.00169188 0.0123451 0.999922 -0.102123 0.294783 -0.823211
FixedParameters: 0 0 0

#Transform 31
Transform: AffineTransform_float_3_3
Parameters: 0.999998 0.00179917 -0.001086 -0.00180785 0.999967 -0.0078933 0.00107243 0.00789469 0.999968 -0.140849 0.0308303 -0.188755
FixedParameters: 0 0 0

#Transform 32
Transform: AffineTransform_float_3_3
Parameters: 0.999998 0.0017889 -0.00108148 -0.00179584 0.999978 -0.00643335 0.00107051 0.00643566 0.999979 -0.136799 0.00291531 0.0120968
FixedParameters: 0 0 0

#Transform 33
Transform: AffineTransform_float_3_3
Parameters: 0.999997 0.00268045 0.000487156 -0.00267725 0.999974 -0.00660882 -0.000504848 0.00660717 0.999978 -0.197577 0.104733 -0.00472792
FixedParameters: 0 0 0

#Transform 34
Transform: AffineTransform_float_3_3
Parameters: 0.999998 0.00147436 -0.000755023 -0.00147972 0.999978 -0.00656105 0.00074507 0.00656296 0.999978 -0.0884467 0.0320475 -0.010155
FixedParameters: 0 0 0

#Transform 35
Transform: AffineTransform_float_3_3
Parameters: 0.999998 0.00128598 -0.00111838 -0.00129258 0.999979 -0.00623054 0.0011103 0.00623246 0.99998 -0.080845 -0.000544184 0.103025
FixedParameters: 0 0 0

#Transform 36
Transform: AffineTransform_float_3_3
Parameters: 0.999999 0.00141922 -0.0010982 -0.00142677 0.999975 -0.00692654 0.00108845 0.00692745 0.999975 -0.0663236 0.0587716 -0.000473145
FixedParameters: 0 0 0

#Transform 37
Transform: AffineTransform_float_3_3
Parameters: 0.999999 0.00126447 -0.000940306 -0.00127054 0.999977 -0.00661294 0.000931681 0.00661406 0.999978 -0.084648 0.0200275 -0.0509123
FixedParameters: 0 0 0

#Transform 38
Transform: AffineTransform_float_3_3
Parameters: 0.999999 0.00144039 -0.000966663 -0.00144683 0.999976 -0.00678173 0.000957197 0.00678326 0.999976 -0.106206 0.00432027 -0.0103549
FixedParameters: 0 0 0

#Transform 39
Transform: AffineTransform_float_3_3
Parameters: 0.999998 0.00137524 -0.00137438 -0.00138407 0.999977 -0.00671321 0.00136552 0.00671479 0.999976 -0.109915 0.0225779 0.022703
FixedParameters: 0 0 0

#Transform 40
Transform: AffineTransform_float_3_3
Parameters: 0.999999 0.00142912 -0.00103761 -0.00143646 0.999977 -0.00667765 0.0010276 0.00667936 0.999978 -0.118288 0.0191215 0.00276378
FixedParameters: 0 0 0

#Transform 41
Transform: AffineTransform_float_3_3
Parameters: 0.999998 0.00139215 -0.0012679 -0.00140083 0.999976 -0.00683234 0.00125863 0.00683366 0.999976 -0.108976 0.012481 -0.0106639
FixedParameters: 0 0 0

#Transform 42
Transform: AffineTransform_float_3_3
Parameters: 0.999998 0.0013638 -0.00144723 -0.00137328 0.999978 -0.00654913 0.00143798 0.00655087 0.999977 -0.105388 0.022923 0.0150678
FixedParameters: 0 0 0

#Transform 43
Transform: AffineTransform_float_3_3
Parameters: 0.999998 0.00136328 -0.00145275 -0.00137198 0.99998 -0.00625212 0.00144432 0.00625388 0.999979 -0.0937529 0.0175408 0.0249583
FixedParameters: 0 0 0

#Transform 44
Transform: AffineTransform_float_3_3
Parameters: 0.999998 0.00139519 -0.00125072 -0.00140307 0.999978 -0.00654536 0.00124123 0.00654664 0.999978 -0.10311 0.0267679 0.010013
FixedParameters: 0 0 0

#Transform 45
Transform: AffineTransform_float_3_3
Parameters: 0.999998 0.00128189 -0.00101421 -0.00128912 0.999976 -0.00677283 0.00100592 0.00677417 0.999976 -0.111039 0.0639053 -0.123257
FixedParameters: 0 0 0

#Transform 46
Transform: AffineTransform_float_3_3
Parameters: 1 0.00105424 -0.000265885 -0.00105575 0.999977 -0.00679887 0.000258307 0.00679913 0.999977 -0.141303 0.012232 -0.116284
FixedParameters: 0 0 0

#Transform 47
Transform: AffineTransform_float_3_3
Parameters: 0.999999 0.00118042 -0.000536789 -0.00118341 0.999983 -0.0056535 0.000530042 0.0056535 0.999984 -0.139258 -0.0139962 -0.0143234
FixedParameters: 0 0 0

#Transform 48
Transform: AffineTransform_float_3_3
Parameters: 0.999999 0.000821152 0.000100876 -0.000821052 0.99998 -0.00637923 -0.000106107 0.00637877 0.999979 -0.117422 0.110042 -0.0371263
FixedParameters: 0 0 0

#Transform 49
Transform: AffineTransform_float_3_3
Parameters: 1 0.00101528 -0.000510993 -0.00101755 0.999981 -0.00604563 0.00050418 0.00604637 0.999981 -0.0891785 -0.0429436 0.0734806
FixedParameters: 0 0 0

#Transform 50
Transform: AffineTransform_float_3_3
Parameters: 0.999999 -0.000341347 0.000928602 0.000345777 0.999988 -0.00476053 -0.000927691 0.00476147 0.999988 -0.129185 0.156966 -0.273506
FixedParameters: 0 0 0

#Transform 51
Transform: AffineTransform_float_3_3
Parameters: 0.99999 -0.00360072 0.00272868 0.00357404 0.999947 0.00968814 -0.00276377 -0.00967786 0.999949 0.0223717 -0.257778 0.0869594
FixedParameters: 0 0 0

#Transform 52
Transform: AffineTransform_float_3_3
Parameters: 0.999999 -0.0012188 -0.000150162 0.00121874 0.999999 -0.000177333 0.000150594 0.000176667 1 0.0607448 -0.141866 0.260049
FixedParameters: 0 0 0

#Transform 53
Transform: AffineTransform_float_3_3
Parameters: 1 -0.00106987 -0.000457974 0.00106944 1 -0.00047164 0.000458981 0.00047036 1 0.0728275 -0.0611512 0.349144
FixedParameters: 0 0 0

#Transform 54
Transform: AffineTransform_float_3_3
Parameters: 1 -0.000755739 -0.00086333 0.000755763 0.999999 -0.000471503 0.000862902 0.000470498 1 0.0903184 -0.0856315 0.295247
FixedParameters: 0 0 0

#Transform 55
Transform: AffineTransform_float_3_3
Parameters: 1 -0.000637007 -0.00095507 0.000635768 0.999999 -0.00116561 0.000956402 0.00116439 0.999999 0.119011 -0.0627591 0.285229
FixedParameters: 0 0 0

#Transform 56
Transform: AffineTransform_float_3_3
Parameters: 0.999993 -8.7705e-05 -0.00357085 7.14451e-05 0.999991 -0.00439534 0.00357125 0.00439466 0.999984 0.150543 -0.00185948 0.177865
FixedParameters: 0 0 0

#Transform 57
Transform: AffineTransform_float_3_3
Parameters: 0.999998 -0.000415659 -0.00225787 0.000407973 0.999994 -0.00363863 0.00225852 0.00363737 0.999991 0.123431 -0.0448605 0.361724
FixedParameters: 0 0 0

#Transform 58
Transform: AffineTransform_float_3_3
Parameters: 0.999999 -0.00055892 0.00113206 0.00055832 0.999999 0.000701805 -0.001133 -0.000701195 0.999999 -0.0427239 -0.062534 0.317209
FixedParameters: 0 0 0

#Transform 59
Transform: AffineTransform_float_3_3
Parameters: 0.999999 -0.000955022 0.000828108 0.000955468 0.999999 -0.00104819 -0.00082793 0.00104881 0.999999 0.0149675 -0.085561 0.174449
FixedParameters: 0 0 0

#Transform 60
Transform: AffineTransform_float_3_3
Parameters: 0.999999 -0.00107408 0.000856571 0.00107572 0.999999 -0.00104806 -0.000855306 0.00104894 0.999999 -0.00456348 -0.0688492 0.251385
FixedParameters: 0 0 0

#Transform 61
Transform: AffineTransform_float_3_3
Parameters: 1 -0.00114357 0.000405201 0.00114433 0.999999 -0.00130966 -0.000404182 0.00130934 0.999999 0.00998962 -0.060785 0.226684
FixedParameters: 0 0 0

#Transform 62
Transform: AffineTransform_float_3_3
Parameters: 0.999999 -0.000874105 0.000275353 0.000874995 0.999997 -0.00217191 -0.000273531 0.00217209 0.999997 0.0031574 -0.0265926 0.220961
FixedParameters: 0 0 0

#Transform 63
Transform: AffineTransform_float_3_3
Parameters: 0.999999 -0.000659534 0.000432976 0.000659878 0.999998 -0.00171684 -0.000431548 0.00171616 0.999998 0.00153909 -0.0717173 0.263538
FixedParameters: 0 0 0

#Transform 64
Transform: AffineTransform_float_3_3
Parameters: 0.999999 -0.00108467 0.000785148 0.00108607 0.999998 -0.00171613 -0.000783247 0.00171687 0.999999 0.0197691 -0.0226641 0.259144
FixedParameters: 0 0 0

#Transform 65
Transform: AffineTransform_float_3_3
Parameters: 1 -0.000930216 0.00049511 0.000931611 0.999998 -0.00171652 -0.000493891 0.00171648 0.999999 0.0292371 -0.0891821 0.256808
FixedParameters: 0 0 0

#Transform 66
Transform: AffineTransform_float_3_3
Parameters: 0.999999 -0.000888961 0.000550982 0.000890008 0.999997 -0.00226149 -0.000549773 0.00226151 0.999998 0.0150932 -0.0365784 0.26939
FixedParameters: 0 0 0

#Transform 67
Transform: AffineTransform_float_3_3
Parameters: 1 -0.000745145 0.000787713 0.000747119 0.999994 -0.00342841 -0.000785108 0.00342959 0.999994 0.0132643 -0.0513654 0.229694
FixedParameters: 0 0 0

#Transform 68
Transform: AffineTransform_float_3_3
Parameters: 0.999999 -0.000871454 0.000103851 0.000871742 0.99999 -0.00437691 -0.000100175 0.00437709 0.999991 0.0384738 0.0187948 0.249532
FixedParameters: 0 0 0

#Transform 69
Transform: AffineTransform_float_3_3
Parameters: 1 0.000458547 -0.00101847 -0.000462277 0.999992 -0.00392453 0.00101623 0.00392547 0.999992 -0.0802926 -0.0192504 0.317592
FixedParameters: 0 0 0

#Transform 70
Transform: AffineTransform_float_3_3
Parameters: 0.999999 0.000758116 -0.000438147 -0.000759355 0.999991 -0.00420467 0.000434429 0.00420533 0.999991 -0.063137 0.0604751 0.339046
FixedParameters: 0 0 0

#Transform 71
Transform: AffineTransform_float_3_3
Parameters: 0.999999 -0.000546198 -0.000540234 0.000544095 0.999986 -0.00517615 0.000542307 0.00517585 0.999987 0.0287063 -0.000735477 0.322235
FixedParameters: 0 0 0

#Transform 72
Transform: AffineTransform_float_3_3
Parameters: 0.999996 -0.00276189 0.00120706 0.00276118 0.999996 0.000893785 -0.00120917 -0.000890217 0.999999 0.0694941 -0.00963171 0.300959
FixedParameters: 0 0 0

#Transform 73
Transform: AffineTransform_float_3_3
Parameters: 0.999982 -0.00240963 0.00551907 0.00238322 0.999986 0.0046608 -0.00553003 -0.0046472 0.999974 -0.0474682 -0.16451 0.158979
FixedParameters: 0 0 0

#Transform 74
Transform: AffineTransform_float_3_3
Parameters: 0.999994 -0.00211145 0.00253812 0.00210774 0.999997 0.00140534 -0.00254153 -0.00140065 0.999996 0.0631083 -0.121343 0.438992
FixedParameters: 0 0 0

#Transform 75
Transform: AffineTransform_float_3_3
Parameters: 0.999997 -0.00160098 0.00213078 0.001599 0.999998 0.0010015 -0.00213231 -0.000998498 0.999997 0.0787667 -0.078755 0.428064
FixedParameters: 0 0 0

#Transform 76
Transform: AffineTransform_float_3_3
Parameters: 0.999998 -0.00130278 0.00157416 0.00130085 0.999999 0.000663095 -0.0015749 -0.000660904 0.999998 0.0751858 -0.0794316 0.364304
FixedParameters: 0 0 0

#Transform 77
Transform: AffineTransform_float_3_3
Parameters: 0.999998 -0.000812583 0.00190403 0.00082054 0.999992 -0.00384725 -0.00190178 0.00384875 0.999991 0.0123591 0.0240147 -0.00181374
FixedParameters: 0 0 0

#Transform 78
Transform: AffineTransform_float_3_3
Parameters: 0.999999 -0.00128297 0.00118376 0.00128604 0.999995 -0.00281058 -0.00118003 0.00281141 0.999995 0.0597674 -0.0201617 -0.00606575
FixedParameters: 0 0 0

#Transform 79
Transform: AffineTransform_float_3_3
Parameters: 0.999998 -0.00108461 0.00167424 0.00109266 0.99999 -0.00445313 -0.00166957 0.00445487 0.999989 0.0252775 0.0928042 -0.0854816
FixedParameters: 0 0 0

#Transform 80
Transform: AffineTransform_float_3_3
Parameters: 0.999996 -0.00210998 0.00194358 0.00210461 0.999993 0.00292105 -0.00194972 -0.00291696 0.999994 0.0782973 -0.135988 0.704216
FixedParameters: 0 0 0

#Transform 81
Transform: AffineTransform_float_3_3
Parameters: 0.999997 -0.00189303 0.00170268 0.00188978 0.999996 0.00200114 -0.00170674 -0.00199786 0.999997 0.0899112 -0.0825437 0.66322
FixedParameters: 0 0 0

#Transform 82
Transform: AffineTransform_float_3_3
Parameters: 0.999997 -0.00183955 0.00148975 0.0018355 0.999996 0.00227451 -0.00149347 -0.00227249 0.999996 0.116033 -0.0987216 0.707435
FixedParameters: 0 0 0

#Transform 83
Transform: AffineTransform_float_3_3
Parameters: 0.999996 -0.00210767 0.00157191 0.00210327 0.999994 0.00258108 -0.00157828 -0.00257791 0.999995 0.130219 -0.103033 0.745504
FixedParameters: 0 0 0

#Transform 84
Transform: AffineTransform_float_3_3
Parameters: 0.999996 -0.00216789 0.00135582 0.00216519 0.999996 0.00200269 -0.00135985 -0.00199931 0.999997 0.145554 -0.0969786 0.707131
FixedParameters: 0 0 0

#Transform 85
Transform: AffineTransform_float_3_3
Parameters: 0.999997 -0.00224801 0.000946651 0.00224552 0.999995 0.00223288 -0.000951889 -0.00223112 0.999997 0.154469 -0.115499 0.765859
FixedParameters: 0 0 0

#Transform 86
Transform: AffineTransform_float_3_3
Parameters: 0.999998 -0.00168621 0.00155616 0.00168702 0.999998 -0.000626457 -0.00155488 0.000628543 0.999999 0.109792 -0.089657 0.653906
FixedParameters: 0 0 0

#Transform 87
Transform: AffineTransform_float_3_3
Parameters: 0.999992 -0.00243019 0.00340448 0.00243444 0.999996 -0.00126852 -0.00340065 0.00127648 0.999993 0.0702594 -0.0122255 0.464333
FixedParameters: 0 0 0

#Transform 88
Transform: AffineTransform_float_3_3
Parameters: 0.999991 -0.00291588 0.00289442 0.00291318 0.999995 0.000890174 -0.00289692 -0.000881826 0.999995 0.121725 -0.0958776 0.810702
FixedParameters: 0 0 0

#Transform 89
Transform: AffineTransform_float_3_3
Parameters: 0.999993 -0.00278845 0.00227318 0.00278651 0.999996 0.00121486 -0.00227644 -0.00120814 0.999996 0.134212 -0.0824421 0.844707
FixedParameters: 0 0 0

#Transform 90
Transform: AffineTransform_float_3_3
Parameters: 0.999995 -0.00219857 0.00218324 0.00219499 0.999997 0.00137774 -0.00218662 -0.00137226 0.999997 0.128599 -0.0772203 0.781242
FixedParameters: 0 0 0

#Transform 91
Transform: AffineTransform_float_3_3
Parameters: 0.999995 -0.00266465 0.00183194 0.00266441 0.999996 6.95243e-05 -0.0018323 -6.44749e-05 0.999998 0.131051 -0.0735046 0.524137
FixedParameters: 0 0 0

#Transform 92
Transform: AffineTransform_float_3_3
Parameters: 0.999997 -0.00224458 0.00149257 0.00224336 0.999997 0.00046012 -0.00149364 -0.00045688 0.999999 0.14259 -0.0962262 0.665644
FixedParameters: 0 0 0

#Transform 93
Transform: AffineTransform_float_3_3
Parameters: 0.99999 -0.00138321 0.00442064 0.00138003 0.999998 0.000714361 -0.00442208 -0.000708638 0.99999 0.144267 -0.0901635 0.699151
FixedParameters: 0 0 0

#Transform 94
Transform: AffineTransform_float_3_3
Parameters: 0.999997 -0.00107858 0.00188015 0.00109065 0.99998 -0.00616975 -0.00187316 0.00617126 0.99998 0.0993733 -0.00359875 0.585737
FixedParameters: 0 0 0

#Transform 95
Transform: AffineTransform_float_3_3
Parameters: 0.999997 -0.00142511 0.00201229 0.00143862 0.999976 -0.00673205 -0.00200207 0.00673494 0.999975 0.122682 0.0436638 0.602911
FixedParameters: 0 0 0

#Transform 96
Transform: AffineTransform_float_3_3
Parameters: 0.999998 -0.000359757 0.00221238 0.000370714 0.999987 -0.00503885 -0.00221 0.00503915 0.999985 0.0406161 -0.0538307 0.662117
FixedParameters: 0 0 0

#Transform 97
Transform: AffineTransform_float_3_3
Parameters: 0.999993 -0.00150913 0.00323122 0.0015309 0.999975 -0.00691666 -0.00322085 0.00692134 0.999971 0.10006 0.00864209 0.614279
FixedParameters: 0 0 0

#Transform 98
Transform: AffineTransform_float_3_3
Parameters: 0.999997 -0.00164695 0.00139016 0.00165873 0.999961 -0.00870683 -0.00137568 0.00870919 0.999962 0.10758 0.0849747 0.585631
FixedParameters: 0 0 0

#Transform 99
Transform: AffineTransform_float_3_3
Parameters: 0.999972 -0.00589724 0.00465452 0.00584495 0.999921 0.011077 -0.00471946 -0.011049 0.999928 0.197195 -0.093708 0.699947
FixedParameters: 0 0 0

#Transform 100
Transform: AffineTransform_float_3_3
Parameters: 0.999974 -0.00445339 0.00575937 0.00447099 0.999986 -0.00291688 -0.00574593 0.00294311 0.999979 0.315605 -0.070103 1.05351
FixedParameters: 0 0 0

#Transform 101
Transform: AffineTransform_float_3_3
Parameters: 0.99998 -0.00435717 0.00454164 0.00437381 0.999983 -0.0036515 -0.00452535 0.0036705 0.999983 0.345328 -0.0383965 1.14859
FixedParameters: 0 0 0

#Transform 102
Transform: AffineTransform_float_3_3
Parameters: 0.999984 -0.00469909 0.00313042 0.00470551 0.999987 -0.00186952 -0.00312106 0.00188448 0.999994 0.414165 -0.0905778 1.26605
FixedParameters: 0 0 0

#Transform 103
Transform: AffineTransform_float_3_3
Parameters: 0.999986 -0.00460138 0.00232689 0.00460767 0.999985 -0.00287278 -0.00231347 0.00288322 0.999993 0.431249 -0.0395201 1.19002
FixedParameters: 0 0 0

#Transform 104
Transform: AffineTransform_float_3_3
Parameters: 0.999984 -0.0043299 0.00351407 0.00434734 0.999978 -0.00511768 -0.00349106 0.00513232 0.999981 0.352843 0.0532934 0.897429
FixedParameters: 0 0 0

#Transform 105
Transform: AffineTransform_float_3_3
Parameters: 0.999988 -0.00428571 0.00234383 0.00429569 0.999982 -0.00426229 -0.00232593 0.00427171 0.999988 0.369803 -0.0579909 0.84545
FixedParameters: 0 0 0

#Transform 106
Transform: AffineTransform_float_3_3
Parameters: 0.999991 -0.00370733 0.00204542 0.00372265 0.999965 -0.00756237 -0.00201719 0.00756964 0.99997 0.313042 0.119848 0.663502
FixedParameters: 0 0 0

#Transform 107
Transform: AffineTransform_float_3_3
Parameters: 0.999991 -0.0036918 0.00215573 0.00370567 0.999974 -0.00615198 -0.00213255 0.00616002 0.999979 0.339254 0.00160986 0.897111
FixedParameters: 0 0 0

#Transform 108
Transform: AffineTransform_float_3_3
Parameters: 0.999991 -0.00372503 0.00193906 0.00373914 0.999968 -0.00710674 -0.00191329 0.00711425 0.999973 0.353374 0.0411241 0.758768
FixedParameters: 0 0 0

#Transform 109
Transform: AffineTransform_float_3_3
Parameters: 0.999992 -0.00376753 0.000694758 0.00377203 0.999968 -0.00701846 -0.000668371 0.00702055 0.999976 0.345167 0.019359 0.811983
FixedParameters: 0 0 0

#Transform 110
Transform: AffineTransform_float_3_3
Parameters: 0.999998 -0.00178743 0.00139598 0.00179629 0.999978 -0.00632961 -0.00138409 0.00633239 0.999979 0.176241 0.0492145 0.742033
FixedParameters: 0 0 0

#Transform 111
Transform: AffineTransform_float_3_3
Parameters: 0.999993 -0.00373689 -0.000155647 0.00373577 0.999982 -0.00460656 0.000172808 0.00460544 0.99999 0.364831 -0.0144352 0.696018
FixedParameters: 0 0 0

#Transform 112
Transform: AffineTransform_float_3_3
Parameters: 0.999995 -0.00319915 -0.000138119 0.00319795 0.999927 -0.0116533 0.000175871 0.0116527 0.999932 0.29432 0.17067 -0.16583
FixedParameters: 0 0 0

#Transform 113
Transform: AffineTransform_float_3_3
Parameters: 0.999994 -0.0034677 -0.000294066 0.00346562 0.999956 -0.00881504 0.000324316 0.00881397 0.999961 0.28728 0.0636268 0.0672424
FixedParameters: 0 0 0

#Transform 114
Transform: AffineTransform_float_3_3
Parameters: 0.999994 -0.00341722 -0.000447417 0.00341451 0.99998 -0.00539438 0.000465715 0.00539262 0.999985 0.296179 -0.0298651 0.523765
FixedParameters: 0 0 0

#Transform 115
Transform: AffineTransform_float_3_3
Parameters: 0.999993 -0.00353971 -7.47794e-05 0.00353948 0.999977 -0.00592727 9.53784e-05 0.00592774 0.999983 0.322673 0.0227936 0.615467
FixedParameters: 0 0 0

#Transform 116
Transform: AffineTransform_float_3_3
Parameters: 0.999993 -0.00370132 0.000202234 0.0037022 0.999973 -0.00624724 -0.000179014 0.00624876 0.999981 0.373358 0.0130386 0.701972
FixedParameters: 0 0 0

#Transform 117
Transform: AffineTransform_float_3_3
Parameters: 0.999993 -0.00370916 -0.000197146 0.00370824 0.999975 -0.00607374 0.000219692 0.00607326 0.999982 0.356426 -0.0259145 0.785632
FixedParameters: 0 0 0

#Transform 118
Transform: AffineTransform_float_3_3
Parameters: 0.999994 -0.00342957 -0.000243198 0.00342894 0.999978 -0.00562266 0.000263207 0.00562133 0.999984 0.355534 -0.0275476 0.803334
FixedParameters: 0 0 0

#Transform 119
Transform: AffineTransform_float_3_3
Parameters: 0.999993 -0.00378946 0.000178445 0.00379064 0.999969 -0.00694546 -0.000152936 0.00694653 0.999976 0.341573 0.0378081 0.717788
FixedParameters: 0 0 0
