#Insight Transform File V1.0
#Transform 0
Transform: AffineTransform_float_3_3
Parameters: 0.99997 -0.000783099 -0.00769403 0.000803655 0.999996 0.00264127 0.00769184 -0.00264672 0.999967 0.17872 0.0390474 0.184862
FixedParameters: 0 0 0

#Transform 1
Transform: AffineTransform_float_3_3
Parameters: 0.999969 -0.00080146 -0.00775383 0.000818611 0.999997 0.00221316 0.0077515 -0.00221984 0.999967 0.192059 0.0538685 0.187776
FixedParameters: 0 0 0

#Transform 2
Transform: AffineTransform_float_3_3
Parameters: 0.999976 -0.000586535 -0.00688448 0.000599042 0.999998 0.00178687 0.00688336 -0.00179113 0.999975 0.186626 0.0429965 0.191644
FixedParameters: 0 0 0

#Transform 3
Transform: AffineTransform_float_3_3
Parameters: 0.999982 -0.000222799 -0.00598805 0.000228839 0.999999 0.00101011 0.00598809 -0.00101089 0.999982 0.19467 0.0470866 0.196822
FixedParameters: 0 0 0

#Transform 4
Transform: AffineTransform_float_3_3
Parameters: 0.999981 -0.000251443 -0.00603944 0.000258212 0.999999 0.00114192 0.0060396 -0.00114307 0.999981 0.197791 0.0647961 0.0842356
FixedParameters: 0 0 0

#Transform 5
Transform: AffineTransform_float_3_3
Parameters: 0.999981 0.0001581 -0.00606924 -0.00015064 0.999999 0.00121434 0.00606939 -0.00121366 0.999981 0.26871 0.00684952 -0.0809349
FixedParameters: 0 0 0

#Transform 6
Transform: AffineTransform_float_3_3
Parameters: 0.999975 0.000484091 -0.00696899 -0.000509774 0.999993 -0.00379112 0.0069666 0.00379389 0.999968 0.407775 0.143537 -0.230824
FixedParameters: 0 0 0

#Transform 7
Transform: AffineTransform_float_3_3
Parameters: 0.999972 -8.7765e-05 -0.00739095 0.000102194 0.999998 0.00194397 0.00739111 -0.00194403 0.999971 0.398148 -0.0385611 -0.317996
FixedParameters: 0 0 0

#Transform 8
Transform: AffineTransform_float_3_3
Parameters: 0.999981 -0.000969162 -0.00599504 0.000985264 0.999996 0.0026546 0.0059928 -0.0026604 0.999979 0.251809 -0.020776 -0.172578
FixedParameters: 0 0 0

#Transform 9
Transform: AffineTransform_float_3_3
Parameters: 0.999986 -0.000714749 -0.00527671 0.000725761 0.999998 0.00198371 0.00527533 -0.00198729 0.999984 0.20063 -0.0674221 -0.0635454
FixedParameters: 0 0 0

#Transform 10
Transform: AffineTransform_float_3_3
Parameters: 0.999989 -0.000339077 -0.00470479 0.000343874 1 0.000947011 0.00470416 -0.000948987 0.999988 0.183807 -0.0166194 -0.0369602
FixedParameters: 0 0 0

#Transform 11
Transform: AffineTransform_float_3_3
Parameters: 0.99999 -0.000116739 -0.00458391 0.000118529 1 0.000511903 0.00458452 -0.0005131 0.999989 0.166245 0.00115068 -0.0370683
FixedParameters: 0 0 0

#Transform 12
Transform: AffineTransform_float_3_3
Parameters: 0.999994 -6.1048e-06 -0.00367174 5.6679e-06 1 -5.94138e-05 0.00367174 5.95853e-05 0.999993 0.142218 0.014564 -0.0405707
FixedParameters: 0 0 0

#Transform 13
Transform: AffineTransform_float_3_3
Parameters: 0.999993 0.000307461 -0.00388067 -0.000309441 1 -0.000536076 0.00388082 0.000536925 0.999992 0.139692 0.0338953 -0.0651906
FixedParameters: 0 0 0

#Transform 14
Transform: AffineTransform_float_3_3
Parameters: 0.999994 0.000414893 -0.00345613 -0.000417142 1 -0.00060537 0.00345514 0.000606629 0.999993 0.140142 0.00836544 -0.0769592
FixedParameters: 0 0 0

#Transform 15
Transform: AffineTransform_float_3_3
Parameters: 0.999992 -2.56858e-05 -0.00394502 2.20894e-05 1 -0.000824249 0.00394432 0.000824751 0.999992 0.123137 0.0134294 -0.0547269
FixedParameters: 0 0 0

#Transform 16
Transform: AffineTransform_float_3_3
Parameters: 0.999993 8.5536e-05 -0.00372762 -8.91284e-05 1 -0.000742006 0.003727 0.000741992 0.999993 0.0966127 -0.00572589 -0.0490655
FixedParameters: 0 0 0

#Transform 17
Transform: AffineTransform_float_3_3
Parameters: 0.999992 1.71739e-05 -0.0039561 -2.20592e-05 0.999999 -0.00101602 0.00395629 0.00101598 0.999992 0.121489 0.025868 -0.0940877
FixedParameters: 0 0 0

#Transform 18
Transform: AffineTransform_float_3_3
Parameters: 0.999994 3.16425e-05 -0.00347181 -3.50983e-05 0.999999 -0.00109151 0.00347172 0.00109149 0.999993 0.128656 0.0471632 -0.121218
FixedParameters: 0 0 0

#Transform 19
Transform: AffineTransform_float_3_3
Parameters: 0.999995 1.67644e-05 -0.00318531 -2.05677e-05 1 -0.00109187 0.0031855 0.00109213 0.999994 0.121892 0.020096 -0.124532
FixedParameters: 0 0 0

#Transform 20
Transform: AffineTransform_float_3_3
Parameters: 1 -9.84535e-05 0.000137218 9.81862e-05 0.999999 0.000973013 -0.00013741 -0.000972986 0.999999 -0.0177055 -0.0328678 -0.0100994
FixedParameters: 0 0 0

#Transform 21
Transform: AffineTransform_float_3_3
Parameters: 0.999999 -5.95531e-05 -0.000886707 5.82963e-05 0.999999 -0.00139305 0.000887595 0.00139295 0.999998 0.0107352 0.0408829 -0.0152106
FixedParameters: 0 0 0

#Transform 22
Transform: AffineTransform_float_3_3
Parameters: 0.999999 0.000198229 -0.000952318 -0.000199666 0.999999 -0.00139275 0.000952488 0.00139225 0.999998 0.0185134 0.0246214 -0.00419725
FixedParameters: 0 0 0

#Transform 23
Transform: AffineTransform_float_3_3
Parameters: 0.999999 0.000276314 -0.000972414 -0.000277661 0.999999 -0.00181573 0.000971887 0.00181627 0.999998 0.0200468 0.0487993 0.0064186
FixedParameters: 0 0 0

#Transform 24
Transform: AffineTransform_float_3_3
Parameters: 0.999999 0.000697451 -0.00108013 -0.000700666 0.999998 -0.00216519 0.0010788 0.00216582 0.999997 0.0433732 0.075371 0.0135537
FixedParameters: 0 0 0

#Transform 25
Transform: AffineTransform_float_3_3
Parameters: 0.999999 0.000697542 -0.00108008 -0.000700576 0.999998 -0.00208119 0.00107886 0.00208182 0.999998 0.0434109 0.0826218 -0.0147802
FixedParameters: 0 0 0

#Transform 26
Transform: AffineTransform_float_3_3
Parameters: 0.999999 0.000697128 -0.00108034 -0.000699775 0.999996 -0.00246418 0.00107932 0.00246481 0.999996 0.0473249 0.078103 -0.0390697
FixedParameters: 0 0 0

#Transform 27
Transform: AffineTransform_float_3_3
Parameters: 0.999999 0.000635818 -0.00132226 -0.000638674 0.999997 -0.00199886 0.00132116 0.00200014 0.999997 0.0313494 0.064128 0.0268529
FixedParameters: 0 0 0

#Transform 28
Transform: AffineTransform_float_3_3
Parameters: 1 0.000296322 -0.00103123 -0.000298064 0.999998 -0.00190463 0.00103058 0.00190437 0.999998 0.0327579 0.0574452 -0.0237766
FixedParameters: 0 0 0

#Transform 29
Transform: AffineTransform_float_3_3
Parameters: 0.999999 0.000247695 -0.00122302 -0.000249548 0.999998 -0.00165046 0.00122268 0.00165154 0.999998 0.0456622 0.0507103 -0.0369972
FixedParameters: 0 0 0

#Transform 30
Transform: AffineTransform_float_3_3
Parameters: 1 0.00041652 -0.00100836 -0.00041835 0.999997 -0.00211228 0.00100805 0.00211272 0.999998 0.0412512 0.0843622 -0.0190392
FixedParameters: 0 0 0

#Transform 31
Transform: AffineTransform_float_3_3
Parameters: 0.999999 0.000808825 -0.000989549 -0.000811735 0.999996 -0.00282444 0.000987389 0.00282556 0.999995 0.060614 0.0707432 -0.0356804
FixedParameters: 0 0 0

#Transform 32
Transform: AffineTransform_float_3_3
Parameters: 1 0.000469716 -0.00102201 -0.000471793 0.999998 -0.00220546 0.00102138 0.00220554 0.999997 0.058514 0.0830089 -0.00839454
FixedParameters: 0 0 0

#Transform 33
Transform: AffineTransform_float_3_3
Parameters: 0.999999 0.00165003 -0.000623236 -0.00165122 0.999996 -0.00252545 0.000618529 0.00252655 0.999996 0.0801511 0.110904 0.0275299
FixedParameters: 0 0 0

#Transform 34
Transform: AffineTransform_float_3_3
Parameters: 0.999987 0.00377237 0.0035748 -0.00373698 0.999945 -0.00980979 -0.00361169 0.00979622 0.999946 -0.103224 0.242618 1.14028
FixedParameters: 0 0 0

#Transform 35
Transform: AffineTransform_float_3_3
Parameters: 0.999994 0.00310822 0.00166205 -0.0030938 0.999962 -0.00819579 -0.00168687 0.00819021 0.999965 -0.0666149 0.322294 0.785703
FixedParameters: 0 0 0

#Transform 36
Transform: AffineTransform_float_3_3
Parameters: 0.999995 0.00275492 0.00108857 -0.00274651 0.999965 -0.00787974 -0.00111006 0.00787626 0.999968 -0.0487606 0.276557 0.680682
FixedParameters: 0 0 0

#Transform 37
Transform: AffineTransform_float_3_3
Parameters: 0.999997 0.000961801 -0.00254441 -0.000952538 0.999994 0.00339385 0.00254778 -0.00339114 0.999991 -0.0129449 0.122835 0.694273
FixedParameters: 0 0 0

#Transform 38
Transform: AffineTransform_float_3_3
Parameters: 0.999983 -0.00147683 -0.00565139 0.00154663 0.999924 0.0122594 0.0056327 -0.0122675 0.999909 0.08008 -0.0943491 0.473758
FixedParameters: 0 0 0

#Transform 39
Transform: AffineTransform_float_3_3
Parameters: 0.99999 -0.000895073 -0.00438065 0.000933212 0.999962 0.00870144 0.00437334 -0.00870557 0.999953 0.0568871 -0.101436 0.369442
FixedParameters: 0 0 0

#Transform 40
Transform: AffineTransform_float_3_3
Parameters: 0.999994 -0.00065771 -0.00338682 0.000682486 0.999973 0.00731316 0.00338121 -0.00731484 0.999968 0.030853 -0.0742733 0.316665
FixedParameters: 0 0 0

#Transform 41
Transform: AffineTransform_float_3_3
Parameters: 0.999992 -0.0012002 -0.00385702 0.00122634 0.999976 0.00684817 0.0038492 -0.00685284 0.99997 0.0605987 -0.0618951 0.293269
FixedParameters: 0 0 0

#Transform 42
Transform: AffineTransform_float_3_3
Parameters: 0.999993 -0.00136027 -0.00352089 0.00138279 0.999979 0.00640279 0.00351211 -0.00640822 0.999974 0.0500345 -0.0715273 0.296245
FixedParameters: 0 0 0

#Transform 43
Transform: AffineTransform_float_3_3
Parameters: 0.999993 -0.00109021 -0.00337684 0.00110536 0.999989 0.00464766 0.00337177 -0.00465134 0.999983 0.0421355 -0.0205023 0.256062
FixedParameters: 0 0 0

#Transform 44
Transform: AffineTransform_float_3_3
Parameters: 0.999996 -0.00095909 -0.00283417 0.000968288 0.999993 0.0035054 0.00283011 -0.0035076 0.99999 0.0225082 -0.0105835 0.236436
FixedParameters: 0 0 0

#Transform 45
Transform: AffineTransform_float_3_3
Parameters: 0.999998 -0.000795432 -0.00217406 0.000801236 0.999995 0.00311992 0.00217104 -0.00312108 0.999993 0.00106664 0.0207129 0.221902
FixedParameters: 0 0 0

#Transform 46
Transform: AffineTransform_float_3_3
Parameters: 0.999996 -0.000853054 -0.00240392 0.000859886 0.999995 0.00303466 0.00240068 -0.00303735 0.999993 0.0210343 0.000956559 0.229871
FixedParameters: 0 0 0

#Transform 47
Transform: AffineTransform_float_3_3
Parameters: 0.999996 -0.0010456 -0.00235897 0.00105321 0.999994 0.00315218 0.00235625 -0.00315482 0.999992 0.0119666 0.0107858 0.240804
FixedParameters: 0 0 0

#Transform 48
Transform: AffineTransform_float_3_3
Parameters: 0.999997 -0.000839891 -0.00199379 0.000845243 0.999996 0.0027398 0.00199161 -0.0027422 0.999994 -0.00431365 0.0216491 0.226681
FixedParameters: 0 0 0

#Transform 49
Transform: AffineTransform_float_3_3
Parameters: 0.999997 -0.000762784 -0.00203987 0.000768364 0.999996 0.00273385 0.00203813 -0.00273515 0.999994 0.0144305 0.0256311 0.243371
FixedParameters: 0 0 0

#Transform 50
Transform: AffineTransform_float_3_3
Parameters: 0.999998 -0.000736084 -0.00193104 0.000741083 0.999996 0.00248605 0.00192956 -0.00248795 0.999995 0.00703061 0.0221712 0.205602
FixedParameters: 0 0 0

#Transform 51
Transform: AffineTransform_float_3_3
Parameters: 0.999999 -0.000683568 -0.00171726 0.000686388 0.999998 0.0019503 0.00171557 -0.0019517 0.999997 0.0072153 0.0570414 0.176389
FixedParameters: 0 0 0

#Transform 52
Transform: AffineTransform_float_3_3
Parameters: 0.999999 -0.000831153 -0.00155615 0.000832809 0.999999 0.00115488 0.00155472 -0.00115612 0.999998 0.0234232 0.0840597 0.180692
FixedParameters: 0 0 0

#Transform 53
Transform: AffineTransform_float_3_3
Parameters: 1 -0.000388594 -0.000538246 0.000388174 1 0.000510791 0.000538094 -0.000511209 0.999999 0.00751778 0.0935521 0.183704
FixedParameters: 0 0 0

#Transform 54
Transform: AffineTransform_float_3_3
Parameters: 1 -0.000138604 -0.000693196 0.000137969 1 -0.000458096 0.000693322 0.000457904 0.999999 0.0173432 0.134534 0.16415
FixedParameters: 0 0 0

#Transform 55
Transform: AffineTransform_float_3_3
Parameters: 0.999999 0.000338694 -0.000882828 -0.00033997 0.999999 -0.0014107 0.000882594 0.0014113 0.999998 0.0267413 0.14551 0.142369
FixedParameters: 0 0 0

#Transform 56
Transform: AffineTransform_float_3_3
Parameters: 1 0.000336884 -0.000427428 -0.000337109 0.999999 -0.00168609 0.000427015 0.00168591 0.999998 0.0141615 0.139413 0.166915
FixedParameters: 0 0 0

#Transform 57
Transform: AffineTransform_float_3_3
Parameters: 1 0.000373005 -5.48907e-05 -0.000373211 0.999998 -0.00189998 5.34729e-05 0.00190002 0.999998 0.00431168 0.134453 0.182861
FixedParameters: 0 0 0

#Transform 58
Transform: AffineTransform_float_3_3
Parameters: 1 0.000536446 -0.000106029 -0.000536418 0.999998 -0.00218918 0.000105619 0.00218882 0.999997 0.00717556 0.136823 0.180006
FixedParameters: 0 0 0

#Transform 59
Transform: AffineTransform_float_3_3
Parameters: 1 0.000634922 0.000279596 -0.000634419 0.999998 -0.00218918 -0.000281159 0.00218882 0.999998 -0.00266281 0.128932 0.226956
FixedParameters: 0 0 0

#Transform 60
Transform: AffineTransform_float_3_3
Parameters: 1 0.000635044 0.00027932 -0.000634297 0.999997 -0.00262318 -0.000281435 0.00262282 0.999997 -0.00264266 0.174346 0.196141
FixedParameters: 0 0 0

#Transform 61
Transform: AffineTransform_float_3_3
Parameters: 1 0.000635021 0.000279369 -0.000634318 0.999996 -0.00254518 -0.000281385 0.00254482 0.999996 0.0104326 0.153741 0.229447
FixedParameters: 0 0 0

#Transform 62
Transform: AffineTransform_float_3_3
Parameters: 0.999999 0.000654677 0.000355756 -0.000654148 0.999996 -0.00277423 -0.000356957 0.00277377 0.999996 0.0085254 0.164854 0.216204
FixedParameters: 0 0 0

#Transform 63
Transform: AffineTransform_float_3_3
Parameters: 1 0.000635103 0.000279183 -0.000634236 0.999996 -0.00283818 -0.000281571 0.00283782 0.999996 0.0100602 0.162037 0.220006
FixedParameters: 0 0 0

#Transform 64
Transform: AffineTransform_float_3_3
Parameters: 0.999999 0.000655364 0.000583593 -0.000653551 0.999996 -0.00299838 -0.000586057 0.00299762 0.999996 0.0124541 0.188203 0.216267
FixedParameters: 0 0 0

#Transform 65
Transform: AffineTransform_float_3_3
Parameters: 0.999999 0.000526568 0.000540202 -0.000525011 0.999996 -0.00300435 -0.000541902 0.00300466 0.999995 0.0163528 0.178262 0.226272
FixedParameters: 0 0 0

#Transform 66
Transform: AffineTransform_float_3_3
Parameters: 0.999999 0.000736501 0.000445164 -0.000735336 0.999995 -0.00292915 -0.000447046 0.00292985 0.999996 0.0079931 0.166988 0.233406
FixedParameters: 0 0 0

#Transform 67
Transform: AffineTransform_float_3_3
Parameters: 0.999999 0.000799365 0.000580548 -0.000797911 0.999994 -0.00332747 -0.000583187 0.00332654 0.999995 0.00629479 0.184054 0.242362
FixedParameters: 0 0 0

#Transform 68
Transform: AffineTransform_float_3_3
Parameters: 0.999999 0.000778305 0.000466165 -0.000776601 0.999994 -0.00337136 -0.000468977 0.00337064 0.999994 0.0170945 0.182741 0.243071
FixedParameters: 0 0 0

#Transform 69
Transform: AffineTransform_float_3_3
Parameters: 1 0.000721484 0.000614983 -0.000719797 0.999995 -0.00333151 -0.000617109 0.0033315 0.999994 0.0116928 0.183768 0.248674
FixedParameters: 0 0 0

#Transform 70
Transform: AffineTransform_float_3_3
Parameters: 1 0.00109016 0.00031467 -0.00108891 0.999988 -0.00462135 -0.000319157 0.00462066 0.99999 0.024637 0.1981 0.21628
FixedParameters: 0 0 0

#Transform 71
Transform: AffineTransform_float_3_3
Parameters: 0.999999 0.00112388 0.000792944 -0.0011217 0.999995 -0.00289689 -0.000796772 0.00289511 0.999996 0.0246226 0.194814 0.279128
FixedParameters: 0 0 0

#Transform 72
Transform: AffineTransform_float_3_3
Parameters: 0.999999 0.00123431 0.000985703 -0.00122968 0.999992 -0.00381028 -0.00099023 0.00380872 0.999992 0.011852 0.200457 0.262207
FixedParameters: 0 0 0

#Transform 73
Transform: AffineTransform_float_3_3
Parameters: 0.999999 0.00103432 0.000962775 -0.00103106 0.999993 -0.00381706 -0.000966523 0.00381595 0.999992 0.0108576 0.191033 0.29303
FixedParameters: 0 0 0

#Transform 74
Transform: AffineTransform_float_3_3
Parameters: 0.999998 0.00121643 0.0012021 -0.0012117 0.999992 -0.00367028 -0.00120687 0.00366872 0.999993 0.0170969 0.201126 0.268773
FixedParameters: 0 0 0

#Transform 75
Transform: AffineTransform_float_3_3
Parameters: 0.999998 0.00127774 0.00141005 -0.00127212 0.999992 -0.00404669 -0.00141477 0.00404532 0.999991 0.0151238 0.205245 0.284931
FixedParameters: 0 0 0

#Transform 76
Transform: AffineTransform_float_3_3
Parameters: 0.999999 0.00110422 0.00106185 -0.00109925 0.999989 -0.00460923 -0.00106666 0.00460777 0.999988 0.0275273 0.218758 0.251837
FixedParameters: 0 0 0

#Transform 77
Transform: AffineTransform_float_3_3
Parameters: 0.999999 0.00114381 0.000852673 -0.00114044 0.99999 -0.0042308 -0.000857232 0.0042302 0.999991 0.0336025 0.219889 0.237031
FixedParameters: 0 0 0

#Transform 78
Transform: AffineTransform_float_3_3
Parameters: 0.999999 0.00111212 0.000617038 -0.00110869 0.99999 -0.00432875 -0.000622037 0.00432825 0.999991 0.0185375 0.226155 0.239441
FixedParameters: 0 0 0

#Transform 79
Transform: AffineTransform_float_3_3
Parameters: 0.999999 0.00121509 0.000645624 -0.00121229 0.999987 -0.00494785 -0.00065156 0.00494716 0.999988 0.0276147 0.200415 0.232594
FixedParameters: 0 0 0

#Transform 80
Transform: AffineTransform_float_3_3
Parameters: 0.999999 0.00119852 0.00070437 -0.00119548 0.99999 -0.0042009 -0.000709567 0.00420009 0.999991 0.0286973 0.211512 0.26687
FixedParameters: 0 0 0

#Transform 81
Transform: AffineTransform_float_3_3
Parameters: 0.999999 0.00128099 0.00073017 -0.00127686 0.999988 -0.004624 -0.000736168 0.004623 0.999989 0.0252001 0.218221 0.257172
FixedParameters: 0 0 0

#Transform 82
Transform: AffineTransform_float_3_3
Parameters: 0.999998 0.00109352 0.00122294 -0.00108831 0.99999 -0.00420116 -0.00122772 0.00419984 0.999991 0.0150463 0.228061 0.226364
FixedParameters: 0 0 0

#Transform 83
Transform: AffineTransform_float_3_3
Parameters: 0.999998 0.00109174 0.00121142 -0.00108566 0.999987 -0.00499115 -0.00121766 0.00498986 0.999987 0.0319719 0.239895 0.232981
FixedParameters: 0 0 0

#Transform 84
Transform: AffineTransform_float_3_3
Parameters: 0.999998 0.0012057 0.00165415 -0.00119761 0.999988 -0.00478181 -0.00165955 0.00477919 0.999987 0.0258024 0.22409 0.255347
FixedParameters: 0 0 0

#Transform 85
Transform: AffineTransform_float_3_3
Parameters: 0.999999 0.00114581 0.0014252 -0.00113953 0.99999 -0.00431946 -0.00143044 0.00431755 0.99999 0.0242847 0.21179 0.252604
FixedParameters: 0 0 0

#Transform 86
Transform: AffineTransform_float_3_3
Parameters: 0.999999 0.00115397 0.00145372 -0.00114706 0.999988 -0.0047815 -0.00145985 0.0047795 0.999988 0.0308247 0.249611 0.214988
FixedParameters: 0 0 0

#Transform 87
Transform: AffineTransform_float_3_3
Parameters: 0.999998 0.00109135 0.00121177 -0.00108508 0.999988 -0.00467614 -0.00121756 0.00467485 0.999988 0.0368087 0.235939 0.1903
FixedParameters: 0 0 0

#Transform 88
Transform: AffineTransform_float_3_3
Parameters: 0.999998 0.00103139 0.0012272 -0.0010258 0.999988 -0.00473008 -0.0012323 0.00472891 0.999988 0.0338014 0.216109 0.226545
FixedParameters: 0 0 0

#Transform 89
Transform: AffineTransform_float_3_3
Parameters: 0.999998 0.00109148 0.00121165 -0.00108495 0.999988 -0.00478115 -0.00121768 0.00477986 0.999988 0.031503 0.238423 0.246742
FixedParameters: 0 0 0

#Transform 90
Transform: AffineTransform_float_3_3
Parameters: 0.999998 0.00109359 0.00120975 -0.0010855 0.999979 -0.00652038 -0.00121787 0.00651862 0.999978 0.036837 0.260347 0.195117
FixedParameters: 0 0 0

#Transform 91
Transform: AffineTransform_float_3_3
Parameters: 0.999998 0.00111041 0.00127819 -0.00110182 0.999983 -0.0058993 -0.00128443 0.0058987 0.999982 0.0283217 0.255249 0.267842
FixedParameters: 0 0 0

#Transform 92
Transform: AffineTransform_float_3_3
Parameters: 0.999998 0.00109262 0.00121062 -0.0010855 0.999983 -0.00572438 -0.00121725 0.00572262 0.999983 0.0208321 0.245978 0.299186
FixedParameters: 0 0 0

#Transform 93
Transform: AffineTransform_float_3_3
Parameters: 0.999998 0.00160162 0.0016122 -0.00159213 0.999979 -0.00622746 -0.00162114 0.00622453 0.999979 0.0396893 0.261657 0.454716
FixedParameters: 0 0 0

#Transform 94
Transform: AffineTransform_float_3_3
Parameters: 0.999994 0.00227875 0.00259911 -0.00227422 0.999996 -0.00147627 -0.00260193 0.00147073 0.999996 0.0364185 0.245821 0.534845
FixedParameters: 0 0 0

#Transform 95
Transform: AffineTransform_float_3_3
Parameters: 0.999992 0.00176928 0.00365095 -0.00181026 0.999936 0.0111799 -0.00363043 -0.0111861 0.99993 -0.00494474 0.0322576 0.636886
FixedParameters: 0 0 0

#Transform 96
Transform: AffineTransform_float_3_3
Parameters: 0.999992 0.00172269 0.00365886 -0.00174852 0.999973 0.00717838 -0.00364686 -0.00718462 0.999968 -0.00588744 0.0365418 0.597243
FixedParameters: 0 0 0

#Transform 97
Transform: AffineTransform_float_3_3
Parameters: 0.999991 0.0018664 0.0039857 -0.00188801 0.999982 0.00563243 -0.00397455 -0.00563957 0.999976 -0.0141698 0.0386655 0.454955
FixedParameters: 0 0 0

#Transform 98
Transform: AffineTransform_float_3_3
Parameters: 0.99999 0.00188978 0.00405861 -0.00190459 0.999991 0.0037635 -0.0040514 -0.0037715 0.999985 -0.0161588 0.0885453 0.42759
FixedParameters: 0 0 0

#Transform 99
Transform: AffineTransform_float_3_3
Parameters: 0.999989 0.00217975 0.00432485 -0.00218927 0.999995 0.00227387 -0.00431953 -0.00228313 0.999988 -0.0148781 0.117817 0.445085
FixedParameters: 0 0 0

#Transform 100
Transform: AffineTransform_float_3_3
Parameters: 0.999989 0.0022994 0.00392845 -0.00230747 0.999996 0.0019485 -0.00392335 -0.0019575 0.99999 0.00228271 0.108628 0.442626
FixedParameters: 0 0 0

#Transform 101
Transform: AffineTransform_float_3_3
Parameters: 0.999991 0.00198253 0.00393789 -0.00198629 0.999998 0.000934087 -0.00393612 -0.000941913 0.999992 0.0411473 0.137109 0.386335
FixedParameters: 0 0 0

#Transform 102
Transform: AffineTransform_float_3_3
Parameters: 0.999992 0.0018333 0.00375802 -0.00183254 0.999998 -0.000104166 -0.00375839 9.68325e-05 0.999993 0.070123 0.186684 0.409842
FixedParameters: 0 0 0

#Transform 103
Transform: AffineTransform_float_3_3
Parameters: 0.999991 0.0019867 0.00391296 -0.00198538 0.999998 -0.00026511 -0.00391278 0.000256891 0.999992 0.0382135 0.202892 0.489489
FixedParameters: 0 0 0

#Transform 104
Transform: AffineTransform_float_3_3
Parameters: 0.999991 0.0017522 0.00380955 -0.00175192 0.999998 -3.87748e-05 -0.00380967 3.32246e-05 0.999993 0.029349 0.142467 0.426532
FixedParameters: 0 0 0

#Transform 105
Transform: AffineTransform_float_3_3
Parameters: 0.999991 0.00191059 0.00393386 -0.00190857 0.999998 -0.000752616 -0.00393574 0.000745388 0.999992 0.027567 0.193472 0.332181
FixedParameters: 0 0 0

#Transform 106
Transform: AffineTransform_float_3_3
Parameters: 0.999991 0.00196675 0.00375412 -0.00196271 0.999997 -0.00115372 -0.00375644 0.00114628 0.999992 0.0359313 0.191248 0.347155
FixedParameters: 0 0 0

#Transform 107
Transform: AffineTransform_float_3_3
Parameters: 0.999986 0.00201999 0.00491256 -0.00201311 0.999997 -0.00137082 -0.00491538 0.00136118 0.999987 -0.00602673 0.181161 0.471699
FixedParameters: 0 0 0

#Transform 108
Transform: AffineTransform_float_3_3
Parameters: 0.999988 0.00206739 0.00458187 -0.00205672 0.999995 -0.0022779 -0.0045866 0.0022691 0.999987 0.00863641 0.2194 0.380006
FixedParameters: 0 0 0

#Transform 109
Transform: AffineTransform_float_3_3
Parameters: 0.999984 0.00220085 0.00509942 -0.00218645 0.999993 -0.00286487 -0.00510513 0.00285313 0.999983 0.000167583 0.221908 0.387959
FixedParameters: 0 0 0

#Transform 110
Transform: AffineTransform_float_3_3
Parameters: 0.999983 0.00225146 0.00527134 -0.00223748 0.999994 -0.00275534 -0.00527782 0.00274367 0.999982 -0.00042313 0.204208 0.373013
FixedParameters: 0 0 0

#Transform 111
Transform: AffineTransform_float_3_3
Parameters: 0.999984 0.00225141 0.00515977 -0.00223666 0.999993 -0.00286532 -0.00516577 0.00285368 0.999982 -0.0198686 0.244404 0.342209
FixedParameters: 0 0 0

#Transform 112
Transform: AffineTransform_float_3_3
Parameters: 0.999983 0.0022683 0.00539584 -0.00225289 0.999993 -0.0030037 -0.00540304 0.0029913 0.999981 -0.0240923 0.247878 0.338568
FixedParameters: 0 0 0

#Transform 113
Transform: AffineTransform_float_3_3
Parameters: 0.999982 0.00231448 0.00564185 -0.00229543 0.999992 -0.00328103 -0.00565034 0.00326797 0.999979 -0.0126904 0.255528 0.363137
FixedParameters: 0 0 0

#Transform 114
Transform: AffineTransform_float_3_3
Parameters: 0.999981 0.0022623 0.00572441 -0.00224379 0.999993 -0.00327093 -0.00573227 0.00325807 0.999978 -0.0104102 0.248441 0.378487
FixedParameters: 0 0 0

#Transform 115
Transform: AffineTransform_float_3_3
Parameters: 0.999981 0.00243807 0.00567891 -0.00241775 0.99999 -0.00369064 -0.00568825 0.00367736 0.999978 -0.0115273 0.26357 0.379513
FixedParameters: 0 0 0

#Transform 116
Transform: AffineTransform_float_3_3
Parameters: 0.999981 0.00249327 0.00566472 -0.00247209 0.99999 -0.00369121 -0.00567471 0.00367778 0.999977 -0.00777921 0.25762 0.378891
FixedParameters: 0 0 0

#Transform 117
Transform: AffineTransform_float_3_3
Parameters: 0.999981 0.0023835 0.00569267 -0.00236082 0.999989 -0.0039743 -0.0057027 0.0039607 0.999976 -0.00338661 0.267084 0.316195
FixedParameters: 0 0 0

#Transform 118
Transform: AffineTransform_float_3_3
Parameters: 0.999981 0.00242582 0.00568166 -0.00240284 0.999989 -0.00409375 -0.00569236 0.00407925 0.999976 -0.0237411 0.272856 0.357247
FixedParameters: 0 0 0

#Transform 119
Transform: AffineTransform_float_3_3
Parameters: 0.999979 0.00261102 0.00591105 -0.00258834 0.99999 -0.00380805 -0.00592104 0.00379296 0.999976 -0.0154906 0.259451 0.387734
FixedParameters: 0 0 0
