# transform file /out/sourcedata/freesurfer/sub-v2s15x29744_ses-1/mri/transforms/cc_up.lta
# created by oesteban on Wed Mar 11 10:14:44 2026

type      = 0 # LINEAR_VOX_TO_VOX
nxforms   = 1
mean      = 124.0000 134.0000 127.0000
sigma     = 10000.0000
1 4 4
9.925017356872559e-01 -9.937097132205963e-02 -7.117392122745514e-02 2.515312767028809e+01 
9.911644458770752e-02 9.950504899024963e-01 -7.107801735401154e-03 2.157140254974365e+00 
7.152795046567917e-02 -4.656612873077393e-10 9.974386096000671e-01 4.588388204574585e-01 
0.000000000000000e+00 0.000000000000000e+00 0.000000000000000e+00 1.000000000000000e+00 
src volume info
valid = 1  # volume info valid
filename = /out/sourcedata/freesurfer/sub-v2s15x29744_ses-1/mri/norm.mgz
volume = 256 256 256
voxelsize = 1.000000000000000e+00 1.000000000000000e+00 1.000000000000000e+00
xras   = -1.000000000000000e+00 0.000000000000000e+00 0.000000000000000e+00
yras   = 0.000000000000000e+00 0.000000000000000e+00 -1.000000000000000e+00
zras   = 0.000000000000000e+00 1.000000000000000e+00 0.000000000000000e+00
cras   = 7.084083557128906e+00 -1.744300842285156e+00 -1.177573394775391e+01
dst volume info
valid = 1  # volume info valid
filename = /out/sourcedata/freesurfer/sub-v2s15x29744_ses-1/mri/norm.mgz
volume = 256 256 256
voxelsize = 1.000000000000000e+00 1.000000000000000e+00 1.000000000000000e+00
xras   = -1.000000000000000e+00 0.000000000000000e+00 0.000000000000000e+00
yras   = 0.000000000000000e+00 0.000000000000000e+00 -1.000000000000000e+00
zras   = 0.000000000000000e+00 1.000000000000000e+00 0.000000000000000e+00
cras   = 7.084083557128906e+00 -1.744300842285156e+00 -1.177573394775391e+01
