# transform file /out/sourcedata/freesurfer/sub-v2s15x29746_ses-1/mri/transforms/cc_up.lta
# created by oesteban on Wed Mar 11 09:53:17 2026

type      = 0 # LINEAR_VOX_TO_VOX
nxforms   = 1
mean      = 126.0000 132.0000 123.0000
sigma     = 10000.0000
1 4 4
9.999487996101379e-01 8.852749131619930e-03 -4.883002489805222e-03 -4.920934140682220e-01 
-8.852642960846424e-03 9.999607205390930e-01 4.322969107306562e-05 1.213297271728516e+01 
4.883193876594305e-03 0.000000000000000e+00 9.999880194664001e-01 1.737626266479492e+01 
0.000000000000000e+00 0.000000000000000e+00 0.000000000000000e+00 1.000000000000000e+00 
src volume info
valid = 1  # volume info valid
filename = /out/sourcedata/freesurfer/sub-v2s15x29746_ses-1/mri/norm.mgz
volume = 256 256 256
voxelsize = 1.000000000000000e+00 1.000000000000000e+00 1.000000000000000e+00
xras   = -1.000000000000000e+00 0.000000000000000e+00 0.000000000000000e+00
yras   = 0.000000000000000e+00 0.000000000000000e+00 -1.000000000000000e+00
zras   = 0.000000000000000e+00 1.000000000000000e+00 0.000000000000000e+00
cras   = 4.837135314941406e+00 3.315940856933594e+00 -8.810424804687500e-01
dst volume info
valid = 1  # volume info valid
filename = /out/sourcedata/freesurfer/sub-v2s15x29746_ses-1/mri/norm.mgz
volume = 256 256 256
voxelsize = 1.000000000000000e+00 1.000000000000000e+00 1.000000000000000e+00
xras   = -1.000000000000000e+00 0.000000000000000e+00 0.000000000000000e+00
yras   = 0.000000000000000e+00 0.000000000000000e+00 -1.000000000000000e+00
zras   = 0.000000000000000e+00 1.000000000000000e+00 0.000000000000000e+00
cras   = 4.837135314941406e+00 3.315940856933594e+00 -8.810424804687500e-01
