#Insight Transform File V1.0
#Transform 0
Transform: AffineTransform_float_3_3
Parameters: 0.999998 -0.000923011 0.00173218 0.000923772 1 -0.00045737 -0.00173108 0.000458572 0.999998 0.0451596 -0.0841797 0.135277
FixedParameters: 0 0 0

#Transform 1
Transform: AffineTransform_float_3_3
Parameters: 0.999998 -0.000957622 0.00142168 0.000958338 1 -0.000200345 -0.00142131 0.000201142 0.999999 0.0429455 -0.076146 0.120398
FixedParameters: 0 0 0

#Transform 2
Transform: AffineTransform_float_3_3
Parameters: 0.999999 -0.000793606 0.00116976 0.000793493 0.999999 7.9794e-05 -0.0011699 -7.86413e-05 1 0.03508 -0.0688037 0.143045
FixedParameters: 0 0 0

#Transform 3
Transform: AffineTransform_float_3_3
Parameters: 0.999999 -0.00102394 0.00152915 0.00102419 1 -2.68776e-05 -0.00152897 2.80842e-05 0.999999 0.0590886 -0.0932167 0.131159
FixedParameters: 0 0 0

#Transform 4
Transform: AffineTransform_float_3_3
Parameters: 0.999998 -0.000869406 0.001521 0.000869247 1 -0.000224947 -0.0015205 0.000225594 0.999999 0.0495405 -0.0697019 0.133109
FixedParameters: 0 0 0

#Transform 5
Transform: AffineTransform_float_3_3
Parameters: 0.999998 -0.00103458 0.00130641 0.00103441 1 9.28392e-05 -0.00130661 -9.10993e-05 0.999999 0.0540285 -0.0773881 0.135482
FixedParameters: 0 0 0

#Transform 6
Transform: AffineTransform_float_3_3
Parameters: 0.999999 -0.00105197 0.00152051 0.00105165 1 0.000160579 -0.00152072 -0.000159306 0.999999 0.0514801 -0.0713223 0.105561
FixedParameters: 0 0 0

#Transform 7
Transform: AffineTransform_float_3_3
Parameters: 0.999998 -0.00104094 0.00138282 0.00104064 1 0.000158305 -0.00138317 -0.000157352 0.999999 0.0406255 -0.0634782 0.133179
FixedParameters: 0 0 0

#Transform 8
Transform: AffineTransform_float_3_3
Parameters: 0.999998 -0.000853145 0.00138002 0.000852123 1 0.000397034 -0.00138071 -0.000395643 0.999999 0.033081 -0.058012 0.124826
FixedParameters: 0 0 0

#Transform 9
Transform: AffineTransform_float_3_3
Parameters: 0.999998 -0.000968821 0.00129632 0.000968765 1 0.000458932 -0.00129736 -0.000458276 0.999999 0.0215367 -0.0664749 0.133607
FixedParameters: 0 0 0

#Transform 10
Transform: AffineTransform_float_3_3
Parameters: 0.999999 -0.000910274 0.00118443 0.000908584 0.999999 0.000744102 -0.0011858 -0.00074291 0.999999 0.0216649 -0.066145 0.153017
FixedParameters: 0 0 0

#Transform 11
Transform: AffineTransform_float_3_3
Parameters: 0.999999 -0.000595788 0.0011432 0.000595201 1 0.000720595 -0.0011442 -0.000720126 0.999999 0.0241482 -0.0640522 0.152974
FixedParameters: 0 0 0

#Transform 12
Transform: AffineTransform_float_3_3
Parameters: 1 -0.00039918 0.00111725 0.000397984 1 0.00100965 -0.0011182 -0.00100965 0.999999 0.0215411 -0.059816 0.135838
FixedParameters: 0 0 0

#Transform 13
Transform: AffineTransform_float_3_3
Parameters: 1 -0.000124456 -0.000175324 0.000124825 0.999999 0.000887662 0.000176093 -0.000886724 0.999999 0.0319296 0.12362 0.0348188
FixedParameters: 0 0 0

#Transform 14
Transform: AffineTransform_float_3_3
Parameters: 1 -0.000166139 0.000370537 0.000166062 0.999999 0.00141139 -0.00037128 -0.0014112 0.999999 -0.0106157 -0.0598471 0.127244
FixedParameters: 0 0 0

#Transform 15
Transform: AffineTransform_float_3_3
Parameters: 1 -0.000152403 0.000226556 0.000151904 0.999999 0.00134478 -0.000226129 -0.00134469 0.999999 -0.00787235 0.0211714 0.098357
FixedParameters: 0 0 0

#Transform 16
Transform: AffineTransform_float_3_3
Parameters: 1 2.47912e-05 -0.000153574 -2.44002e-05 0.999999 0.00133531 0.000153496 -0.00133531 0.999999 -0.019076 0.00319076 0.0773046
FixedParameters: 0 0 0

#Transform 17
Transform: AffineTransform_float_3_3
Parameters: 1 6.39346e-05 -0.000406805 -6.30958e-05 1 0.00105436 0.000406795 -0.00105431 1 -0.0193956 -0.00429812 0.0668023
FixedParameters: 0 0 0

#Transform 18
Transform: AffineTransform_float_3_3
Parameters: 1 1.25053e-06 -0.000152455 -9.95412e-07 0.999999 0.000836691 0.000152457 -0.000836691 0.999999 -0.0231727 0.000959676 0.0887934
FixedParameters: 0 0 0

#Transform 19
Transform: AffineTransform_float_3_3
Parameters: 1 -3.09476e-05 -0.000411472 3.14759e-05 1 0.000642028 0.000411432 -0.000642054 0.999999 -0.0115378 0.00463698 0.0593839
FixedParameters: 0 0 0

#Transform 20
Transform: AffineTransform_float_3_3
Parameters: 1 0.000249338 0.000173813 -0.000249227 1 -0.000318249 -0.000173971 0.000318162 1 -0.00431178 0.00224344 0.00286287
FixedParameters: 0 0 0

#Transform 21
Transform: AffineTransform_float_3_3
Parameters: 1 0.000240536 8.60891e-06 -0.000240536 1 -3.13882e-05 -8.62401e-06 3.1384e-05 1 0.00370345 0.0187365 -0.0302953
FixedParameters: 0 0 0

#Transform 22
Transform: AffineTransform_float_3_3
Parameters: 1 0.000374205 0.000157634 -0.000374402 0.999999 0.000625052 -0.000157166 -0.00062517 1 0.0137331 -0.00548261 0.00949583
FixedParameters: 0 0 0

#Transform 23
Transform: AffineTransform_float_3_3
Parameters: 1 0.000230407 0.000176575 -0.000230736 0.999999 0.000932457 -0.000176145 -0.000932538 0.999999 0.0120236 0.0107176 0.043144
FixedParameters: 0 0 0

#Transform 24
Transform: AffineTransform_float_3_3
Parameters: 1 0.000584449 5.8262e-05 -0.000584919 0.999997 0.0024638 -5.67942e-05 -0.00246389 0.999997 0.0171315 -0.0480241 0.0564896
FixedParameters: 0 0 0

#Transform 25
Transform: AffineTransform_float_3_3
Parameters: 1 0.000426129 0.000151036 -0.000426553 0.999999 0.00134313 -0.000150035 -0.00134326 0.999999 0.0210591 0.0743654 -0.0122009
FixedParameters: 0 0 0

#Transform 26
Transform: AffineTransform_float_3_3
Parameters: 1 0.000400085 -7.04349e-05 -0.000400039 0.999999 0.00138211 7.04157e-05 -0.00138207 0.999999 0.037398 0.00855977 -0.0316049
FixedParameters: 0 0 0

#Transform 27
Transform: AffineTransform_float_3_3
Parameters: 1 0.000428943 0.000150685 -0.000429377 0.999999 0.00138203 -0.000149643 -0.00138216 0.999999 0.0572553 0.00444489 -0.0474484
FixedParameters: 0 0 0

#Transform 28
Transform: AffineTransform_float_3_3
Parameters: 1 0.000390505 0.000155578 -0.000390769 0.999999 0.000850448 -0.000154913 -0.00085057 0.999999 0.043562 0.0202892 -0.053146
FixedParameters: 0 0 0

#Transform 29
Transform: AffineTransform_float_3_3
Parameters: 1 0.000599888 0.00012823 -0.000600196 0.999999 0.00113379 -0.000127014 -0.00113394 1 0.029963 0.00824706 -0.0172782
FixedParameters: 0 0 0

#Transform 30
Transform: AffineTransform_float_3_3
Parameters: 1 0.000471457 -0.000206912 -0.000471112 0.999999 0.00119323 0.000206912 -0.00119305 0.999999 0.0292895 -0.0268975 -0.0258351
FixedParameters: 0 0 0

#Transform 31
Transform: AffineTransform_float_3_3
Parameters: 1 0.000656859 -0.000233401 -0.000657632 0.999999 0.000738345 0.000233521 -0.000738127 0.999999 0.0683492 0.0651207 -0.0117465
FixedParameters: 0 0 0

#Transform 32
Transform: AffineTransform_float_3_3
Parameters: 1 0.00026062 -0.000364081 -0.00026031 1 0.00042593 0.000364303 -0.000425741 1 0.0575182 0.0510947 0.0254282
FixedParameters: 0 0 0

#Transform 33
Transform: AffineTransform_float_3_3
Parameters: 1 0.000445866 -0.00011496 -0.000445977 0.999999 -0.00127764 0.000114648 0.0012768 1 0.0696428 0.022032 -0.0693436
FixedParameters: 0 0 0

#Transform 34
Transform: AffineTransform_float_3_3
Parameters: 1 0.000353888 9.22264e-05 -0.000354157 0.999995 -0.00290148 -9.27652e-05 0.00290137 0.999996 0.0641614 0.126306 -0.137118
FixedParameters: 0 0 0

#Transform 35
Transform: AffineTransform_float_3_3
Parameters: 1 0.000844034 -0.000459012 -0.000843668 1 -0.000840298 0.000458588 0.000840903 0.999999 0.0348594 0.047776 -0.0975282
FixedParameters: 0 0 0

#Transform 36
Transform: AffineTransform_float_3_3
Parameters: 1 0.000582011 -0.000213864 -0.000582489 0.999999 -0.00137765 0.000213097 0.00137792 0.999999 0.0446718 0.02712 -0.0785473
FixedParameters: 0 0 0

#Transform 37
Transform: AffineTransform_float_3_3
Parameters: 0.999999 0.000845394 -0.000248664 -0.000845813 0.999999 -0.00110433 0.000247777 0.00110451 0.999999 0.0539727 0.0703019 -0.102627
FixedParameters: 0 0 0

#Transform 38
Transform: AffineTransform_float_3_3
Parameters: 1 0.000546147 -0.000208369 -0.00054626 1 -0.00027107 0.000208073 0.000271297 1 0.0677636 0.0925458 -0.0701829
FixedParameters: 0 0 0

#Transform 39
Transform: AffineTransform_float_3_3
Parameters: 1 0.000500603 3.27628e-05 -0.000500597 1 -0.000100151 -3.2863e-05 0.000100118 1 0.0683442 0.0598601 -0.0377717
FixedParameters: 0 0 0

#Transform 40
Transform: AffineTransform_float_3_3
Parameters: 1 0.000196637 0.000310006 -0.000196876 1 0.0003857 -0.000309854 -0.000385822 1 0.0898366 0.0699101 -0.0299734
FixedParameters: 0 0 0

#Transform 41
Transform: AffineTransform_float_3_3
Parameters: 1 0.000139755 0.000390106 -0.00013906 1 0.000376627 -0.000390132 -0.000376665 1 0.109464 0.0567048 -0.00180599
FixedParameters: 0 0 0

#Transform 42
Transform: AffineTransform_float_3_3
Parameters: 1 -2.69876e-06 0.000325134 2.53818e-06 1 0.000246947 -0.000325136 -0.000246945 1 0.120516 0.0337946 -0.0239773
FixedParameters: 0 0 0

#Transform 43
Transform: AffineTransform_float_3_3
Parameters: 1 -0.000112729 -0.000467279 0.000112888 1 0.000170098 0.000467241 -0.000170204 1 0.126471 0.0834827 -0.00240863
FixedParameters: 0 0 0

#Transform 44
Transform: AffineTransform_float_3_3
Parameters: 1 -9.16682e-05 -0.000339942 9.18232e-05 1 0.000227966 0.0003399 -0.000228028 1 0.126503 0.0610401 -0.0236725
FixedParameters: 0 0 0

#Transform 45
Transform: AffineTransform_float_3_3
Parameters: 1 -8.53517e-05 -0.000335734 8.5557e-05 1 0.00030576 0.000335681 -0.000305818 1 0.145543 0.0612342 -0.0298561
FixedParameters: 0 0 0

#Transform 46
Transform: AffineTransform_float_3_3
Parameters: 1 -7.20992e-05 -0.000255781 7.22745e-05 1 0.000342672 0.000255731 -0.000342709 1 0.144711 0.0561876 -0.0294709
FixedParameters: 0 0 0

#Transform 47
Transform: AffineTransform_float_3_3
Parameters: 1 -5.09689e-05 -4.3721e-05 5.09908e-05 1 0.000250933 4.36954e-05 -0.000250938 1 0.144717 0.0837512 -0.0278987
FixedParameters: 0 0 0

#Transform 48
Transform: AffineTransform_float_3_3
Parameters: 1 -0.00036841 -0.000266738 0.000367551 0.999999 -0.0013316 0.000266593 0.00133138 0.999999 0.141854 0.0903156 -0.060323
FixedParameters: 0 0 0

#Transform 49
Transform: AffineTransform_float_3_3
Parameters: 1 -0.000123364 -8.8555e-05 0.000123249 1 -0.000649672 8.87152e-05 0.000649651 1 0.135535 0.0958023 -0.0158391
FixedParameters: 0 0 0

#Transform 50
Transform: AffineTransform_float_3_3
Parameters: 1 -0.000192704 0.000264762 0.000192838 0.999998 -0.00223047 -0.000264204 0.0022305 0.999998 0.13302 0.0668717 -0.0922834
FixedParameters: 0 0 0

#Transform 51
Transform: AffineTransform_float_3_3
Parameters: 1 -0.000193406 -7.9166e-05 0.00019313 0.999998 -0.0016151 7.96461e-05 0.00161507 0.999998 0.123672 0.124192 -0.0804509
FixedParameters: 0 0 0

#Transform 52
Transform: AffineTransform_float_3_3
Parameters: 1 -0.000109992 0.000145751 0.000110251 0.999999 -0.000890004 -0.000145555 0.000890036 0.999999 0.1325 0.0425432 -0.112286
FixedParameters: 0 0 0

#Transform 53
Transform: AffineTransform_float_3_3
Parameters: 1 -7.44495e-05 -0.000253453 7.4605e-05 1 0.000306768 0.000253407 -0.000306805 1 0.119709 0.0837413 -0.0641345
FixedParameters: 0 0 0

#Transform 54
Transform: AffineTransform_float_3_3
Parameters: 1 -0.000349458 -0.000412925 0.000349687 1 0.000276922 0.000412731 -0.000277211 1 0.115011 0.186599 -0.0814834
FixedParameters: 0 0 0

#Transform 55
Transform: AffineTransform_float_3_3
Parameters: 1 -0.000336627 -0.00010577 0.000336551 1 -0.000356667 0.00010601 0.000356596 1 0.110094 -0.00436372 -0.100694
FixedParameters: 0 0 0

#Transform 56
Transform: AffineTransform_float_3_3
Parameters: 1 -0.000416271 -9.5389e-05 0.000416276 1 2.52042e-05 9.5368e-05 -2.52837e-05 1 0.122408 0.137953 -0.102014
FixedParameters: 0 0 0

#Transform 57
Transform: AffineTransform_float_3_3
Parameters: 1 -0.000393282 -0.000367645 0.000393113 1 -0.000230846 0.000367826 0.000230557 1 0.117252 0.0873082 -0.100311
FixedParameters: 0 0 0

#Transform 58
Transform: AffineTransform_float_3_3
Parameters: 0.999999 -0.000527661 -0.00086223 0.000526525 0.999999 -0.000572981 0.000861709 0.000572311 1 0.139146 0.121326 -0.131329
FixedParameters: 0 0 0

#Transform 59
Transform: AffineTransform_float_3_3
Parameters: 0.999999 -0.00067485 -0.00108552 0.000674507 1 -0.00103503 0.00108667 0.00103467 0.999999 0.142292 0.0739269 -0.122648
FixedParameters: 0 0 0

#Transform 60
Transform: AffineTransform_float_3_3
Parameters: 0.999999 -0.000547422 -0.00143654 0.000546683 1 -0.000576333 0.00143705 0.000576054 0.999998 0.135591 0.152591 -0.0757453
FixedParameters: 0 0 0

#Transform 61
Transform: AffineTransform_float_3_3
Parameters: 0.999999 -0.000394075 -0.00134297 0.000393732 1 -0.000128074 0.00134307 0.000127275 0.999999 0.147637 0.123244 -0.0573514
FixedParameters: 0 0 0

#Transform 62
Transform: AffineTransform_float_3_3
Parameters: 0.999999 -0.000252553 -0.00128095 0.000251875 1 -0.000264882 0.00128108 0.000264495 0.999999 0.136098 0.0952301 -0.0526092
FixedParameters: 0 0 0

#Transform 63
Transform: AffineTransform_float_3_3
Parameters: 0.999999 -0.000266971 -0.00130223 0.000265879 1 -0.000419493 0.00130245 0.000419059 0.999999 0.133449 0.0893713 -0.087491
FixedParameters: 0 0 0

#Transform 64
Transform: AffineTransform_float_3_3
Parameters: 0.999998 -1.1731e-05 -0.00160033 1.07769e-05 1 -0.000629953 0.00160021 0.000629284 0.999998 0.128312 0.133966 -0.114193
FixedParameters: 0 0 0

#Transform 65
Transform: AffineTransform_float_3_3
Parameters: 0.999999 -2.60073e-05 -0.00148845 2.57325e-05 1 -0.000424324 0.00148835 0.000424577 0.999999 0.113102 0.120393 -0.112283
FixedParameters: 0 0 0

#Transform 66
Transform: AffineTransform_float_3_3
Parameters: 0.999999 9.99784e-05 -0.0014092 -0.00010011 1 -7.25694e-05 0.00140918 7.21475e-05 0.999999 0.120171 0.105466 -0.107705
FixedParameters: 0 0 0

#Transform 67
Transform: AffineTransform_float_3_3
Parameters: 0.999999 -5.4469e-05 -0.00102272 5.47416e-05 1 0.000142649 0.00102256 -0.000142503 1 0.135006 0.108064 -0.0988479
FixedParameters: 0 0 0

#Transform 68
Transform: AffineTransform_float_3_3
Parameters: 1 -6.63837e-06 -0.000915928 7.80247e-06 1 0.000635603 0.000915918 -0.000635357 1 0.129161 0.109068 -0.0566779
FixedParameters: 0 0 0

#Transform 69
Transform: AffineTransform_float_3_3
Parameters: 0.999999 1.32649e-05 -0.000927646 -1.26911e-05 0.999999 0.000922774 0.000926675 -0.000922581 0.999999 0.128358 0.100171 -0.03135
FixedParameters: 0 0 0

#Transform 70
Transform: AffineTransform_float_3_3
Parameters: 1 1.84914e-05 -0.00119349 -1.60207e-05 0.999999 0.00145737 0.00119353 -0.00145714 0.999998 0.137337 0.124523 0.00389914
FixedParameters: 0 0 0

#Transform 71
Transform: AffineTransform_float_3_3
Parameters: 1 -0.000380727 -0.000929512 0.000382152 0.999999 0.0012286 0.000929686 -0.00122936 0.999999 0.144909 0.0735045 -0.0125392
FixedParameters: 0 0 0

#Transform 72
Transform: AffineTransform_float_3_3
Parameters: 1 -0.000198426 -0.00113583 0.000199682 1 0.000552933 0.00113561 -0.000553126 0.999999 0.141491 0.137595 -0.0499191
FixedParameters: 0 0 0

#Transform 73
Transform: AffineTransform_float_3_3
Parameters: 0.999998 -0.000316383 -0.00157854 0.000319579 0.999998 0.00198773 0.00157739 -0.00198772 0.999996 0.137322 0.17123 0.0147848
FixedParameters: 0 0 0

#Transform 74
Transform: AffineTransform_float_3_3
Parameters: 0.999998 -0.000272843 -0.0022706 0.000284413 0.999987 0.00495304 0.00226952 -0.00495331 0.999985 0.107282 0.256701 0.0113496
FixedParameters: 0 0 0

#Transform 75
Transform: AffineTransform_float_3_3
Parameters: 0.999998 4.51043e-06 -0.00226746 3.48834e-06 0.999993 0.00375541 0.00226763 -0.00375527 0.999991 0.0575408 0.0879712 0.0284597
FixedParameters: 0 0 0

#Transform 76
Transform: AffineTransform_float_3_3
Parameters: 0.999996 0.000348532 -0.00265949 -0.000338904 0.999994 0.00352919 0.0026601 -0.00352919 0.999991 0.0645998 0.170627 -0.104054
FixedParameters: 0 0 0

#Transform 77
Transform: AffineTransform_float_3_3
Parameters: 0.999996 3.30476e-05 -0.00286012 -2.62787e-05 0.999997 0.00242639 0.00285976 -0.0024257 0.999993 0.0878355 0.170948 -0.202335
FixedParameters: 0 0 0

#Transform 78
Transform: AffineTransform_float_3_3
Parameters: 0.999996 0.000508882 -0.00275767 -0.000509347 0.999999 -0.000491361 0.00275787 0.00049344 0.999996 0.0483013 0.201961 -0.00361033
FixedParameters: 0 0 0

#Transform 79
Transform: AffineTransform_float_3_3
Parameters: 0.999999 7.59906e-05 -0.00125571 -8.00491e-05 0.999996 -0.00284783 0.00125527 0.00284754 0.999995 -0.0286538 0.248841 0.129324
FixedParameters: 0 0 0

#Transform 80
Transform: AffineTransform_float_3_3
Parameters: 0.999999 0.00106206 -0.000731459 -0.00106242 1 -0.000305893 0.000730943 0.000306225 1 -0.000973935 0.147082 0.0825599
FixedParameters: 0 0 0

#Transform 81
Transform: AffineTransform_float_3_3
Parameters: 0.999999 0.00130358 -0.00120726 -0.00130276 0.999999 0.000357836 0.00120734 -0.00035567 0.999999 0.0251384 0.234345 0.0280025
FixedParameters: 0 0 0

#Transform 82
Transform: AffineTransform_float_3_3
Parameters: 0.999999 0.00133202 -0.00121198 -0.00133264 0.999999 -0.000295 0.00121132 0.000297267 1 0.0313872 0.185249 -0.00507819
FixedParameters: 0 0 0

#Transform 83
Transform: AffineTransform_float_3_3
Parameters: 0.999998 0.00166787 -0.00125728 -0.00166955 0.999998 -0.000782657 0.00125577 0.000784685 0.999999 0.0638153 0.200237 -0.0326594
FixedParameters: 0 0 0

#Transform 84
Transform: AffineTransform_float_3_3
Parameters: 0.999998 0.00164674 -0.00155758 -0.00164809 0.999999 -0.000532853 0.00155707 0.00053582 0.999999 0.0593085 0.190888 -0.0511518
FixedParameters: 0 0 0

#Transform 85
Transform: AffineTransform_float_3_3
Parameters: 0.999997 0.00184438 -0.00140764 -0.00184633 0.999998 -0.0012256 0.0014052 0.00122749 0.999998 0.0718114 0.182511 -0.074401
FixedParameters: 0 0 0

#Transform 86
Transform: AffineTransform_float_3_3
Parameters: 0.999997 0.00205084 -0.00157239 -0.00205322 0.999997 -0.00128162 0.00157034 0.00128479 0.999998 0.0827454 0.201971 -0.100046
FixedParameters: 0 0 0

#Transform 87
Transform: AffineTransform_float_3_3
Parameters: 0.999997 0.00183168 -0.00180923 -0.00183534 0.999996 -0.0020398 0.00180539 0.00204356 0.999996 0.069673 0.207313 -0.121039
FixedParameters: 0 0 0

#Transform 88
Transform: AffineTransform_float_3_3
Parameters: 0.999996 0.00184022 -0.00199412 -0.00184478 0.999996 -0.00209498 0.00199003 0.00209849 0.999995 0.0721266 0.251636 -0.0983707
FixedParameters: 0 0 0

#Transform 89
Transform: AffineTransform_float_3_3
Parameters: 0.999996 0.0020052 -0.00184034 -0.00200724 0.999997 -0.001534 0.00183699 0.00153824 0.999997 0.0673451 0.217894 -0.100906
FixedParameters: 0 0 0

#Transform 90
Transform: AffineTransform_float_3_3
Parameters: 0.999995 0.00211143 -0.00221387 -0.00211414 0.999998 -0.00122247 0.00221177 0.00122765 0.999996 0.066221 0.206796 -0.100608
FixedParameters: 0 0 0

#Transform 91
Transform: AffineTransform_float_3_3
Parameters: 0.999996 0.00229163 -0.0017944 -0.00229209 0.999997 -0.000201381 0.00179387 0.000206201 0.999998 0.0852923 0.213682 -0.125728
FixedParameters: 0 0 0

#Transform 92
Transform: AffineTransform_float_3_3
Parameters: 0.999995 0.00224109 -0.00198075 -0.00224199 0.999997 -0.000344548 0.00198057 0.000349079 0.999998 0.0964342 0.252676 -0.117336
FixedParameters: 0 0 0

#Transform 93
Transform: AffineTransform_float_3_3
Parameters: 0.999994 0.00250196 -0.00232549 -0.00250407 0.999997 -0.000570933 0.00232413 0.000577261 0.999997 0.0902779 0.199997 -0.115221
FixedParameters: 0 0 0

#Transform 94
Transform: AffineTransform_float_3_3
Parameters: 0.999994 0.00265813 -0.00213507 -0.0026586 0.999996 -0.000471192 0.00213393 0.0004773 0.999998 0.0878997 0.223859 -0.123915
FixedParameters: 0 0 0

#Transform 95
Transform: AffineTransform_float_3_3
Parameters: 0.999995 0.00253979 -0.00182784 -0.00254112 0.999997 -0.000460932 0.00182603 0.000465589 0.999998 0.0861958 0.213318 -0.130655
FixedParameters: 0 0 0

#Transform 96
Transform: AffineTransform_float_3_3
Parameters: 0.999994 0.00245083 -0.00218129 -0.00245129 0.999997 -0.000456941 0.00218027 0.000462391 0.999998 0.0842188 0.230336 -0.123519
FixedParameters: 0 0 0

#Transform 97
Transform: AffineTransform_float_3_3
Parameters: 0.999994 0.00270236 -0.00182317 -0.00270373 0.999996 -0.000472385 0.00182114 0.00047761 0.999998 0.0889907 0.202143 -0.151983
FixedParameters: 0 0 0

#Transform 98
Transform: AffineTransform_float_3_3
Parameters: 0.999994 0.00269308 -0.0018383 -0.00269361 0.999996 -0.000206107 0.00183674 0.000211361 0.999998 0.0652004 0.272888 -0.108252
FixedParameters: 0 0 0

#Transform 99
Transform: AffineTransform_float_3_3
Parameters: 0.999995 0.00259467 -0.00179232 -0.00259415 0.999997 0.000394727 0.00179307 -0.000390158 0.999998 0.0588116 0.23429 -0.0894414
FixedParameters: 0 0 0

#Transform 100
Transform: AffineTransform_float_3_3
Parameters: 0.999994 0.00274792 -0.00196986 -0.00274263 0.999994 0.00248329 0.00197709 -0.00247846 0.999995 0.0894346 0.217516 -0.0959906
FixedParameters: 0 0 0

#Transform 101
Transform: AffineTransform_float_3_3
Parameters: 0.999994 0.00271918 -0.00217224 -0.00271453 0.999993 0.00232959 0.00217876 -0.00232359 0.999995 0.0744324 0.268361 -0.078401
FixedParameters: 0 0 0

#Transform 102
Transform: AffineTransform_float_3_3
Parameters: 0.999994 0.00282835 -0.002054 -0.00282301 0.999993 0.0024209 0.00206043 -0.0024153 0.999995 0.0508956 0.22825 -0.042243
FixedParameters: 0 0 0

#Transform 103
Transform: AffineTransform_float_3_3
Parameters: 0.999994 0.00261354 -0.00219243 -0.00260823 0.999993 0.0024913 0.00219818 -0.00248568 0.999994 0.0341005 0.232243 -0.0188985
FixedParameters: 0 0 0

#Transform 104
Transform: AffineTransform_float_3_3
Parameters: 0.999995 0.00262057 -0.00201841 -0.00261589 0.999994 0.00228634 0.00202413 -0.0022808 0.999995 0.00922695 0.21301 -0.0649581
FixedParameters: 0 0 0

#Transform 105
Transform: AffineTransform_float_3_3
Parameters: 0.999994 0.00287169 -0.00214821 -0.00286837 0.999994 0.00177746 0.00215342 -0.0017711 0.999996 0.00328867 0.288608 -0.054739
FixedParameters: 0 0 0

#Transform 106
Transform: AffineTransform_float_3_3
Parameters: 0.999995 0.00265013 -0.00189575 -0.00264533 0.999993 0.00246772 0.00190242 -0.00246245 0.999995 -0.00267177 0.216293 -0.0375823
FixedParameters: 0 0 0

#Transform 107
Transform: AffineTransform_float_3_3
Parameters: 0.999995 0.0026624 -0.00152153 -0.0026598 0.999994 0.00198399 0.00152669 -0.00198083 0.999997 -0.0137867 0.217544 -0.0659685
FixedParameters: 0 0 0

#Transform 108
Transform: AffineTransform_float_3_3
Parameters: 0.999994 0.00257573 -0.00208048 -0.00257245 0.999995 0.00179775 0.00208558 -0.001793 0.999996 -0.00846163 0.29728 -0.0583072
FixedParameters: 0 0 0

#Transform 109
Transform: AffineTransform_float_3_3
Parameters: 0.999995 0.00262117 -0.00181471 -0.00261754 0.999995 0.00194281 0.00181963 -0.00193824 0.999996 -0.0172827 0.244903 -0.0679084
FixedParameters: 0 0 0

#Transform 110
Transform: AffineTransform_float_3_3
Parameters: 0.999996 0.0025027 -0.00162095 -0.00249883 0.999994 0.00231963 0.00162604 -0.00231526 0.999996 -0.0196613 0.24377 -0.0500755
FixedParameters: 0 0 0

#Transform 111
Transform: AffineTransform_float_3_3
Parameters: 0.999995 0.00265372 -0.00165519 -0.0026504 0.999994 0.00210099 0.00165996 -0.00209621 0.999996 -0.0202658 0.253046 -0.053019
FixedParameters: 0 0 0

#Transform 112
Transform: AffineTransform_float_3_3
Parameters: 0.999995 0.00270015 -0.00152703 -0.0026961 0.999993 0.00249768 0.00153399 -0.0024944 0.999996 -0.0240305 0.260804 -0.0214321
FixedParameters: 0 0 0

#Transform 113
Transform: AffineTransform_float_3_3
Parameters: 0.999995 0.00270249 -0.00185745 -0.00269682 0.999992 0.00309795 0.00186566 -0.00309279 0.999994 -0.0219549 0.242268 -0.000514632
FixedParameters: 0 0 0

#Transform 114
Transform: AffineTransform_float_3_3
Parameters: 0.999995 0.00258463 -0.00184164 -0.00257922 0.999991 0.00334595 0.0018504 -0.00334042 0.999992 0.000307129 0.252649 0.00529118
FixedParameters: 0 0 0

#Transform 115
Transform: AffineTransform_float_3_3
Parameters: 0.999995 0.00250591 -0.00194734 -0.00249993 0.999992 0.00300393 0.00195484 -0.00299904 0.999993 -0.00224283 0.266021 0.00876193
FixedParameters: 0 0 0

#Transform 116
Transform: AffineTransform_float_3_3
Parameters: 0.999995 0.00260792 -0.00184861 -0.00260458 0.999995 0.00182519 0.00185287 -0.00182049 0.999996 -0.0218049 0.292894 -0.00768575
FixedParameters: 0 0 0

#Transform 117
Transform: AffineTransform_float_3_3
Parameters: 0.999995 0.00255961 -0.00184069 -0.00255511 0.999994 0.0024875 0.00184688 -0.0024819 0.999995 -0.0280493 0.266527 0.0239279
FixedParameters: 0 0 0

#Transform 118
Transform: AffineTransform_float_3_3
Parameters: 0.999996 0.00244789 -0.00155529 -0.00244397 0.999993 0.00275609 0.00156225 -0.00275229 0.999995 -0.0914739 0.336036 0.224677
FixedParameters: 0 0 0

#Transform 119
Transform: AffineTransform_float_3_3
Parameters: 0.999997 0.0021417 0.000380399 -0.00214513 0.999972 0.00725288 -0.000364355 -0.00725399 0.999973 -0.138155 0.350247 0.854274
FixedParameters: 0 0 0
