# transform file /out/sourcedata/freesurfer/sub-v2s15x29755_ses-1/mri/transforms/cc_up.lta
# created by oesteban on Wed Mar 11 10:14:53 2026

type      = 0 # LINEAR_VOX_TO_VOX
nxforms   = 1
mean      = 129.0000 126.0000 117.0000
sigma     = 10000.0000
1 4 4
9.927788376808167e-01 -1.176888719201088e-01 -2.323245070874691e-02 1.814539909362793e+01 
1.176566556096077e-01 9.930506348609924e-01 -2.753334585577250e-03 6.343580245971680e+00 
2.339503355324268e-02 0.000000000000000e+00 9.997264146804810e-01 1.610545539855957e+01 
0.000000000000000e+00 0.000000000000000e+00 0.000000000000000e+00 1.000000000000000e+00 
src volume info
valid = 1  # volume info valid
filename = /out/sourcedata/freesurfer/sub-v2s15x29755_ses-1/mri/norm.mgz
volume = 256 256 256
voxelsize = 1.000000000000000e+00 1.000000000000000e+00 1.000000000000000e+00
xras   = -9.999999403953552e-01 0.000000000000000e+00 0.000000000000000e+00
yras   = -1.490116119384766e-08 0.000000000000000e+00 -9.999999403953552e-01
zras   = 0.000000000000000e+00 1.000000000000000e+00 0.000000000000000e+00
cras   = -6.597381591796875e+00 8.376174926757812e+00 2.641487121582031e+00
dst volume info
valid = 1  # volume info valid
filename = /out/sourcedata/freesurfer/sub-v2s15x29755_ses-1/mri/norm.mgz
volume = 256 256 256
voxelsize = 1.000000000000000e+00 1.000000000000000e+00 1.000000000000000e+00
xras   = -9.999999403953552e-01 0.000000000000000e+00 0.000000000000000e+00
yras   = -1.490116119384766e-08 0.000000000000000e+00 -9.999999403953552e-01
zras   = 0.000000000000000e+00 1.000000000000000e+00 0.000000000000000e+00
cras   = -6.597381591796875e+00 8.376174926757812e+00 2.641487121582031e+00
