# transform file /out/sourcedata/freesurfer/sub-v2s15x29731_ses-1/mri/transforms/cc_up.lta
# created by oesteban on Wed Mar 11 09:27:41 2026

type      = 0 # LINEAR_VOX_TO_VOX
nxforms   = 1
mean      = 129.0000 132.0000 127.0000
sigma     = 10000.0000
1 4 4
9.901130199432373e-01 -9.400673210620880e-02 1.041109338402748e-01 5.266607999801636e-01 
9.349130094051361e-02 9.955716133117676e-01 9.830662049353123e-03 3.465153932571411e+00 
-1.045740321278572e-01 0.000000000000000e+00 9.945172071456909e-01 3.096358108520508e+01 
0.000000000000000e+00 0.000000000000000e+00 0.000000000000000e+00 1.000000000000000e+00 
src volume info
valid = 1  # volume info valid
filename = /out/sourcedata/freesurfer/sub-v2s15x29731_ses-1/mri/norm.mgz
volume = 256 256 256
voxelsize = 1.000000000000000e+00 1.000000000000000e+00 1.000000000000000e+00
xras   = -1.000000000000000e+00 0.000000000000000e+00 0.000000000000000e+00
yras   = 0.000000000000000e+00 0.000000000000000e+00 -9.999999403953552e-01
zras   = 0.000000000000000e+00 1.000000000000000e+00 0.000000000000000e+00
cras   = 1.867095947265625e+00 2.810668945312500e+00 9.438392639160156e+00
dst volume info
valid = 1  # volume info valid
filename = /out/sourcedata/freesurfer/sub-v2s15x29731_ses-1/mri/norm.mgz
volume = 256 256 256
voxelsize = 1.000000000000000e+00 1.000000000000000e+00 1.000000000000000e+00
xras   = -1.000000000000000e+00 0.000000000000000e+00 0.000000000000000e+00
yras   = 0.000000000000000e+00 0.000000000000000e+00 -9.999999403953552e-01
zras   = 0.000000000000000e+00 1.000000000000000e+00 0.000000000000000e+00
cras   = 1.867095947265625e+00 2.810668945312500e+00 9.438392639160156e+00
