# transform file /out/sourcedata/freesurfer/sub-v2s15x29742_ses-1/mri/transforms/cc_up.lta
# created by oesteban on Wed Mar 11 10:06:48 2026

type      = 0 # LINEAR_VOX_TO_VOX
nxforms   = 1
mean      = 124.0000 141.0000 122.0000
sigma     = 10000.0000
1 4 4
9.871435165405273e-01 -1.495878994464874e-01 -5.631085485219955e-02 3.080785751342773e+01 
1.493451148271561e-01 9.887483119964600e-01 -8.519278839230537e-03 -3.872960805892944e+00 
5.695164948701859e-02 -9.313224635931761e-10 9.983768463134766e-01 1.327367115020752e+01 
0.000000000000000e+00 0.000000000000000e+00 0.000000000000000e+00 1.000000000000000e+00 
src volume info
valid = 1  # volume info valid
filename = /out/sourcedata/freesurfer/sub-v2s15x29742_ses-1/mri/norm.mgz
volume = 256 256 256
voxelsize = 1.000000000000000e+00 1.000000000000000e+00 1.000000000000000e+00
xras   = -1.000000119209290e+00 0.000000000000000e+00 3.725290298461914e-09
yras   = 0.000000000000000e+00 0.000000000000000e+00 -1.000000119209290e+00
zras   = 0.000000000000000e+00 1.000000000000000e+00 0.000000000000000e+00
cras   = -2.352111816406250e+00 2.231605529785156e+00 -1.283361053466797e+01
dst volume info
valid = 1  # volume info valid
filename = /out/sourcedata/freesurfer/sub-v2s15x29742_ses-1/mri/norm.mgz
volume = 256 256 256
voxelsize = 1.000000000000000e+00 1.000000000000000e+00 1.000000000000000e+00
xras   = -1.000000119209290e+00 0.000000000000000e+00 3.725290298461914e-09
yras   = 0.000000000000000e+00 0.000000000000000e+00 -1.000000119209290e+00
zras   = 0.000000000000000e+00 1.000000000000000e+00 0.000000000000000e+00
cras   = -2.352111816406250e+00 2.231605529785156e+00 -1.283361053466797e+01
