#Insight Transform File V1.0
#Transform 0
Transform: AffineTransform_float_3_3
Parameters: 0.999993 -0.000194872 -0.00388423 0.000200918 0.999998 0.00156085 0.00388381 -0.00156115 0.999992 0.144955 -0.0514515 0.318036
FixedParameters: 0 0 0

#Transform 1
Transform: AffineTransform_float_3_3
Parameters: 0.999993 -0.000267671 -0.00386101 0.000270899 0.999999 0.000798574 0.00386117 -0.000799425 0.999993 0.111869 -0.00433324 0.253379
FixedParameters: 0 0 0

#Transform 2
Transform: AffineTransform_float_3_3
Parameters: 0.999992 -0.000302791 -0.00383172 0.000304431 1 0.00049522 0.00383083 -0.00049578 0.999992 0.133216 -0.00752195 0.259048
FixedParameters: 0 0 0

#Transform 3
Transform: AffineTransform_float_3_3
Parameters: 0.999994 3.41314e-05 -0.00347848 -3.10082e-05 1 0.000900151 0.00347814 -0.000899849 0.999993 0.0919901 -0.0823528 0.224067
FixedParameters: 0 0 0

#Transform 4
Transform: AffineTransform_float_3_3
Parameters: 0.999991 -0.000219143 -0.00419706 0.000222039 1 0.000601879 0.0041962 -0.000602119 0.999991 0.0908607 -0.0789503 0.172366
FixedParameters: 0 0 0

#Transform 5
Transform: AffineTransform_float_3_3
Parameters: 0.999994 -0.000244615 -0.00347007 0.000246631 1 0.000601339 0.00346919 -0.000601661 0.999994 0.0875496 -0.0339054 0.141246
FixedParameters: 0 0 0

#Transform 6
Transform: AffineTransform_float_3_3
Parameters: 0.999994 -0.000702131 -0.0034085 0.00070284 1 0.000102758 0.00340835 -0.000105241 0.999994 0.097316 -0.0105616 0.165339
FixedParameters: 0 0 0

#Transform 7
Transform: AffineTransform_float_3_3
Parameters: 0.999995 -0.00116439 -0.00287168 0.00116506 0.999999 0.00028654 0.0028712 -0.000289461 0.999996 0.0828014 -0.0477506 0.162081
FixedParameters: 0 0 0

#Transform 8
Transform: AffineTransform_float_3_3
Parameters: 0.999997 -0.000855155 -0.00203895 0.000855055 1 -2.53976e-05 0.00203899 2.36023e-05 0.999998 0.0943645 -0.0436148 0.192997
FixedParameters: 0 0 0

#Transform 9
Transform: AffineTransform_float_3_3
Parameters: 0.999998 -0.00119731 -0.00164431 0.00119748 0.999999 4.93386e-05 0.00164419 -5.06612e-05 0.999999 0.0587886 -0.0390415 0.178952
FixedParameters: 0 0 0

#Transform 10
Transform: AffineTransform_float_3_3
Parameters: 0.999998 -0.00169564 0.000211631 0.00169567 0.999996 -0.00192084 -0.000209039 0.00192116 0.999998 0.0551958 -0.0189296 0.156155
FixedParameters: 0 0 0

#Transform 11
Transform: AffineTransform_float_3_3
Parameters: 1 -0.00107952 -4.60717e-05 0.00107971 0.999997 -0.00218628 4.76551e-05 0.00218672 0.999997 0.0600635 -0.00529641 0.120517
FixedParameters: 0 0 0

#Transform 12
Transform: AffineTransform_float_3_3
Parameters: 1 -0.00100707 -0.000337885 0.00100594 0.999997 -0.00253453 0.000340829 0.00253347 0.999997 0.0571663 -0.0119216 0.132219
FixedParameters: 0 0 0

#Transform 13
Transform: AffineTransform_float_3_3
Parameters: 0.999999 -0.00108537 -0.00060496 0.00108327 0.999997 -0.0022167 0.000607609 0.0022163 0.999998 0.0615128 0.0035181 0.139331
FixedParameters: 0 0 0

#Transform 14
Transform: AffineTransform_float_3_3
Parameters: 0.999999 -0.0010294 -0.00076853 0.00102799 0.999997 -0.00193683 0.000770161 0.00193617 0.999997 0.0401186 -0.0204349 0.120821
FixedParameters: 0 0 0

#Transform 15
Transform: AffineTransform_float_3_3
Parameters: 1 -0.000633036 -0.000862907 0.000632006 0.999999 -0.00173159 0.000864705 0.00173142 0.999998 0.0423731 0.0302894 0.102983
FixedParameters: 0 0 0

#Transform 16
Transform: AffineTransform_float_3_3
Parameters: 0.999998 -0.00100594 -0.00138243 0.00100494 0.999999 -0.000363236 0.00138316 0.000361763 0.999999 0.0687134 -0.0409516 -0.0159599
FixedParameters: 0 0 0

#Transform 17
Transform: AffineTransform_float_3_3
Parameters: 0.999999 -0.000280521 -0.0015011 0.000283577 0.999998 0.00199777 0.00150056 -0.00199823 0.999997 0.0841365 0.00100934 -0.133734
FixedParameters: 0 0 0

#Transform 18
Transform: AffineTransform_float_3_3
Parameters: 1 0.000101455 -8.9554e-05 -0.00010136 1 0.000527009 8.96609e-05 -0.000526991 1 0.0302354 -0.174273 0.107896
FixedParameters: 0 0 0

#Transform 19
Transform: AffineTransform_float_3_3
Parameters: 1 -0.000100029 -0.000446054 0.000100639 1 0.000683955 0.000445917 -0.000684044 0.999999 -0.00141884 -0.0530393 0.0327801
FixedParameters: 0 0 0

#Transform 20
Transform: AffineTransform_float_3_3
Parameters: 1 -0.000206263 -0.000252604 0.00020667 0.999999 0.000806947 0.00025227 -0.000807052 0.999999 -0.0110776 -0.00537003 -0.0311488
FixedParameters: 0 0 0

#Transform 21
Transform: AffineTransform_float_3_3
Parameters: 1 -8.29384e-05 -4.25937e-05 8.29611e-05 1 0.000266996 4.25494e-05 -0.000267004 1 -0.00829106 -0.0224405 0.0698956
FixedParameters: 0 0 0

#Transform 22
Transform: AffineTransform_float_3_3
Parameters: 1 0.000257507 -1.77494e-05 -0.0002575 1 0.000204005 1.78545e-05 -0.000203995 1 0.00326078 -0.0234705 0.0706528
FixedParameters: 0 0 0

#Transform 23
Transform: AffineTransform_float_3_3
Parameters: 1 9.25661e-05 -0.000257038 -9.22643e-05 1 0.000587024 0.000257146 -0.000586976 1 0.0128548 -0.0573562 0.0923628
FixedParameters: 0 0 0

#Transform 24
Transform: AffineTransform_float_3_3
Parameters: 1 9.49226e-05 -0.000208666 -9.49902e-05 1 -0.00016198 0.000208636 0.00016202 1 0.0155314 -0.0231978 0.0956967
FixedParameters: 0 0 0

#Transform 25
Transform: AffineTransform_float_3_3
Parameters: 1 -0.000296745 -4.5553e-05 0.000296686 0.999999 -0.000652013 4.59399e-05 0.000651986 1 0.00850733 0.0427008 0.0679588
FixedParameters: 0 0 0

#Transform 26
Transform: AffineTransform_float_3_3
Parameters: 1 -0.000156286 0.000655471 0.000156943 1 -0.000500897 -0.000655314 0.000501102 0.999999 0.0103974 0.0418321 0.0761777
FixedParameters: 0 0 0

#Transform 27
Transform: AffineTransform_float_3_3
Parameters: 0.999999 2.72802e-05 0.000753281 -2.69789e-05 1 -0.00020002 -0.000753292 0.000199979 0.999999 0.0198774 -0.053602 0.111997
FixedParameters: 0 0 0

#Transform 28
Transform: AffineTransform_float_3_3
Parameters: 1 0.000138606 0.00101351 -0.000137959 1 -0.000318948 -0.0010136 0.000319052 1 0.0280579 0.0254329 0.146828
FixedParameters: 0 0 0

#Transform 29
Transform: AffineTransform_float_3_3
Parameters: 1 -0.000156168 0.000655499 0.00015706 1 -0.000679897 -0.000655286 0.000680102 0.999999 0.0212538 0.0226626 0.110335
FixedParameters: 0 0 0

#Transform 30
Transform: AffineTransform_float_3_3
Parameters: 1 -0.000156287 0.000655471 0.000156941 1 -0.000498897 -0.000655314 0.000499102 0.999999 0.0274657 0.00219059 0.106704
FixedParameters: 0 0 0

#Transform 31
Transform: AffineTransform_float_3_3
Parameters: 1 -0.000156307 0.000655466 0.000156922 1 -0.000468897 -0.000655319 0.000469102 0.999999 0.011064 0.0112152 0.089559
FixedParameters: 0 0 0

#Transform 32
Transform: AffineTransform_float_3_3
Parameters: 1 -0.000239904 0.000237836 0.000240075 0.999999 -0.000771942 -0.000238446 0.000772057 0.999999 0.0256654 0.0539583 0.0845555
FixedParameters: 0 0 0

#Transform 33
Transform: AffineTransform_float_3_3
Parameters: 1 -0.000206679 0.000402646 0.000207463 0.999999 -0.00121692 -0.000403123 0.00121708 0.999999 0.0282786 0.00534384 0.0955868
FixedParameters: 0 0 0

#Transform 34
Transform: AffineTransform_float_3_3
Parameters: 1 -0.000239918 0.000237822 0.000240061 0.999999 -0.000712943 -0.000238461 0.000713057 0.999999 0.0303468 0.0229881 0.109701
FixedParameters: 0 0 0

#Transform 35
Transform: AffineTransform_float_3_3
Parameters: 1 -0.000252654 0.000174158 0.000252994 1 -0.000978148 -0.000173664 0.000977852 0.999999 0.0191502 0.00951264 0.098554
FixedParameters: 0 0 0

#Transform 36
Transform: AffineTransform_float_3_3
Parameters: 1 -0.000898663 0.000370293 0.000899262 0.999999 -0.00107467 -0.000369341 0.00107533 1 0.0148411 0.0576127 0.0454748
FixedParameters: 0 0 0

#Transform 37
Transform: AffineTransform_float_3_3
Parameters: 1 -0.000499573 0.000290228 0.000499151 0.999999 -0.00130186 -0.000289712 0.00130215 0.999999 0.0168325 0.0226628 0.0777654
FixedParameters: 0 0 0

#Transform 38
Transform: AffineTransform_float_3_3
Parameters: 1 -0.00041732 0.000273513 0.000416661 1 -0.000947078 -0.000273508 0.000946922 0.999999 0.0212418 -0.000167408 0.0980318
FixedParameters: 0 0 0

#Transform 39
Transform: AffineTransform_float_3_3
Parameters: 1 -0.000508632 0.000194791 0.00050869 0.999999 -0.000651901 -0.000195108 0.000652099 1 0.0291852 0.0467999 0.0876727
FixedParameters: 0 0 0

#Transform 40
Transform: AffineTransform_float_3_3
Parameters: 0.999999 -0.000677749 0.000378081 0.000678524 0.999999 -0.00128474 -0.000377319 0.00128526 0.999999 0.0150655 0.0888449 0.0699289
FixedParameters: 0 0 0

#Transform 41
Transform: AffineTransform_float_3_3
Parameters: 1 -0.000498705 0.000289837 0.000499039 1 -0.000915048 -0.000289905 0.000914953 0.999999 0.0213977 0.0400861 0.110348
FixedParameters: 0 0 0

#Transform 42
Transform: AffineTransform_float_3_3
Parameters: 0.999999 -0.000795665 0.000349734 0.000795349 0.999999 -0.00123272 -0.000348557 0.00123328 0.999999 0.0153973 0.0262494 0.0560759
FixedParameters: 0 0 0

#Transform 43
Transform: AffineTransform_float_3_3
Parameters: 1 -0.000732243 0.000867513 0.000733243 0.999998 -0.00136733 -0.000867274 0.00136767 0.999999 0.00674194 0.0307271 0.0714518
FixedParameters: 0 0 0

#Transform 44
Transform: AffineTransform_float_3_3
Parameters: 1 -0.000483893 0.000287062 0.000484432 0.999999 -0.00128086 -0.000286802 0.00128114 0.999999 0.00410521 0.0132994 0.0485787
FixedParameters: 0 0 0

#Transform 45
Transform: AffineTransform_float_3_3
Parameters: 1 -0.000601467 0.00031086 0.000601224 0.999998 -0.00150377 -0.000309836 0.00150322 0.999999 0.00769698 0.0695985 0.061623
FixedParameters: 0 0 0

#Transform 46
Transform: AffineTransform_float_3_3
Parameters: 1 -0.000386844 0.000267529 0.00038732 0.999999 -0.00125486 -0.000267538 0.00125414 1 0.0173849 0.0243169 0.0747714
FixedParameters: 0 0 0

#Transform 47
Transform: AffineTransform_float_3_3
Parameters: 1 -0.000329328 0.000553761 0.000330403 1 -0.00114782 -0.000553984 0.00114818 0.999999 0.0125833 0.0440485 0.0853308
FixedParameters: 0 0 0

#Transform 48
Transform: AffineTransform_float_3_3
Parameters: 1 -0.000797185 0.000670741 0.000799043 0.999999 -0.00167747 -0.000670024 0.00167854 0.999999 0.00995208 0.0591793 0.0554523
FixedParameters: 0 0 0

#Transform 49
Transform: AffineTransform_float_3_3
Parameters: 1 -0.000413163 0.000841063 0.000414346 0.999999 -0.00140265 -0.000840686 0.00140335 0.999998 -0.0147388 0.0660764 0.0515597
FixedParameters: 0 0 0

#Transform 50
Transform: AffineTransform_float_3_3
Parameters: 1 -0.000230291 0.00104407 0.000232514 0.999999 -0.00162776 -0.0010441 0.00162824 0.999998 -0.0179613 0.0633096 0.0223563
FixedParameters: 0 0 0

#Transform 51
Transform: AffineTransform_float_3_3
Parameters: 0.999999 -0.000667426 0.00114836 0.000668525 0.999999 -0.0015032 -0.00114793 0.00150381 0.999999 -0.0203793 0.0241319 0.0180195
FixedParameters: 0 0 0

#Transform 52
Transform: AffineTransform_float_3_3
Parameters: 0.999999 -0.000378877 0.0008995 0.000380405 0.999998 -0.00150362 -0.000899144 0.00150338 0.999998 -0.0278282 0.0465446 -0.000337265
FixedParameters: 0 0 0

#Transform 53
Transform: AffineTransform_float_3_3
Parameters: 1 -0.000682923 0.000828969 0.000683902 0.999999 -0.0013004 -0.000827976 0.0013006 0.999999 -0.0149044 0.0817005 0.0117028
FixedParameters: 0 0 0

#Transform 54
Transform: AffineTransform_float_3_3
Parameters: 0.999999 -0.000288981 0.000752911 0.000290409 0.999998 -0.00160059 -0.000751787 0.00160141 0.999999 -0.0119037 0.0314865 0.0114307
FixedParameters: 0 0 0

#Transform 55
Transform: AffineTransform_float_3_3
Parameters: 1 -0.000422725 0.00107577 0.000424281 0.999999 -0.00172651 -0.00107489 0.00172649 0.999998 -0.00790182 0.0436485 0.0247354
FixedParameters: 0 0 0

#Transform 56
Transform: AffineTransform_float_3_3
Parameters: 0.999998 -0.000912641 0.00171945 0.00091164 0.999999 0.000576645 -0.0017207 -0.000575354 0.999998 0.00900161 -0.00902398 0.127037
FixedParameters: 0 0 0

#Transform 57
Transform: AffineTransform_float_3_3
Parameters: 0.99999 -0.000818384 0.00443647 0.00080268 0.999994 0.00353821 -0.00444024 -0.00353479 0.999984 -0.0223847 -0.0995797 0.227945
FixedParameters: 0 0 0

#Transform 58
Transform: AffineTransform_float_3_3
Parameters: 0.999974 -0.000678904 0.00711043 0.000642639 0.999987 0.00511647 -0.00711326 -0.00511154 0.999962 -0.027373 -0.0496082 0.322279
FixedParameters: 0 0 0

#Transform 59
Transform: AffineTransform_float_3_3
Parameters: 0.999993 0.000106859 0.00370072 -0.000119745 0.999994 0.00338381 -0.00370035 -0.00338419 0.999987 0.0390523 0.0727859 0.211972
FixedParameters: 0 0 0

#Transform 60
Transform: AffineTransform_float_3_3
Parameters: 0.999997 0.000869328 0.00228113 -0.000870412 0.999999 0.000623554 -0.00228142 -0.000625447 0.999997 -0.013498 0.0716563 0.0900178
FixedParameters: 0 0 0

#Transform 61
Transform: AffineTransform_float_3_3
Parameters: 0.999997 0.000917978 0.00201832 -0.000918537 0.999999 0.000137492 -0.00201807 -0.000139507 0.999998 -0.0174753 0.0020374 0.0809053
FixedParameters: 0 0 0

#Transform 62
Transform: AffineTransform_float_3_3
Parameters: 0.999997 0.00081373 0.00199311 -0.00081295 1 -0.000196275 -0.00199343 0.000194724 0.999998 -0.0206412 0.0308859 0.0570617
FixedParameters: 0 0 0

#Transform 63
Transform: AffineTransform_float_3_3
Parameters: 0.999998 0.000889096 0.00138107 -0.000887826 1 -0.000815074 -0.00138232 0.000813927 0.999999 -0.02613 0.106338 0.047922
FixedParameters: 0 0 0

#Transform 64
Transform: AffineTransform_float_3_3
Parameters: 0.999999 0.000798497 0.00135864 -0.000800554 0.999998 0.00147907 -0.00135667 -0.00147993 0.999998 -0.0139765 0.00145237 0.1133
FixedParameters: 0 0 0

#Transform 65
Transform: AffineTransform_float_3_3
Parameters: 0.999982 0.000947161 0.00595315 -0.000993117 0.999969 0.00774872 -0.00594634 -0.00775427 0.999952 -0.0494995 -0.0283486 0.474406
FixedParameters: 0 0 0

#Transform 66
Transform: AffineTransform_float_3_3
Parameters: 0.999998 0.00113009 0.00164767 -0.00113861 0.999985 0.00527028 -0.00164257 -0.00527271 0.999984 0.0574309 0.0628431 0.46691
FixedParameters: 0 0 0

#Transform 67
Transform: AffineTransform_float_3_3
Parameters: 1 7.88118e-05 5.89381e-05 -7.82566e-05 0.999994 0.00362 -5.85655e-05 -0.00362001 0.999994 -0.00878146 -0.00346074 0.134069
FixedParameters: 0 0 0

#Transform 68
Transform: AffineTransform_float_3_3
Parameters: 0.999999 0.000365427 0.00151084 -0.0003687 0.999997 0.00238164 -0.00150987 -0.00238236 0.999996 -0.0281013 0.0293896 0.143434
FixedParameters: 0 0 0

#Transform 69
Transform: AffineTransform_float_3_3
Parameters: 0.999999 0.000885101 0.00122297 -0.000888151 0.999996 0.00269207 -0.00122094 -0.00269293 0.999996 0.0210507 0.0943859 0.30182
FixedParameters: 0 0 0

#Transform 70
Transform: AffineTransform_float_3_3
Parameters: 0.999999 0.000207874 0.00140827 -0.000214073 0.999991 0.00429089 -0.00140764 -0.0042911 0.99999 -0.00809046 -0.0256404 0.202413
FixedParameters: 0 0 0

#Transform 71
Transform: AffineTransform_float_3_3
Parameters: 0.999998 -6.91344e-05 0.00208375 6.39684e-05 0.999997 0.00251056 -0.0020831 -0.00251044 0.999994 -0.0111327 -0.0279521 0.171425
FixedParameters: 0 0 0

#Transform 72
Transform: AffineTransform_float_3_3
Parameters: 0.999998 -0.0001971 0.00208144 0.000192716 0.999996 0.00256083 -0.00208165 -0.00256017 0.999994 -0.025636 -0.00204504 0.128627
FixedParameters: 0 0 0

#Transform 73
Transform: AffineTransform_float_3_3
Parameters: 0.999998 -0.00019338 0.00197479 0.000187965 0.999997 0.0024138 -0.00197551 -0.0024132 0.999995 -0.0385353 0.00988219 0.108872
FixedParameters: 0 0 0

#Transform 74
Transform: AffineTransform_float_3_3
Parameters: 0.999998 0.000155943 0.00192737 -0.00015953 0.999998 0.00194808 -0.00192754 -0.00194792 0.999996 -0.0324219 0.0468825 0.112451
FixedParameters: 0 0 0

#Transform 75
Transform: AffineTransform_float_3_3
Parameters: 0.999997 0.000421884 0.0024712 -0.000423893 1 0.000604531 -0.00247088 -0.000605468 0.999996 -0.00170447 0.0282143 0.137655
FixedParameters: 0 0 0

#Transform 76
Transform: AffineTransform_float_3_3
Parameters: 0.999998 0.000375644 0.00223977 -0.000377644 0.999999 0.000664771 -0.00223946 -0.000666228 0.999998 0.00215681 -0.00805706 0.101523
FixedParameters: 0 0 0

#Transform 77
Transform: AffineTransform_float_3_3
Parameters: 0.999998 -0.000116906 0.00195973 0.000116563 1 0.000337652 -0.00196 -0.000337349 0.999998 -0.0102687 0.028384 0.0725424
FixedParameters: 0 0 0

#Transform 78
Transform: AffineTransform_float_3_3
Parameters: 0.999997 7.81766e-05 0.00212757 -8.07239e-05 1 0.00105925 -0.00212779 -0.00105975 0.999997 -0.0151576 0.0467015 0.0987508
FixedParameters: 0 0 0

#Transform 79
Transform: AffineTransform_float_3_3
Parameters: 0.999998 0.000209397 0.00224123 -0.000211085 0.999999 0.000814105 -0.00224128 -0.000813895 0.999997 -0.000663354 0.0844707 0.121727
FixedParameters: 0 0 0

#Transform 80
Transform: AffineTransform_float_3_3
Parameters: 0.999997 0.000229368 0.00248602 -0.000231822 0.999999 0.000888195 -0.002486 -0.000887804 0.999997 -0.0319246 0.0166843 0.0792795
FixedParameters: 0 0 0

#Transform 81
Transform: AffineTransform_float_3_3
Parameters: 0.999998 -0.000219996 0.00224734 0.000219888 0.999999 0.000503956 -0.00224698 -0.000504045 0.999997 -0.0284717 0.0327246 0.0795617
FixedParameters: 0 0 0

#Transform 82
Transform: AffineTransform_float_3_3
Parameters: 0.999998 -0.000106448 0.00198937 0.000106046 1 0.000101595 -0.00198939 -0.000100404 0.999998 -0.0473713 0.0558352 0.0464351
FixedParameters: 0 0 0

#Transform 83
Transform: AffineTransform_float_3_3
Parameters: 0.999993 3.07662e-05 0.00388611 -3.75071e-05 0.999999 0.00164933 -0.00388619 -0.00164967 0.999991 0.0539201 0.152975 0.575874
FixedParameters: 0 0 0

#Transform 84
Transform: AffineTransform_float_3_3
Parameters: 0.999995 0.00139445 0.00259091 -0.00140049 0.999997 0.00222488 -0.00258782 -0.00222912 0.999994 0.0269752 0.038897 0.426114
FixedParameters: 0 0 0

#Transform 85
Transform: AffineTransform_float_3_3
Parameters: 0.999999 0.00154102 0.00100539 -0.00154079 0.999999 -0.000112588 -0.00100573 0.000110412 1 0.0117275 0.0666947 0.24479
FixedParameters: 0 0 0

#Transform 86
Transform: AffineTransform_float_3_3
Parameters: 0.999998 0.00112618 0.00121583 -0.00112598 0.999999 -8.22153e-05 -0.00121601 8.07844e-05 0.999999 0.0100336 0.0414171 0.248966
FixedParameters: 0 0 0

#Transform 87
Transform: AffineTransform_float_3_3
Parameters: 0.999998 0.00110119 0.0015219 -0.00110185 0.999999 0.000215439 -0.00152142 -0.00021656 0.999998 0.00344231 0.0275392 0.24218
FixedParameters: 0 0 0

#Transform 88
Transform: AffineTransform_float_3_3
Parameters: 0.999998 0.00149144 0.00137898 -0.0014916 0.999999 0.000410867 -0.00137795 -0.000413133 0.999999 -0.00384611 0.0513479 0.243517
FixedParameters: 0 0 0

#Transform 89
Transform: AffineTransform_float_3_3
Parameters: 0.999999 0.00137159 0.00112695 -0.0013711 0.999999 -0.000128584 -0.00112632 0.000126417 1 0.000328946 0.0706953 0.23547
FixedParameters: 0 0 0

#Transform 90
Transform: AffineTransform_float_3_3
Parameters: 0.999998 0.00126556 0.000990212 -0.00126556 1 -2.29157e-06 -0.000990215 7.08427e-07 1 0.0114778 0.076944 0.250107
FixedParameters: 0 0 0

#Transform 91
Transform: AffineTransform_float_3_3
Parameters: 0.999987 0.000953232 0.00505903 -0.00098558 0.999978 0.00651359 -0.00505207 -0.0065184 0.999965 -0.0281324 -0.0238087 0.463512
FixedParameters: 0 0 0

#Transform 92
Transform: AffineTransform_float_3_3
Parameters: 0.999967 0.0021252 0.00775341 -0.00220765 0.99994 0.0107502 -0.00772973 -0.0107668 0.999912 -0.0633174 -0.0496893 0.543177
FixedParameters: 0 0 0

#Transform 93
Transform: AffineTransform_float_3_3
Parameters: 0.999986 0.00155361 0.00504309 -0.00159701 0.999962 0.00851064 -0.0050288 -0.00851835 0.999951 -0.0347479 0.0107221 0.498588
FixedParameters: 0 0 0

#Transform 94
Transform: AffineTransform_float_3_3
Parameters: 0.999994 0.00101538 0.00332681 -0.0010368 0.999979 0.00640851 -0.00331992 -0.00641249 0.999973 0.00129993 0.0293149 0.411927
FixedParameters: 0 0 0

#Transform 95
Transform: AffineTransform_float_3_3
Parameters: 0.999994 0.00134551 0.0032002 -0.00135901 0.999991 0.00401071 -0.00319483 -0.00401428 0.999987 0.00689787 0.0473122 0.348083
FixedParameters: 0 0 0

#Transform 96
Transform: AffineTransform_float_3_3
Parameters: 0.999992 0.00253443 0.00308066 -0.00254371 0.999992 0.00293888 -0.00307258 -0.00294612 0.999991 -0.00631132 0.0429672 0.349398
FixedParameters: 0 0 0

#Transform 97
Transform: AffineTransform_float_3_3
Parameters: 0.999993 0.00218422 0.00284433 -0.00219113 0.999994 0.00262836 -0.0028385 -0.00263464 0.999993 -0.0247372 0.0227702 0.28287
FixedParameters: 0 0 0

#Transform 98
Transform: AffineTransform_float_3_3
Parameters: 0.999996 0.00141372 0.00226786 -0.00141839 0.999996 0.00202429 -0.00226507 -0.00202771 0.999995 -0.0159292 0.0907924 0.273561
FixedParameters: 0 0 0

#Transform 99
Transform: AffineTransform_float_3_3
Parameters: 0.999996 0.00107747 0.00261385 -0.0010842 0.999997 0.00237587 -0.00261087 -0.00237813 0.999994 -0.0423345 0.0538819 0.260557
FixedParameters: 0 0 0

#Transform 100
Transform: AffineTransform_float_3_3
Parameters: 0.999994 0.0021303 0.00298002 -0.00214538 0.999985 0.00506922 -0.00296951 -0.00507578 0.999982 0.0166877 0.089771 0.470911
FixedParameters: 0 0 0

#Transform 101
Transform: AffineTransform_float_3_3
Parameters: 0.999993 0.00227968 0.00277016 -0.00229083 0.999988 0.00421022 -0.0027615 -0.00421578 0.999987 0.00723691 0.046657 0.424117
FixedParameters: 0 0 0

#Transform 102
Transform: AffineTransform_float_3_3
Parameters: 0.999978 0.00246693 0.00614018 -0.00251877 0.999962 0.00846122 -0.00611854 -0.00847579 0.999945 -0.023999 -0.00436423 0.511676
FixedParameters: 0 0 0

#Transform 103
Transform: AffineTransform_float_3_3
Parameters: 0.999986 0.00277248 0.0043421 -0.00280964 0.99996 0.0085653 -0.00431798 -0.0085777 0.999954 -0.00366848 0.0165935 0.517513
FixedParameters: 0 0 0

#Transform 104
Transform: AffineTransform_float_3_3
Parameters: 0.999996 0.00194373 0.00230057 -0.00195112 0.999992 0.00331295 -0.00229433 -0.00331705 0.999992 0.0124219 0.0774138 0.371443
FixedParameters: 0 0 0

#Transform 105
Transform: AffineTransform_float_3_3
Parameters: 0.999995 0.00208349 0.00236549 -0.0020912 0.999993 0.0030823 -0.00235908 -0.0030877 0.999992 0.00210779 0.0792119 0.358362
FixedParameters: 0 0 0

#Transform 106
Transform: AffineTransform_float_3_3
Parameters: 0.999995 0.00203952 0.00213826 -0.00204562 0.999994 0.00280487 -0.00213307 -0.00280913 0.999994 -0.000643264 0.0576185 0.360072
FixedParameters: 0 0 0

#Transform 107
Transform: AffineTransform_float_3_3
Parameters: 0.999996 0.00168408 0.00255775 -0.00169078 0.999994 0.00273034 -0.00255304 -0.00273466 0.999993 0.00456097 0.089381 0.331052
FixedParameters: 0 0 0

#Transform 108
Transform: AffineTransform_float_3_3
Parameters: 0.999996 0.00164155 0.00233631 -0.00164709 0.999996 0.00231862 -0.0023328 -0.00232238 0.999994 0.00468445 0.130498 0.37186
FixedParameters: 0 0 0

#Transform 109
Transform: AffineTransform_float_3_3
Parameters: 0.999997 0.00120208 0.00220227 -0.00120801 0.999995 0.00281785 -0.0021988 -0.00282015 0.999994 0.011797 0.0312038 0.374864
FixedParameters: 0 0 0

#Transform 110
Transform: AffineTransform_float_3_3
Parameters: 0.999997 0.00119128 0.00220372 -0.00119626 0.999997 0.00192987 -0.00220185 -0.00193213 0.999996 0.00995624 0.0343597 0.341293
FixedParameters: 0 0 0

#Transform 111
Transform: AffineTransform_float_3_3
Parameters: 0.999997 0.00128104 0.00234695 -0.00128492 0.999998 0.00182949 -0.00234421 -0.00183251 0.999996 -0.000683946 0.0740669 0.33306
FixedParameters: 0 0 0

#Transform 112
Transform: AffineTransform_float_3_3
Parameters: 0.999997 0.00119641 0.00243803 -0.00120105 0.999998 0.00171558 -0.00243568 -0.00171842 0.999996 -0.0158701 0.087157 0.30467
FixedParameters: 0 0 0

#Transform 113
Transform: AffineTransform_float_3_3
Parameters: 0.999997 0.00118699 0.00220436 -0.00119054 0.999998 0.00164873 -0.0022022 -0.00165227 0.999996 -0.00535125 0.0811283 0.320272
FixedParameters: 0 0 0

#Transform 114
Transform: AffineTransform_float_3_3
Parameters: 0.999988 0.00209571 0.00455952 -0.00213373 0.999964 0.00826626 -0.00454218 -0.00827574 0.999955 0.118402 0.290801 1.14991
FixedParameters: 0 0 0

#Transform 115
Transform: AffineTransform_float_3_3
Parameters: 0.999993 0.0021935 0.00286939 -0.0021993 0.999995 0.00223924 -0.00286503 -0.00224476 0.999993 0.0288384 0.0622068 0.490041
FixedParameters: 0 0 0

#Transform 116
Transform: AffineTransform_float_3_3
Parameters: 0.999994 0.00180274 0.00289878 -0.00180498 0.999998 0.000688387 -0.00289766 -0.000693613 0.999995 -0.000158344 0.0883291 0.36977
FixedParameters: 0 0 0

#Transform 117
Transform: AffineTransform_float_3_3
Parameters: 0.999995 0.00137781 0.00284183 -0.00138017 0.999999 0.000896774 -0.00284092 -0.000901227 0.999996 0.0002067 0.0898822 0.36442
FixedParameters: 0 0 0

#Transform 118
Transform: AffineTransform_float_3_3
Parameters: 0.999997 0.000824979 0.00255507 -0.000826219 0.999999 0.000625621 -0.00255443 -0.000627379 0.999997 0.0042041 0.0749609 0.333073
FixedParameters: 0 0 0

#Transform 119
Transform: AffineTransform_float_3_3
Parameters: 0.999995 0.000915696 0.00278869 -0.00091663 0.999999 0.000166175 -0.00278838 -0.000168824 0.999996 -0.00337781 0.0764521 0.305251
FixedParameters: 0 0 0
