#Insight Transform File V1.0
#Transform 0
Transform: AffineTransform_float_3_3
Parameters: 0.999994 0.000926182 -0.0032472 -0.000927868 1 -0.000411343 0.00324755 0.000415131 0.999995 -0.117311 -0.10773 0.0543569
FixedParameters: 0 0 0

#Transform 1
Transform: AffineTransform_float_3_3
Parameters: 0.999993 0.000503958 -0.0035392 -0.000503891 1 0.000111086 0.00353876 -0.000109305 0.999994 -0.110909 -0.0876587 0.0269533
FixedParameters: 0 0 0

#Transform 2
Transform: AffineTransform_float_3_3
Parameters: 0.999993 0.000606725 -0.00355981 -0.000606225 1 0.000107709 0.00356026 -0.000105839 0.999994 -0.108916 -0.0782695 0.0274588
FixedParameters: 0 0 0

#Transform 3
Transform: AffineTransform_float_3_3
Parameters: 0.999993 0.000477232 -0.00356451 -0.000477325 1 -4.18119e-05 0.00356356 4.41815e-05 0.999993 -0.112484 -0.0683574 0.0574535
FixedParameters: 0 0 0

#Transform 4
Transform: AffineTransform_float_3_3
Parameters: 0.999994 0.000484166 -0.00344149 -0.000483384 1 6.86317e-05 0.00344061 -6.77434e-05 0.999995 -0.111372 -0.0755187 0.058761
FixedParameters: 0 0 0

#Transform 5
Transform: AffineTransform_float_3_3
Parameters: 0.999994 0.00066601 -0.00338365 -0.000667153 1 -0.000126149 0.00338404 0.000128279 0.999994 -0.10848 -0.0900815 0.0408638
FixedParameters: 0 0 0

#Transform 6
Transform: AffineTransform_float_3_3
Parameters: 0.999994 0.000603058 -0.00335876 -0.000602667 1 0.000101111 0.00335944 -9.94422e-05 0.999994 -0.107892 -0.0939581 0.0388486
FixedParameters: 0 0 0

#Transform 7
Transform: AffineTransform_float_3_3
Parameters: 0.999994 0.000658173 -0.00343927 -0.000658255 1 9.30939e-05 0.00343885 -9.03519e-05 0.999994 -0.109042 -0.0744428 0.0364613
FixedParameters: 0 0 0

#Transform 8
Transform: AffineTransform_float_3_3
Parameters: 0.999994 0.00065359 -0.00337906 -0.000654625 1 -0.000247421 0.00337894 0.000249538 0.999994 -0.108517 -0.0923391 0.041375
FixedParameters: 0 0 0

#Transform 9
Transform: AffineTransform_float_3_3
Parameters: 0.999996 0.000135442 -0.00284382 -0.00013599 1 1.3326e-06 0.00284426 -1.48246e-06 0.999996 -0.0830656 -0.0591715 0.0833046
FixedParameters: 0 0 0

#Transform 10
Transform: AffineTransform_float_3_3
Parameters: 0.999998 0.00015645 -0.00189984 -0.000159681 0.999999 -0.00157631 0.00190037 0.00157574 0.999997 -0.0560319 -0.0260726 0.0866234
FixedParameters: 0 0 0

#Transform 11
Transform: AffineTransform_float_3_3
Parameters: 0.999998 7.41553e-05 -0.00214518 -7.63449e-05 0.999999 -0.00108864 0.00214533 0.0010884 0.999997 -0.0616444 -0.0247676 0.0221453
FixedParameters: 0 0 0

#Transform 12
Transform: AffineTransform_float_3_3
Parameters: 0.999998 0.000244204 -0.00221165 -0.000247002 0.999999 -0.00117571 0.00221118 0.00117691 0.999997 -0.0593889 -0.0582804 0.016725
FixedParameters: 0 0 0

#Transform 13
Transform: AffineTransform_float_3_3
Parameters: 0.999997 0.000252745 -0.00248312 -0.000255397 0.999999 -0.00103793 0.00248267 0.00103857 0.999997 -0.065114 -0.0407963 0.0141271
FixedParameters: 0 0 0

#Transform 14
Transform: AffineTransform_float_3_3
Parameters: 0.999997 0.000447361 -0.00229028 -0.000448697 0.999999 -0.000854568 0.00228978 0.000855328 0.999997 -0.0701404 -0.0496125 0.00980284
FixedParameters: 0 0 0

#Transform 15
Transform: AffineTransform_float_3_3
Parameters: 0.999997 0.000219088 -0.0024694 -0.000220577 1 -0.000528481 0.00246873 0.000529527 0.999997 -0.0758268 -0.0345108 0.0298558
FixedParameters: 0 0 0

#Transform 16
Transform: AffineTransform_float_3_3
Parameters: 0.999997 0.000482575 -0.00230309 -0.000483177 1 -0.000210922 0.00230297 0.000211628 0.999998 -0.0733693 -0.0553231 -0.000263488
FixedParameters: 0 0 0

#Transform 17
Transform: AffineTransform_float_3_3
Parameters: 0.999997 0.000136165 -0.00216897 -0.000137665 1 -0.000604839 0.00216837 0.000604719 0.999997 -0.0486858 -0.0436707 0.00116675
FixedParameters: 0 0 0

#Transform 18
Transform: AffineTransform_float_3_3
Parameters: 0.999997 0.000165236 -0.00217999 -0.000166423 0.999999 -0.000317145 0.00217981 0.00031775 0.999998 -0.0500822 -0.0614323 0.0216868
FixedParameters: 0 0 0

#Transform 19
Transform: AffineTransform_float_3_3
Parameters: 0.999999 0.000247317 -0.00087582 -0.000246832 1 0.000220773 0.000875891 -0.000221074 1 -0.0300173 -0.025946 0.0445746
FixedParameters: 0 0 0

#Transform 20
Transform: AffineTransform_float_3_3
Parameters: 1 0.000116391 -8.27858e-05 -0.000116432 1 -0.000249008 8.27278e-05 0.000249027 1 -0.0035917 -0.00770268 -0.0166454
FixedParameters: 0 0 0

#Transform 21
Transform: AffineTransform_float_3_3
Parameters: 1 -0.000490297 0.000153452 0.00049025 0.999999 -0.00124681 -0.000153337 0.00124688 0.999999 0.00365973 -0.00328038 -0.028235
FixedParameters: 0 0 0

#Transform 22
Transform: AffineTransform_float_3_3
Parameters: 0.999999 -0.000643736 -0.000508115 0.00064326 1 -0.000957753 0.00050788 0.000957099 1 -0.000280209 0.0184727 -0.0468645
FixedParameters: 0 0 0

#Transform 23
Transform: AffineTransform_float_3_3
Parameters: 1 -0.000550074 -0.000310605 0.00054957 0.999999 -0.000811471 0.000311497 0.000811129 0.999999 -0.00115109 0.0349536 -0.0284869
FixedParameters: 0 0 0

#Transform 24
Transform: AffineTransform_float_3_3
Parameters: 0.999999 -0.000662873 -0.000534981 0.000662618 1 -0.00103332 0.000535794 0.00103268 1 -0.00513279 0.00760319 0.00433732
FixedParameters: 0 0 0

#Transform 25
Transform: AffineTransform_float_3_3
Parameters: 1 -0.000719003 -0.000108581 0.000719313 1 -0.000758133 0.000108439 0.000758043 0.999999 0.0116389 0.0209508 0.0393988
FixedParameters: 0 0 0

#Transform 26
Transform: AffineTransform_float_3_3
Parameters: 0.999999 -0.000879433 -0.000182086 0.000879453 0.999999 -0.00130687 0.000182917 0.00130654 0.999999 0.0167614 -0.0158126 -0.000971744
FixedParameters: 0 0 0

#Transform 27
Transform: AffineTransform_float_3_3
Parameters: 1 -0.000582949 -0.000297983 0.00058269 0.999999 -0.000434628 0.000298489 0.00043428 1 -0.000630878 0.0328017 0.0338192
FixedParameters: 0 0 0

#Transform 28
Transform: AffineTransform_float_3_3
Parameters: 1 -0.000521144 -0.000321983 0.000520711 1 -0.000519243 0.000322562 0.000519641 0.999999 -0.00608725 0.0148384 0.0290978
FixedParameters: 0 0 0

#Transform 29
Transform: AffineTransform_float_3_3
Parameters: 1 -0.000593711 -0.000293887 0.000593465 1 -0.000249509 0.000294221 0.000249893 1 -0.00709352 0.0227237 0.0395449
FixedParameters: 0 0 0

#Transform 30
Transform: AffineTransform_float_3_3
Parameters: 0.999999 -0.000616514 -0.00042212 0.000616509 1 -0.00101234 0.000422812 0.00101189 1 0.00323694 0.0212322 0.0141186
FixedParameters: 0 0 0

#Transform 31
Transform: AffineTransform_float_3_3
Parameters: 1 -0.000640155 -0.000319735 0.000639448 1 -0.000397828 0.000319372 0.000398082 0.999999 0.0120503 0.0207211 0.0748886
FixedParameters: 0 0 0

#Transform 32
Transform: AffineTransform_float_3_3
Parameters: 1 -0.000344729 0.000229509 0.000344891 1 -0.000352174 -0.000229266 0.000352332 1 -0.00715813 0.0185713 0.0522455
FixedParameters: 0 0 0

#Transform 33
Transform: AffineTransform_float_3_3
Parameters: 1 -0.000756529 -0.000662182 0.000756941 0.999999 0.000310767 0.000661711 -0.000311094 1 0.00641425 0.00728967 0.113603
FixedParameters: 0 0 0

#Transform 34
Transform: AffineTransform_float_3_3
Parameters: 1 -0.000600169 -0.000695101 0.000601186 0.999999 0.000731588 0.000694222 -0.000731748 1 -0.0107962 0.0674676 0.0837386
FixedParameters: 0 0 0

#Transform 35
Transform: AffineTransform_float_3_3
Parameters: 0.999999 -0.000758092 -0.00109483 0.000758162 1 3.14644e-05 0.00109478 -3.24495e-05 1 -0.0361472 0.0526183 0.129137
FixedParameters: 0 0 0

#Transform 36
Transform: AffineTransform_float_3_3
Parameters: 0.999998 -0.000882616 -0.0012318 0.000887383 0.999994 0.00320606 0.00122936 -0.00320696 0.999994 -0.0596411 -0.0578468 0.48108
FixedParameters: 0 0 0

#Transform 37
Transform: AffineTransform_float_3_3
Parameters: 0.999999 -0.000894062 -0.000776493 0.00089527 0.999997 0.00227627 0.000774969 -0.00227703 0.999997 -0.0174169 0.0682955 0.286596
FixedParameters: 0 0 0

#Transform 38
Transform: AffineTransform_float_3_3
Parameters: 0.999999 -0.000834522 -0.0015058 0.000838001 0.999997 0.00235277 0.00150386 -0.00235414 0.999996 -0.0107721 0.136289 0.197195
FixedParameters: 0 0 0

#Transform 39
Transform: AffineTransform_float_3_3
Parameters: 1 -0.000276202 -0.000562469 0.000277138 0.999999 0.00179258 0.000561445 -0.00179298 0.999998 0.000469737 0.070237 0.178771
FixedParameters: 0 0 0

#Transform 40
Transform: AffineTransform_float_3_3
Parameters: 0.999999 -0.000628397 0.00119 0.000628219 1 0.000296583 -0.00118931 -0.000296419 0.999999 0.0186386 0.0773794 0.124603
FixedParameters: 0 0 0

#Transform 41
Transform: AffineTransform_float_3_3
Parameters: 1 -0.000406238 0.000346412 0.000406029 1 0.000301057 -0.000346657 -0.000300775 1 0.0100187 0.0676633 0.149534
FixedParameters: 0 0 0

#Transform 42
Transform: AffineTransform_float_3_3
Parameters: 1 -0.000938278 6.13633e-05 0.000938532 1 0.000634909 -6.14093e-05 -0.000634657 0.999999 0.0255665 0.0749818 0.195363
FixedParameters: 0 0 0

#Transform 43
Transform: AffineTransform_float_3_3
Parameters: 1 -0.00106317 0.000109435 0.00106247 0.999999 0.000944894 -0.000109977 -0.000945335 0.999999 0.0202596 0.069642 0.214304
FixedParameters: 0 0 0

#Transform 44
Transform: AffineTransform_float_3_3
Parameters: 1 -0.000979714 7.70539e-05 0.00097989 0.999999 0.00100267 -7.7873e-05 -0.00100238 0.999999 0.0262297 0.068661 0.195717
FixedParameters: 0 0 0

#Transform 45
Transform: AffineTransform_float_3_3
Parameters: 1 -0.000925869 -4.37759e-05 0.000926323 0.999999 0.00115598 4.25461e-05 -0.00115599 1 0.0196403 0.0811779 0.201195
FixedParameters: 0 0 0

#Transform 46
Transform: AffineTransform_float_3_3
Parameters: 1 -0.00093738 0.00016353 0.000937456 0.999999 0.00107945 -0.000164447 -0.00107974 0.999999 0.0159244 0.0790757 0.194
FixedParameters: 0 0 0

#Transform 47
Transform: AffineTransform_float_3_3
Parameters: 1 -0.000891439 0.000231249 0.000891212 0.999999 0.00125287 -0.00023257 -0.00125238 0.999999 0.0181691 0.0773402 0.186009
FixedParameters: 0 0 0

#Transform 48
Transform: AffineTransform_float_3_3
Parameters: 1 0.000192757 0.000488342 -0.000192914 1 0.00016049 -0.00048828 -0.000160678 1 -0.0272947 0.0356031 0.178248
FixedParameters: 0 0 0

#Transform 49
Transform: AffineTransform_float_3_3
Parameters: 0.999999 -0.000815071 0.000434128 0.000814797 1 0.000427384 -0.000434864 -0.000428085 1 0.0159453 0.0866343 0.19366
FixedParameters: 0 0 0

#Transform 50
Transform: AffineTransform_float_3_3
Parameters: 1 -0.000874377 0.000396744 0.000874239 0.999999 0.000839129 -0.000397143 -0.000839765 1 0.0215416 0.0729668 0.180392
FixedParameters: 0 0 0

#Transform 51
Transform: AffineTransform_float_3_3
Parameters: 1 -0.00104684 0.000526233 0.00104679 1 0.000456983 -0.000526082 -0.000456478 1 0.0306996 0.109378 0.186469
FixedParameters: 0 0 0

#Transform 52
Transform: AffineTransform_float_3_3
Parameters: 1 -0.000859359 0.000479019 0.000859225 0.999999 0.000691027 -0.000479138 -0.000691534 1 0.0222805 0.0949294 0.191499
FixedParameters: 0 0 0

#Transform 53
Transform: AffineTransform_float_3_3
Parameters: 1 -0.000840778 0.000503909 0.000840431 1 0.000770461 -0.000504097 -0.00077021 0.999999 0.026681 0.0984601 0.197728
FixedParameters: 0 0 0

#Transform 54
Transform: AffineTransform_float_3_3
Parameters: 0.999999 -0.00141748 0.000335374 0.00141715 0.999998 0.00112754 -0.000337463 -0.00112786 0.999999 0.00436938 0.100886 0.197374
FixedParameters: 0 0 0

#Transform 55
Transform: AffineTransform_float_3_3
Parameters: 0.999998 -0.00176477 0.000722862 0.00176512 0.999998 -0.000379171 -0.000722041 0.000380316 1 0.0326385 0.107647 0.138679
FixedParameters: 0 0 0

#Transform 56
Transform: AffineTransform_float_3_3
Parameters: 0.999998 -0.00166639 0.000773479 0.00166577 0.999998 0.000794859 -0.000774861 -0.000794277 0.999999 0.0445773 0.114561 0.171045
FixedParameters: 0 0 0

#Transform 57
Transform: AffineTransform_float_3_3
Parameters: 0.999998 -0.00159609 0.00130848 0.00159499 0.999999 0.00111001 -0.0013104 -0.00110769 0.999999 0.0624951 0.130623 0.207403
FixedParameters: 0 0 0

#Transform 58
Transform: AffineTransform_float_3_3
Parameters: 0.999998 -0.0013716 0.00131038 0.00136896 0.999996 0.00228733 -0.00131376 -0.00228538 0.999996 0.0451893 0.164817 0.224048
FixedParameters: 0 0 0

#Transform 59
Transform: AffineTransform_float_3_3
Parameters: 0.999998 -0.00134512 0.00131141 0.00134216 0.999996 0.00251803 -0.00131457 -0.00251609 0.999996 0.0463569 0.112772 0.234298
FixedParameters: 0 0 0

#Transform 60
Transform: AffineTransform_float_3_3
Parameters: 0.999998 -0.00131623 0.00132449 0.00131378 0.999996 0.0022322 -0.00132751 -0.00223109 0.999996 0.0479059 0.127007 0.212574
FixedParameters: 0 0 0

#Transform 61
Transform: AffineTransform_float_3_3
Parameters: 0.999998 -0.00143634 0.00129036 0.0014339 0.999997 0.0017831 -0.00129295 -0.00178118 0.999997 0.0486282 0.145784 0.193599
FixedParameters: 0 0 0

#Transform 62
Transform: AffineTransform_float_3_3
Parameters: 0.999998 -0.00141231 0.00122115 0.0014093 0.999997 0.00223148 -0.0012242 -0.00222975 0.999996 0.0459721 0.109587 0.231703
FixedParameters: 0 0 0

#Transform 63
Transform: AffineTransform_float_3_3
Parameters: 0.999998 -0.00142191 0.00144749 0.00141975 0.999999 0.00137357 -0.00144977 -0.00137131 0.999998 0.0444266 0.135908 0.177713
FixedParameters: 0 0 0

#Transform 64
Transform: AffineTransform_float_3_3
Parameters: 0.999998 -0.00154943 0.00107408 0.00154797 0.999998 0.00152234 -0.00107717 -0.00152087 0.999998 0.0318219 0.157017 0.222728
FixedParameters: 0 0 0

#Transform 65
Transform: AffineTransform_float_3_3
Parameters: 0.999999 -0.00138627 0.00100755 0.0013824 0.999994 0.00318813 -0.00101281 -0.00318634 0.999995 -0.0108838 0.07585 0.364859
FixedParameters: 0 0 0

#Transform 66
Transform: AffineTransform_float_3_3
Parameters: 1 -0.000852927 0.000352891 0.000851462 0.999994 0.00352626 -0.000356234 -0.00352609 0.999994 -0.0437041 0.105869 0.403512
FixedParameters: 0 0 0

#Transform 67
Transform: AffineTransform_float_3_3
Parameters: 0.999999 -0.00136549 -0.00023994 0.00136609 0.999987 0.00493431 0.000233272 -0.00493472 0.999988 -0.00236087 0.196579 0.353139
FixedParameters: 0 0 0

#Transform 68
Transform: AffineTransform_float_3_3
Parameters: 0.999999 -0.00117072 -0.000315315 0.00117306 0.999985 0.00541099 0.000308496 -0.00541143 0.999985 -0.00242517 0.177432 0.355321
FixedParameters: 0 0 0

#Transform 69
Transform: AffineTransform_float_3_3
Parameters: 1 -0.000202647 0.000399689 0.000200345 0.999988 0.00475997 -0.000400476 -0.00475953 0.999988 -0.0431156 0.114215 0.399003
FixedParameters: 0 0 0

#Transform 70
Transform: AffineTransform_float_3_3
Parameters: 1 -0.000966242 0.000698569 0.000965543 0.999999 0.00062479 -0.000699619 -0.00062484 1 0.0265645 0.148476 0.223513
FixedParameters: 0 0 0

#Transform 71
Transform: AffineTransform_float_3_3
Parameters: 0.999998 -0.00128074 0.000901714 0.0012799 0.999998 0.00137115 -0.00090376 -0.0013693 0.999999 0.0279373 0.156616 0.224601
FixedParameters: 0 0 0

#Transform 72
Transform: AffineTransform_float_3_3
Parameters: 0.999999 -0.00135751 0.000411398 0.00135685 0.999997 0.00199186 -0.000414266 -0.00199121 0.999998 0.0234902 0.142461 0.240119
FixedParameters: 0 0 0

#Transform 73
Transform: AffineTransform_float_3_3
Parameters: 1 -0.000958351 0.00043074 0.00095746 0.999997 0.00217515 -0.000432369 -0.00217479 0.999997 0.0416125 0.151265 0.268043
FixedParameters: 0 0 0

#Transform 74
Transform: AffineTransform_float_3_3
Parameters: 0.999999 -0.00132822 0.000399511 0.00132637 0.999996 0.00238326 -0.000402939 -0.00238342 0.999997 0.0387866 0.15067 0.295948
FixedParameters: 0 0 0

#Transform 75
Transform: AffineTransform_float_3_3
Parameters: 0.999998 -0.00187731 0.000840828 0.0018747 0.999994 0.00280742 -0.00084589 -0.00280585 0.999995 0.0608623 0.162 0.27526
FixedParameters: 0 0 0

#Transform 76
Transform: AffineTransform_float_3_3
Parameters: 0.999998 -0.00146263 0.00105362 0.00145911 0.999995 0.00291873 -0.00105837 -0.00291731 0.999995 0.043016 0.175602 0.295177
FixedParameters: 0 0 0

#Transform 77
Transform: AffineTransform_float_3_3
Parameters: 0.999999 -0.00137753 0.000689709 0.00137611 0.999995 0.00293705 -0.00069403 -0.00293681 0.999996 0.0422406 0.175204 0.275525
FixedParameters: 0 0 0

#Transform 78
Transform: AffineTransform_float_3_3
Parameters: 0.999999 -0.00147273 0.00059893 0.00147127 0.999996 0.00239865 -0.000602345 -0.00239794 0.999997 0.0494923 0.198913 0.183837
FixedParameters: 0 0 0

#Transform 79
Transform: AffineTransform_float_3_3
Parameters: 0.999998 -0.00124217 0.00103809 0.00124027 0.999998 0.00130235 -0.00103953 -0.00130104 0.999999 0.0604424 0.148117 0.122045
FixedParameters: 0 0 0

#Transform 80
Transform: AffineTransform_float_3_3
Parameters: 0.999999 -0.00113342 0.00088921 0.00113235 0.999999 0.00109521 -0.000889711 -0.00109512 0.999999 0.0401182 0.157436 0.238167
FixedParameters: 0 0 0

#Transform 81
Transform: AffineTransform_float_3_3
Parameters: 0.999999 -0.00132158 0.000961399 0.00131998 0.999998 0.00147221 -0.000962395 -0.00147086 0.999999 0.0438096 0.172395 0.1994
FixedParameters: 0 0 0

#Transform 82
Transform: AffineTransform_float_3_3
Parameters: 0.999999 -0.00130125 0.000512178 0.00130077 0.999999 0.00115957 -0.000513372 -0.00115877 1 0.0362108 0.153563 0.198691
FixedParameters: 0 0 0

#Transform 83
Transform: AffineTransform_float_3_3
Parameters: 0.999963 -0.00110293 0.00855882 0.00108229 0.999997 0.00234918 -0.00856155 -0.00233875 0.999961 0.170584 0.158285 0.169222
FixedParameters: 0 0 0

#Transform 84
Transform: AffineTransform_float_3_3
Parameters: 0.999998 -0.000949194 0.00199801 0.000947492 1 0.000834337 -0.00199873 -0.000832525 0.999997 0.06332 0.18991 0.231498
FixedParameters: 0 0 0

#Transform 85
Transform: AffineTransform_float_3_3
Parameters: 0.999996 -0.0014247 0.00247929 0.00142101 0.999997 0.00172166 -0.00248141 -0.00171841 0.999996 0.0716721 0.223532 0.173774
FixedParameters: 0 0 0

#Transform 86
Transform: AffineTransform_float_3_3
Parameters: 0.999996 -0.00156089 0.00231921 0.00155757 0.999998 0.00146306 -0.00232152 -0.00145973 0.999996 0.0799855 0.156698 0.18625
FixedParameters: 0 0 0

#Transform 87
Transform: AffineTransform_float_3_3
Parameters: 0.999998 -0.00137663 0.00154451 0.00137596 0.999999 0.00044781 -0.00154451 -0.00044629 0.999998 0.0670054 0.159914 0.169913
FixedParameters: 0 0 0

#Transform 88
Transform: AffineTransform_float_3_3
Parameters: 0.999997 -0.00149878 0.00211791 0.00149737 0.999999 0.000760716 -0.00211916 -0.000757748 0.999997 0.0698754 0.176253 0.180107
FixedParameters: 0 0 0

#Transform 89
Transform: AffineTransform_float_3_3
Parameters: 0.999996 -0.00175714 0.00216219 0.00175473 0.999998 0.000784648 -0.0021636 -0.000781243 0.999997 0.0725829 0.159714 0.162868
FixedParameters: 0 0 0

#Transform 90
Transform: AffineTransform_float_3_3
Parameters: 0.999996 -0.00193917 0.00233568 0.00193592 0.999997 0.00119696 -0.00233822 -0.00119261 0.999996 0.0923526 0.181087 0.158442
FixedParameters: 0 0 0

#Transform 91
Transform: AffineTransform_float_3_3
Parameters: 0.999995 -0.00215296 0.00253987 0.00215142 0.999998 0.000797374 -0.00254104 -0.00079255 0.999996 0.104169 0.199909 0.173719
FixedParameters: 0 0 0

#Transform 92
Transform: AffineTransform_float_3_3
Parameters: 0.999995 -0.00212401 0.00253195 0.00212097 0.999997 0.00108301 -0.00253448 -0.0010777 0.999997 0.093998 0.188845 0.17889
FixedParameters: 0 0 0

#Transform 93
Transform: AffineTransform_float_3_3
Parameters: 0.999994 -0.00219412 0.00233264 0.00219112 0.999997 0.00114592 -0.00233556 -0.00114107 0.999996 0.101823 0.195237 0.180247
FixedParameters: 0 0 0

#Transform 94
Transform: AffineTransform_float_3_3
Parameters: 0.999995 -0.00204181 0.002509 0.00203789 0.999997 0.0013372 -0.00251148 -0.00133233 0.999996 0.107186 0.192379 0.17268
FixedParameters: 0 0 0

#Transform 95
Transform: AffineTransform_float_3_3
Parameters: 0.999994 -0.00234383 0.00235637 0.00233958 0.999995 0.00176566 -0.00236111 -0.00176051 0.999996 0.102186 0.186152 0.179658
FixedParameters: 0 0 0

#Transform 96
Transform: AffineTransform_float_3_3
Parameters: 0.999996 -0.00220962 0.0022693 0.0022058 0.999996 0.0017152 -0.00227331 -0.00171034 0.999996 0.109989 0.210543 0.167743
FixedParameters: 0 0 0

#Transform 97
Transform: AffineTransform_float_3_3
Parameters: 0.999995 -0.00234625 0.00226091 0.00234287 0.999997 0.0014397 -0.00226354 -0.00143501 0.999996 0.0919763 0.196665 0.177461
FixedParameters: 0 0 0

#Transform 98
Transform: AffineTransform_float_3_3
Parameters: 0.999996 -0.00233671 0.00161607 0.00233838 0.999996 -0.00113979 -0.00161347 0.00114424 0.999998 0.0973184 0.171487 0.120365
FixedParameters: 0 0 0

#Transform 99
Transform: AffineTransform_float_3_3
Parameters: 0.999996 -0.00231531 0.0016684 0.00231451 0.999997 0.000498312 -0.00166908 -0.000494653 0.999998 0.10338 0.195564 0.148046
FixedParameters: 0 0 0

#Transform 100
Transform: AffineTransform_float_3_3
Parameters: 0.999996 -0.00229249 0.00159368 0.00229127 0.999997 0.000650845 -0.00159503 -0.000647603 0.999998 0.104441 0.203471 0.167038
FixedParameters: 0 0 0

#Transform 101
Transform: AffineTransform_float_3_3
Parameters: 0.999995 -0.00224832 0.00209854 0.00224741 0.999997 0.000751984 -0.00209978 -0.000746523 0.999998 0.109968 0.173348 0.159339
FixedParameters: 0 0 0

#Transform 102
Transform: AffineTransform_float_3_3
Parameters: 0.999996 -0.00222461 0.00183048 0.00222409 0.999998 0.000535037 -0.0018325 -0.000530948 0.999998 0.10868 0.208057 0.170312
FixedParameters: 0 0 0

#Transform 103
Transform: AffineTransform_float_3_3
Parameters: 0.999996 -0.00224433 0.0019777 0.0022443 0.999997 0.000485203 -0.00197864 -0.00048037 0.999998 0.0992268 0.197951 0.182738
FixedParameters: 0 0 0

#Transform 104
Transform: AffineTransform_float_3_3
Parameters: 0.999994 -0.00255753 0.00269048 0.00255919 0.999997 -0.000751523 -0.00268876 0.000758515 0.999996 0.124238 0.190269 0.203224
FixedParameters: 0 0 0

#Transform 105
Transform: AffineTransform_float_3_3
Parameters: 0.999992 -0.00314064 0.00216877 0.00314104 0.999995 2.10704e-05 -0.00216853 -1.43916e-05 0.999997 0.139089 0.205525 0.174749
FixedParameters: 0 0 0

#Transform 106
Transform: AffineTransform_float_3_3
Parameters: 0.999993 -0.00304418 0.00226429 0.00304257 0.999995 0.000546698 -0.00226657 -0.000539848 0.999998 0.150929 0.222074 0.165341
FixedParameters: 0 0 0

#Transform 107
Transform: AffineTransform_float_3_3
Parameters: 0.999993 -0.00323901 0.00220544 0.00323809 0.999994 0.000418714 -0.00220668 -0.00041129 0.999997 0.1565 0.222458 0.157087
FixedParameters: 0 0 0

#Transform 108
Transform: AffineTransform_float_3_3
Parameters: 0.999996 -0.00218032 0.00179325 0.00217887 0.999997 0.000748719 -0.00179421 -0.000744961 0.999999 0.132448 0.201335 0.193022
FixedParameters: 0 0 0

#Transform 109
Transform: AffineTransform_float_3_3
Parameters: 0.999995 -0.00217396 0.00247153 0.00217229 0.999997 0.000568563 -0.00247225 -0.000562671 0.999996 0.132252 0.205562 0.202095
FixedParameters: 0 0 0

#Transform 110
Transform: AffineTransform_float_3_3
Parameters: 0.999996 -0.00227359 0.00164887 0.00227399 0.999998 -0.000181513 -0.00164915 0.000184733 0.999998 0.128209 0.204355 0.175683
FixedParameters: 0 0 0

#Transform 111
Transform: AffineTransform_float_3_3
Parameters: 0.999996 -0.00215688 0.00178297 0.00215515 0.999997 0.00116423 -0.0017851 -0.00115971 0.999998 0.125568 0.215842 0.212953
FixedParameters: 0 0 0

#Transform 112
Transform: AffineTransform_float_3_3
Parameters: 0.999995 -0.0021642 0.00211218 0.00216136 0.999997 0.00106875 -0.00211339 -0.00106359 0.999997 0.132082 0.234391 0.195532
FixedParameters: 0 0 0

#Transform 113
Transform: AffineTransform_float_3_3
Parameters: 0.999995 -0.00221954 0.00224661 0.00221767 0.999997 0.000937884 -0.00224867 -0.000933296 0.999997 0.130394 0.230802 0.193034
FixedParameters: 0 0 0

#Transform 114
Transform: AffineTransform_float_3_3
Parameters: 0.999995 -0.00224631 0.00217546 0.00224454 0.999997 0.000944746 -0.0021776 -0.000940356 0.999997 0.130204 0.228461 0.190702
FixedParameters: 0 0 0

#Transform 115
Transform: AffineTransform_float_3_3
Parameters: 0.999995 -0.00210409 0.00223708 0.00210192 0.999997 0.0010096 -0.00223922 -0.0010049 0.999997 0.129043 0.230693 0.206176
FixedParameters: 0 0 0

#Transform 116
Transform: AffineTransform_float_3_3
Parameters: 0.999995 -0.00217857 0.00232265 0.00217608 0.999997 0.00104038 -0.00232508 -0.00103565 0.999997 0.129976 0.229971 0.203735
FixedParameters: 0 0 0

#Transform 117
Transform: AffineTransform_float_3_3
Parameters: 0.999995 -0.00213649 0.00224532 0.00213283 0.999996 0.00168101 -0.00224913 -0.00167592 0.999996 0.12614 0.232157 0.238368
FixedParameters: 0 0 0

#Transform 118
Transform: AffineTransform_float_3_3
Parameters: 0.999995 -0.00212188 0.00246591 0.00211957 0.999997 0.00105067 -0.0024672 -0.00104625 0.999996 0.130149 0.246231 0.207481
FixedParameters: 0 0 0

#Transform 119
Transform: AffineTransform_float_3_3
Parameters: 0.999995 -0.00210134 0.00225452 0.00209955 0.999997 0.000916516 -0.00225626 -0.000911752 0.999997 0.138543 0.234392 0.211004
FixedParameters: 0 0 0
