# transform file /out/sourcedata/freesurfer/sub-v2s15x29751_ses-1/mri/transforms/cc_up.lta
# created by oesteban on Wed Mar 11 10:38:08 2026

type      = 0 # LINEAR_VOX_TO_VOX
nxforms   = 1
mean      = 126.0000 131.0000 125.0000
sigma     = 10000.0000
1 4 4
9.991481304168701e-01 -3.984531015157700e-02 -1.073461025953293e-02 8.139502525329590e+00 
3.984301164746284e-02 9.992058277130127e-01 -4.280638240743428e-04 1.113131809234619e+01 
1.074314210563898e-02 0.000000000000000e+00 9.999422430992126e-01 5.656255245208740e+00 
0.000000000000000e+00 0.000000000000000e+00 0.000000000000000e+00 1.000000000000000e+00 
src volume info
valid = 1  # volume info valid
filename = /out/sourcedata/freesurfer/sub-v2s15x29751_ses-1/mri/norm.mgz
volume = 256 256 256
voxelsize = 1.000000000000000e+00 1.000000000000000e+00 1.000000000000000e+00
xras   = -1.000000000000000e+00 0.000000000000000e+00 0.000000000000000e+00
yras   = 0.000000000000000e+00 0.000000000000000e+00 -1.000000000000000e+00
zras   = 0.000000000000000e+00 1.000000000000000e+00 0.000000000000000e+00
cras   = 4.114265441894531e+00 8.376190185546875e+00 1.285389709472656e+01
dst volume info
valid = 1  # volume info valid
filename = /out/sourcedata/freesurfer/sub-v2s15x29751_ses-1/mri/norm.mgz
volume = 256 256 256
voxelsize = 1.000000000000000e+00 1.000000000000000e+00 1.000000000000000e+00
xras   = -1.000000000000000e+00 0.000000000000000e+00 0.000000000000000e+00
yras   = 0.000000000000000e+00 0.000000000000000e+00 -1.000000000000000e+00
zras   = 0.000000000000000e+00 1.000000000000000e+00 0.000000000000000e+00
cras   = 4.114265441894531e+00 8.376190185546875e+00 1.285389709472656e+01
