#Insight Transform File V1.0
#Transform 0
Transform: AffineTransform_float_3_3
Parameters: 0.999999 -0.00106976 0.000449068 0.00107057 0.999997 -0.00181975 -0.000447548 0.00181977 0.999999 -0.0461556 -0.127076 0.0674076
FixedParameters: 0 0 0

#Transform 1
Transform: AffineTransform_float_3_3
Parameters: 1 -0.000594402 0.00050742 0.000594668 0.999998 -0.00149969 -0.000506473 0.00149936 0.999999 -0.0456253 -0.106313 0.0814288
FixedParameters: 0 0 0

#Transform 2
Transform: AffineTransform_float_3_3
Parameters: 1 -0.000500963 0.000210118 0.000501507 0.999998 -0.00185373 -0.000208816 0.0018539 0.999998 -0.0431326 -0.0968624 0.0394671
FixedParameters: 0 0 0

#Transform 3
Transform: AffineTransform_float_3_3
Parameters: 0.999999 -0.000765743 0.000321328 0.0007663 0.999999 -0.00162346 -0.000319999 0.00162312 0.999998 -0.0449658 -0.0756566 -0.0248353
FixedParameters: 0 0 0

#Transform 4
Transform: AffineTransform_float_3_3
Parameters: 1 -0.000260751 0.0005439 0.000261862 1 -0.000999631 -0.000543715 0.000999204 1 -0.0385574 -0.101418 0.0512394
FixedParameters: 0 0 0

#Transform 5
Transform: AffineTransform_float_3_3
Parameters: 0.999999 -0.000559409 0.000669307 0.000559702 0.999999 -0.00126238 -0.000668671 0.0012629 0.999999 -0.0193736 -0.0984666 -0.0111106
FixedParameters: 0 0 0

#Transform 6
Transform: AffineTransform_float_3_3
Parameters: 0.999999 -0.000486677 0.000638963 0.000488626 0.999998 -0.00150697 -0.000637831 0.00150688 0.999999 -0.028005 -0.0963151 -0.0400019
FixedParameters: 0 0 0

#Transform 7
Transform: AffineTransform_float_3_3
Parameters: 0.999999 -0.00043689 0.000617729 0.000437259 0.999999 -0.0010177 -0.000616795 0.00101742 1 -0.0115478 -0.110557 0.0109296
FixedParameters: 0 0 0

#Transform 8
Transform: AffineTransform_float_3_3
Parameters: 0.999999 -0.000410926 0.00060697 0.000412269 0.999999 -0.0012022 -0.000606258 0.00120268 0.999999 0.00599127 -0.107717 0.0102832
FixedParameters: 0 0 0

#Transform 9
Transform: AffineTransform_float_3_3
Parameters: 1 -0.000483117 0.000190699 0.000483218 0.999998 -0.0015347 -0.000190374 0.00153476 0.999998 -0.00934404 -0.0843264 -0.0233695
FixedParameters: 0 0 0

#Transform 10
Transform: AffineTransform_float_3_3
Parameters: 1 -0.000249528 -0.0002045 0.000249262 1 -0.00065161 0.000204825 0.000651508 1 -0.00740835 -0.109229 -0.0519654
FixedParameters: 0 0 0

#Transform 11
Transform: AffineTransform_float_3_3
Parameters: 1 -0.00022242 0.000121356 0.00022265 0.999999 -0.00142926 -0.000120998 0.0014293 0.999999 -0.00543911 -0.035788 -0.059843
FixedParameters: 0 0 0

#Transform 12
Transform: AffineTransform_float_3_3
Parameters: 1 -0.000429138 -0.000129258 0.000428938 0.999999 -0.000772318 0.000129921 0.000772206 0.999999 -0.0129012 -0.0503945 -0.0291065
FixedParameters: 0 0 0

#Transform 13
Transform: AffineTransform_float_3_3
Parameters: 1 -5.89983e-05 -0.000197547 5.95445e-05 0.999999 -0.000926073 0.000197276 0.000926157 0.999999 -0.00243408 -0.0452174 -0.0831925
FixedParameters: 0 0 0

#Transform 14
Transform: AffineTransform_float_3_3
Parameters: 1 -7.43159e-05 0.000426805 7.48508e-05 1 -0.000626697 -0.000426712 0.00062676 0.999999 -0.0175211 -0.011576 -0.00909813
FixedParameters: 0 0 0

#Transform 15
Transform: AffineTransform_float_3_3
Parameters: 1 -0.000227179 0.000313844 0.000227137 1 6.73081e-05 -0.000313874 -6.71655e-05 1 -0.00999404 -0.0414715 0.0467513
FixedParameters: 0 0 0

#Transform 16
Transform: AffineTransform_float_3_3
Parameters: 1 -0.000150174 0.000281524 0.000150884 0.999999 0.00060815 -0.000282148 -0.000608652 1 -0.0288798 -0.0246486 0.0718751
FixedParameters: 0 0 0

#Transform 17
Transform: AffineTransform_float_3_3
Parameters: 1 -0.000206245 0.000305048 0.000206114 1 0.000214555 -0.000305136 -0.000214429 1 0.00712872 -0.00201162 -0.0436226
FixedParameters: 0 0 0

#Transform 18
Transform: AffineTransform_float_3_3
Parameters: 1 -0.000183914 0.000388947 0.000183806 1 0.000138465 -0.000388998 -0.000138322 1 -0.00493132 -0.0257374 0.0512129
FixedParameters: 0 0 0

#Transform 19
Transform: AffineTransform_float_3_3
Parameters: 1 -0.000374677 0.000375885 0.000374923 1 -0.000970388 -0.000376316 0.000970546 1 0.0122433 -0.0210364 -0.00543961
FixedParameters: 0 0 0

#Transform 20
Transform: AffineTransform_float_3_3
Parameters: 1 -0.000305404 0.000433604 0.000306153 0.999999 -0.000701372 -0.000433234 0.000700943 1 0.00252938 -0.0102578 -0.00789001
FixedParameters: 0 0 0

#Transform 21
Transform: AffineTransform_float_3_3
Parameters: 1 -0.000280556 0.000336304 0.000280904 0.999999 -0.00030906 -0.00033619 0.000308554 1 -0.0122299 0.0199565 0.0833338
FixedParameters: 0 0 0

#Transform 22
Transform: AffineTransform_float_3_3
Parameters: 1 -0.000143709 0.000278815 0.000144255 1 0.00065445 -0.000279385 -0.000654263 0.999999 -0.0483935 0.0366404 0.330739
FixedParameters: 0 0 0

#Transform 23
Transform: AffineTransform_float_3_3
Parameters: 1 -0.000486402 0.000421681 0.000485744 0.999999 0.000779602 -0.000422439 -0.000779191 0.999999 -0.0206209 0.0795409 0.123372
FixedParameters: 0 0 0

#Transform 24
Transform: AffineTransform_float_3_3
Parameters: 1 -4.35633e-05 0.000466715 4.37422e-05 0.999999 0.000784884 -0.000467164 -0.000784736 0.999999 -0.0232352 0.0418897 0.116714
FixedParameters: 0 0 0

#Transform 25
Transform: AffineTransform_float_3_3
Parameters: 1 -8.05041e-05 0.000252205 8.07443e-05 1 0.00109915 -0.000253041 -0.00109902 1 -0.0142518 0.0737137 0.0749529
FixedParameters: 0 0 0

#Transform 26
Transform: AffineTransform_float_3_3
Parameters: 1 -3.72423e-05 0.000484641 3.79093e-05 0.999999 0.000777177 -0.00048426 -0.00077762 1 -0.0083389 0.0601023 0.0795605
FixedParameters: 0 0 0

#Transform 27
Transform: AffineTransform_float_3_3
Parameters: 1 5.79187e-05 0.000194534 -5.84939e-05 1 0.00117904 -0.000194675 -0.00117908 1 -0.0207012 0.0593782 0.107116
FixedParameters: 0 0 0

#Transform 28
Transform: AffineTransform_float_3_3
Parameters: 1 -0.000139913 0.000277225 0.000140447 1 0.000681133 -0.000277797 -0.000680948 0.999999 -0.0370111 0.0620832 0.101893
FixedParameters: 0 0 0

#Transform 29
Transform: AffineTransform_float_3_3
Parameters: 1 4.27149e-05 0.000201054 -4.29585e-05 1 0.000605884 -0.000201002 -0.000605901 1 -0.0522141 0.0667513 0.109841
FixedParameters: 0 0 0

#Transform 30
Transform: AffineTransform_float_3_3
Parameters: 1 -1.17023e-05 -0.00041875 1.23642e-05 0.999999 0.000790306 0.000418731 -0.000790316 0.999999 -0.0805062 0.086226 0.274561
FixedParameters: 0 0 0

#Transform 31
Transform: AffineTransform_float_3_3
Parameters: 1 0.000425243 0.000151954 -0.000425651 0.999999 0.0009646 -0.000151412 -0.000964034 1 -0.0740425 0.104273 0.256011
FixedParameters: 0 0 0

#Transform 32
Transform: AffineTransform_float_3_3
Parameters: 1 0.000440172 0.000145787 -0.00044061 1 0.00110846 -0.000145089 -0.00110861 1 -0.0755917 0.115519 0.107896
FixedParameters: 0 0 0

#Transform 33
Transform: AffineTransform_float_3_3
Parameters: 1 0.000490038 -0.000133692 -0.000490136 0.999999 0.001441 0.000133946 -0.001441 0.999999 -0.0796045 0.0914801 0.0770577
FixedParameters: 0 0 0

#Transform 34
Transform: AffineTransform_float_3_3
Parameters: 0.999999 0.000652656 -0.000756662 -0.000652068 1 0.00053818 0.000756426 -0.000538707 1 -0.0816206 0.0896521 0.0913256
FixedParameters: 0 0 0

#Transform 35
Transform: AffineTransform_float_3_3
Parameters: 0.999999 0.000782312 -0.000607881 -0.00078165 0.999999 0.000942573 0.000608197 -0.000941746 1 -0.0886423 0.133884 0.0722802
FixedParameters: 0 0 0

#Transform 36
Transform: AffineTransform_float_3_3
Parameters: 1 0.00055086 -0.000175407 -0.000550924 0.999999 0.00119413 0.000175565 -0.00119406 0.999999 -0.0912601 0.121949 0.0283641
FixedParameters: 0 0 0

#Transform 37
Transform: AffineTransform_float_3_3
Parameters: 1 0.000366182 -0.000179638 -0.000365769 0.999999 0.00147015 0.000180436 -0.00147004 0.999999 -0.0797606 0.121079 0.0258592
FixedParameters: 0 0 0

#Transform 38
Transform: AffineTransform_float_3_3
Parameters: 1 0.000207809 -0.000259931 -0.000207126 0.999999 0.00153551 0.00026029 -0.00153542 0.999999 -0.0716436 0.107361 0.0211653
FixedParameters: 0 0 0

#Transform 39
Transform: AffineTransform_float_3_3
Parameters: 1 0.000297365 -2.63918e-05 -0.000297395 0.999998 0.00161446 2.70738e-05 -0.00161446 0.999998 -0.0649043 0.0953609 0.0178221
FixedParameters: 0 0 0

#Transform 40
Transform: AffineTransform_float_3_3
Parameters: 1 0.000640974 -0.000439768 -0.000639585 0.999997 0.00239013 0.000441114 -0.00238972 0.999997 -0.0675775 0.112627 0.0168433
FixedParameters: 0 0 0

#Transform 41
Transform: AffineTransform_float_3_3
Parameters: 1 0.000591522 -0.000419255 -0.000590248 0.999997 0.00237104 0.000420342 -0.0023707 0.999997 -0.0658805 0.115424 0.0442761
FixedParameters: 0 0 0

#Transform 42
Transform: AffineTransform_float_3_3
Parameters: 1 0.000405236 -0.000238005 -0.000404453 0.999997 0.00237282 0.000239092 -0.00237268 0.999997 -0.0688789 0.137614 0.0400726
FixedParameters: 0 0 0

#Transform 43
Transform: AffineTransform_float_3_3
Parameters: 1 0.000539774 0.000316857 -0.000540243 0.999995 0.00288932 -0.000315612 -0.00288951 0.999995 -0.0722795 0.147862 0.0670106
FixedParameters: 0 0 0

#Transform 44
Transform: AffineTransform_float_3_3
Parameters: 1 0.000249977 8.39696e-06 -0.000250241 0.999998 0.00191973 -7.99322e-06 -0.00191977 0.999998 -0.0843638 0.144807 0.0612018
FixedParameters: 0 0 0

#Transform 45
Transform: AffineTransform_float_3_3
Parameters: 1 0.000629587 -0.000265909 -0.000628861 0.999994 0.00335811 0.000267585 -0.00335798 0.999994 -0.0733902 0.141617 0.0889251
FixedParameters: 0 0 0

#Transform 46
Transform: AffineTransform_float_3_3
Parameters: 1 0.000496964 -0.000350626 -0.000495798 0.999996 0.00284688 0.000351459 -0.00284671 0.999996 -0.0677522 0.137716 0.0507735
FixedParameters: 0 0 0

#Transform 47
Transform: AffineTransform_float_3_3
Parameters: 1 0.000444627 0.000253457 -0.000444947 0.999997 0.0024762 -0.00025159 -0.00247626 0.999997 -0.060838 0.173154 -0.00866544
FixedParameters: 0 0 0

#Transform 48
Transform: AffineTransform_float_3_3
Parameters: 1 0.00052589 1.19579e-05 -0.000525755 0.999993 0.00356335 -1.02612e-05 -0.00356335 0.999993 -0.0689021 0.150288 0.0292197
FixedParameters: 0 0 0

#Transform 49
Transform: AffineTransform_float_3_3
Parameters: 1 0.000295236 -0.000151122 -0.000294801 0.999996 0.00258686 0.000151813 -0.00258682 0.999996 -0.0698756 0.142621 0.0678479
FixedParameters: 0 0 0

#Transform 50
Transform: AffineTransform_float_3_3
Parameters: 1 0.000373164 -0.000183533 -0.000372592 0.999995 0.0031334 0.000184478 -0.00313334 0.999995 -0.0729635 0.159252 0.0825078
FixedParameters: 0 0 0

#Transform 51
Transform: AffineTransform_float_3_3
Parameters: 1 0.000477533 -0.000119688 -0.00047748 0.999994 0.00359984 0.000121178 -0.00359985 0.999994 -0.079244 0.171377 0.0946383
FixedParameters: 0 0 0

#Transform 52
Transform: AffineTransform_float_3_3
Parameters: 1 0.000347314 -0.000265889 -0.000346201 0.999995 0.00318283 0.000266704 -0.00318273 0.999995 -0.0730898 0.143786 0.0896222
FixedParameters: 0 0 0

#Transform 53
Transform: AffineTransform_float_3_3
Parameters: 0.999999 0.00097641 0.000111278 -0.000976582 0.999992 0.00372041 -0.000107602 -0.00372063 0.999993 -0.0866564 0.190224 0.0597242
FixedParameters: 0 0 0

#Transform 54
Transform: AffineTransform_float_3_3
Parameters: 1 0.000423191 -8.62724e-05 -0.000422847 0.999995 0.00319173 8.8461e-05 -0.00319163 0.999995 -0.076923 0.142593 0.117393
FixedParameters: 0 0 0

#Transform 55
Transform: AffineTransform_float_3_3
Parameters: 1 0.000703123 -2.37545e-05 -0.000702912 0.999996 0.00269917 2.51758e-05 -0.00269921 0.999996 -0.108454 0.19347 0.0558019
FixedParameters: 0 0 0

#Transform 56
Transform: AffineTransform_float_3_3
Parameters: 1 0.000847804 0.000103641 -0.000848621 0.999994 0.0032438 -0.000101069 -0.00324336 0.999995 -0.0705921 0.150224 0.0643864
FixedParameters: 0 0 0

#Transform 57
Transform: AffineTransform_float_3_3
Parameters: 1 0.000755991 -3.29127e-06 -0.000756115 0.999994 0.00335251 5.43022e-06 -0.0033526 0.999994 -0.0716727 0.168021 0.0655172
FixedParameters: 0 0 0

#Transform 58
Transform: AffineTransform_float_3_3
Parameters: 1 0.000704062 -0.000301185 -0.000703186 0.999995 0.00301963 0.000303163 -0.0030194 0.999996 -0.0770465 0.187355 0.0937312
FixedParameters: 0 0 0

#Transform 59
Transform: AffineTransform_float_3_3
Parameters: 1 0.000515932 -0.000371452 -0.000514617 0.999995 0.00288748 0.000372435 -0.00288728 0.999995 -0.0742597 0.191034 0.0742714
FixedParameters: 0 0 0

#Transform 60
Transform: AffineTransform_float_3_3
Parameters: 1 0.000675992 -0.00043772 -0.000674159 0.999994 0.00317047 0.000439729 -0.00317006 0.999995 -0.0781707 0.194081 0.118728
FixedParameters: 0 0 0

#Transform 61
Transform: AffineTransform_float_3_3
Parameters: 1 0.000639633 -0.000227884 -0.000639149 0.999995 0.00287828 0.000229571 -0.00287816 0.999995 -0.0843764 0.203403 0.0957523
FixedParameters: 0 0 0

#Transform 62
Transform: AffineTransform_float_3_3
Parameters: 1 0.000717102 -0.000468767 -0.000714915 0.999994 0.00358475 0.000471073 -0.0035843 0.999994 -0.0796053 0.168127 0.119462
FixedParameters: 0 0 0

#Transform 63
Transform: AffineTransform_float_3_3
Parameters: 1 0.000321113 -0.000627485 -0.000318849 0.999996 0.00299215 0.000628389 -0.00299194 0.999996 -0.0813908 0.237438 0.106373
FixedParameters: 0 0 0

#Transform 64
Transform: AffineTransform_float_3_3
Parameters: 1 0.000204333 -0.000574718 -0.000202271 0.999995 0.0030928 0.000574965 -0.00309275 0.999995 -0.0784782 0.179865 0.156789
FixedParameters: 0 0 0

#Transform 65
Transform: AffineTransform_float_3_3
Parameters: 1 0.000753595 -0.000403688 -0.000752673 0.999992 0.00386451 0.000406783 -0.00386425 0.999993 -0.0858996 0.212437 0.146253
FixedParameters: 0 0 0

#Transform 66
Transform: AffineTransform_float_3_3
Parameters: 1 0.000370608 -0.000346986 -0.000368487 0.999993 0.00352289 0.0003488 -0.00352262 0.999993 -0.0852654 0.212936 0.146551
FixedParameters: 0 0 0

#Transform 67
Transform: AffineTransform_float_3_3
Parameters: 1 0.000355958 -7.68041e-05 -0.000355995 0.999996 0.00276572 7.766e-05 -0.00276573 0.999996 -0.076798 0.232636 0.0786831
FixedParameters: 0 0 0

#Transform 68
Transform: AffineTransform_float_3_3
Parameters: 1 0.000928667 -0.000112789 -0.000928462 0.999994 0.00318927 0.000114901 -0.00318855 0.999995 -0.0780072 0.196022 0.110368
FixedParameters: 0 0 0

#Transform 69
Transform: AffineTransform_float_3_3
Parameters: 0.999999 0.000911034 -0.000614182 -0.000909433 0.999995 0.00320551 0.000616969 -0.00320481 0.999995 -0.079955 0.205736 0.102105
FixedParameters: 0 0 0

#Transform 70
Transform: AffineTransform_float_3_3
Parameters: 0.999999 0.000898175 -0.00044856 -0.000896084 0.999994 0.00347737 0.000451913 -0.00347748 0.999995 -0.0841821 0.21461 0.114076
FixedParameters: 0 0 0

#Transform 71
Transform: AffineTransform_float_3_3
Parameters: 0.999999 0.000946193 -0.0004984 -0.000943997 0.999993 0.00374431 0.00050177 -0.00374441 0.999992 -0.0941796 0.226355 0.1002
FixedParameters: 0 0 0

#Transform 72
Transform: AffineTransform_float_3_3
Parameters: 0.999999 0.00132703 -0.000823889 -0.0013235 0.999993 0.00344903 0.00082784 -0.00344737 0.999994 -0.101295 0.202025 0.117616
FixedParameters: 0 0 0

#Transform 73
Transform: AffineTransform_float_3_3
Parameters: 0.999999 0.00131078 -0.000817188 -0.00130737 0.999994 0.00333501 0.000821008 -0.00333409 0.999994 -0.101157 0.272678 0.106039
FixedParameters: 0 0 0

#Transform 74
Transform: AffineTransform_float_3_3
Parameters: 0.999999 0.00106921 -0.000656467 -0.00106662 0.999992 0.00381621 0.000660954 -0.00381595 0.999993 -0.101667 0.214961 0.134815
FixedParameters: 0 0 0

#Transform 75
Transform: AffineTransform_float_3_3
Parameters: 0.999999 0.00107683 -0.000720204 -0.00107428 0.999992 0.00380413 0.000723901 -0.00380313 0.999993 -0.0971767 0.234586 0.141955
FixedParameters: 0 0 0

#Transform 76
Transform: AffineTransform_float_3_3
Parameters: 1 0.000664003 -0.00115317 -0.00066015 0.999992 0.00397007 0.00115597 -0.0039686 0.999992 -0.0935172 0.229535 0.190202
FixedParameters: 0 0 0

#Transform 77
Transform: AffineTransform_float_3_3
Parameters: 0.999999 0.000596535 -0.00112565 -0.000592565 0.999994 0.00350037 0.00112813 -0.00349958 0.999993 -0.100892 0.230279 0.240642
FixedParameters: 0 0 0

#Transform 78
Transform: AffineTransform_float_3_3
Parameters: 0.999999 0.000778288 -0.000659625 -0.000777006 0.999993 0.00343408 0.000662299 -0.00343358 0.999994 -0.0959948 0.265861 0.214561
FixedParameters: 0 0 0

#Transform 79
Transform: AffineTransform_float_3_3
Parameters: 1 0.000789984 -2.16621e-05 -0.000790196 0.999992 0.00379921 2.4178e-05 -0.00379859 0.999993 -0.0988239 0.256322 0.202026
FixedParameters: 0 0 0

#Transform 80
Transform: AffineTransform_float_3_3
Parameters: 1 0.000650098 -0.000457216 -0.000648774 0.999993 0.00385588 0.0004595 -0.00385563 0.999993 -0.100912 0.244201 0.14885
FixedParameters: 0 0 0

#Transform 81
Transform: AffineTransform_float_3_3
Parameters: 1 0.000493293 -0.000469342 -0.000491664 0.999996 0.00249742 0.000470087 -0.00249712 0.999996 -0.083856 0.263232 0.0609341
FixedParameters: 0 0 0

#Transform 82
Transform: AffineTransform_float_3_3
Parameters: 1 0.000767345 -0.000516904 -0.000766546 0.999996 0.00292399 0.000518619 -0.0029236 0.999996 -0.0979652 0.25694 0.0923214
FixedParameters: 0 0 0

#Transform 83
Transform: AffineTransform_float_3_3
Parameters: 0.999999 0.000803293 -0.000597305 -0.000800878 0.999993 0.00376285 0.000600895 -0.00376293 0.999992 -0.0895446 0.209469 0.170606
FixedParameters: 0 0 0

#Transform 84
Transform: AffineTransform_float_3_3
Parameters: 0.999999 0.000745726 -0.000573734 -0.000743838 0.999994 0.00336093 0.000576572 -0.00336038 0.999994 -0.0844621 0.259058 0.114406
FixedParameters: 0 0 0

#Transform 85
Transform: AffineTransform_float_3_3
Parameters: 1 0.000651041 -0.000632141 -0.00064955 0.999996 0.00293985 0.000633195 -0.00293944 0.999996 -0.0805977 0.281736 0.0777998
FixedParameters: 0 0 0

#Transform 86
Transform: AffineTransform_float_3_3
Parameters: 1 0.000756973 -0.000432382 -0.000756164 0.999995 0.00307818 0.000435149 -0.00307782 0.999995 -0.0776069 0.249269 0.0705414
FixedParameters: 0 0 0

#Transform 87
Transform: AffineTransform_float_3_3
Parameters: 1 0.000660942 -0.000506193 -0.000659612 0.999995 0.0031452 0.000508456 -0.00314483 0.999995 -0.081714 0.247821 0.100808
FixedParameters: 0 0 0

#Transform 88
Transform: AffineTransform_float_3_3
Parameters: 0.999999 0.000696996 -0.00070505 -0.000695089 0.999994 0.00339446 0.000707988 -0.0033939 0.999994 -0.104644 0.263728 0.110037
FixedParameters: 0 0 0

#Transform 89
Transform: AffineTransform_float_3_3
Parameters: 0.999999 0.000798299 -0.000638587 -0.00079688 0.999992 0.00383519 0.000641481 -0.00383473 0.999993 -0.119588 0.272881 0.17473
FixedParameters: 0 0 0

#Transform 90
Transform: AffineTransform_float_3_3
Parameters: 1 0.000731518 -0.000443349 -0.000730467 0.999994 0.00340495 0.000446158 -0.00340462 0.999994 -0.118275 0.284383 0.156593
FixedParameters: 0 0 0

#Transform 91
Transform: AffineTransform_float_3_3
Parameters: 1 0.000786876 -0.000558227 -0.000785346 0.999994 0.00356842 0.000560511 -0.00356798 0.999994 -0.0985711 0.257779 0.138971
FixedParameters: 0 0 0

#Transform 92
Transform: AffineTransform_float_3_3
Parameters: 0.999999 0.000722522 -0.000531574 -0.000719909 0.999994 0.00345181 0.000534003 -0.00345125 0.999994 -0.098866 0.293511 0.100442
FixedParameters: 0 0 0

#Transform 93
Transform: AffineTransform_float_3_3
Parameters: 1 0.000660311 -0.000439786 -0.000659218 0.999993 0.00348106 0.000442211 -0.00348079 0.999993 -0.0874484 0.256408 0.138933
FixedParameters: 0 0 0

#Transform 94
Transform: AffineTransform_float_3_3
Parameters: 1 0.000409877 -0.000319946 -0.00040827 0.999993 0.00377584 0.000321087 -0.00377569 0.999993 -0.0898794 0.266069 0.119763
FixedParameters: 0 0 0

#Transform 95
Transform: AffineTransform_float_3_3
Parameters: 1 0.000637949 -0.000142783 -0.000636824 0.999994 0.00356868 0.000145003 -0.0035685 0.999994 -0.0857506 0.281157 0.118694
FixedParameters: 0 0 0

#Transform 96
Transform: AffineTransform_float_3_3
Parameters: 1 0.000330987 -0.000369574 -0.00032915 0.999994 0.00342697 0.000370166 -0.00342683 0.999994 -0.085968 0.252248 0.134955
FixedParameters: 0 0 0

#Transform 97
Transform: AffineTransform_float_3_3
Parameters: 1 0.000593599 5.56281e-06 -0.000593653 0.999991 0.00407033 -3.33761e-06 -0.00407036 0.999991 -0.0886824 0.254308 0.153084
FixedParameters: 0 0 0

#Transform 98
Transform: AffineTransform_float_3_3
Parameters: 1 0.000529448 -5.78896e-05 -0.000528645 0.999993 0.00384312 6.02283e-05 -0.00384298 0.999993 -0.0886395 0.272846 0.145266
FixedParameters: 0 0 0

#Transform 99
Transform: AffineTransform_float_3_3
Parameters: 1 0.000873218 -6.13912e-05 -0.000873112 0.999992 0.00390406 6.47219e-05 -0.00390409 0.999992 -0.0954514 0.269644 0.144952
FixedParameters: 0 0 0

#Transform 100
Transform: AffineTransform_float_3_3
Parameters: 1 0.000657903 2.75738e-05 -0.000657475 0.99999 0.00440151 -2.53292e-05 -0.0044015 0.99999 -0.0863757 0.288703 0.12241
FixedParameters: 0 0 0

#Transform 101
Transform: AffineTransform_float_3_3
Parameters: 1 0.000760772 4.45287e-05 -0.000760515 0.999988 0.00497671 -4.04579e-05 -0.00497667 0.999988 -0.095178 0.284732 0.159588
FixedParameters: 0 0 0

#Transform 102
Transform: AffineTransform_float_3_3
Parameters: 1 0.00072063 -0.000426709 -0.000718841 0.999989 0.00477856 0.000430629 -0.00477825 0.999989 -0.0967478 0.278146 0.164553
FixedParameters: 0 0 0

#Transform 103
Transform: AffineTransform_float_3_3
Parameters: 1 0.000779096 6.62224e-05 -0.000779062 0.999987 0.00503302 -6.18803e-05 -0.00503302 0.999987 -0.0867165 0.341854 0.143253
FixedParameters: 0 0 0

#Transform 104
Transform: AffineTransform_float_3_3
Parameters: 1 0.000791508 -7.40396e-05 -0.000790601 0.999985 0.00545407 7.77321e-05 -0.00545399 0.999985 -0.091872 0.318618 0.148766
FixedParameters: 0 0 0

#Transform 105
Transform: AffineTransform_float_3_3
Parameters: 1 0.000704256 -0.000199318 -0.00070374 0.999989 0.00475478 0.000202673 -0.0047547 0.999989 -0.0963745 0.305947 0.154756
FixedParameters: 0 0 0

#Transform 106
Transform: AffineTransform_float_3_3
Parameters: 1 0.000696589 -0.00025659 -0.000694551 0.999985 0.00533547 0.000259736 -0.00533524 0.999985 -0.119418 0.307901 0.181323
FixedParameters: 0 0 0

#Transform 107
Transform: AffineTransform_float_3_3
Parameters: 0.999999 0.000819842 0.000113183 -0.000819513 0.999987 0.00516159 -0.000108881 -0.00516157 0.999987 -0.117987 0.317921 0.174738
FixedParameters: 0 0 0

#Transform 108
Transform: AffineTransform_float_3_3
Parameters: 1 0.000640743 0.000170869 -0.000641236 0.99999 0.00456025 -0.000168025 -0.00456102 0.99999 -0.115747 0.316155 0.142912
FixedParameters: 0 0 0

#Transform 109
Transform: AffineTransform_float_3_3
Parameters: 1 0.000647056 -0.000138986 -0.000645837 0.999989 0.00474842 0.000142284 -0.00474822 0.999989 -0.116044 0.298423 0.185475
FixedParameters: 0 0 0

#Transform 110
Transform: AffineTransform_float_3_3
Parameters: 1 0.00057015 -0.000157938 -0.000569925 0.999988 0.00472774 0.000160267 -0.00472774 0.999988 -0.118326 0.319947 0.189675
FixedParameters: 0 0 0

#Transform 111
Transform: AffineTransform_float_3_3
Parameters: 1 0.000655498 -4.61549e-05 -0.00065506 0.99999 0.00456949 4.9581e-05 -0.00456939 0.99999 -0.0948006 0.307033 0.174576
FixedParameters: 0 0 0

#Transform 112
Transform: AffineTransform_float_3_3
Parameters: 1 0.000544148 8.9661e-09 -0.000543673 0.999992 0.00378775 2.66203e-06 -0.00378765 0.999993 -0.0885991 0.328411 0.122071
FixedParameters: 0 0 0

#Transform 113
Transform: AffineTransform_float_3_3
Parameters: 1 0.000644973 -4.16987e-05 -0.000644465 0.999989 0.00449537 4.5211e-05 -0.00449526 0.99999 -0.0935433 0.345874 0.149523
FixedParameters: 0 0 0

#Transform 114
Transform: AffineTransform_float_3_3
Parameters: 1 0.000692132 -6.1247e-05 -0.000691639 0.999988 0.00482644 6.50848e-05 -0.00482634 0.999989 -0.0998619 0.277548 0.166288
FixedParameters: 0 0 0

#Transform 115
Transform: AffineTransform_float_3_3
Parameters: 1 0.000609638 -0.000318234 -0.000607977 0.999988 0.00496674 0.000320664 -0.00496657 0.999988 -0.118441 0.361478 0.170278
FixedParameters: 0 0 0

#Transform 116
Transform: AffineTransform_float_3_3
Parameters: 1 0.000658346 -0.000212845 -0.000656434 0.999988 0.0049985 0.000216297 -0.00499822 0.999988 -0.12859 0.359946 0.209404
FixedParameters: 0 0 0

#Transform 117
Transform: AffineTransform_float_3_3
Parameters: 1 0.00069816 -8.42148e-05 -0.000697427 0.999987 0.00491936 8.82394e-05 -0.00491922 0.999988 -0.124575 0.352042 0.177695
FixedParameters: 0 0 0

#Transform 118
Transform: AffineTransform_float_3_3
Parameters: 1 0.000770923 -4.71977e-05 -0.00076984 0.999986 0.00526436 5.15303e-05 -0.0052642 0.999986 -0.116893 0.372285 0.302756
FixedParameters: 0 0 0

#Transform 119
Transform: AffineTransform_float_3_3
Parameters: 1 0.000836742 -0.000116419 -0.000836201 0.999985 0.00529833 0.000121005 -0.00529825 0.999986 -0.105689 0.390077 0.232116
FixedParameters: 0 0 0
