#Insight Transform File V1.0
#Transform 0
Transform: AffineTransform_float_3_3
Parameters: 0.999993 0.00182069 0.00325839 -0.00181327 0.999995 -0.00228513 -0.00326252 0.00227887 0.999992 -0.032419 -0.074444 0.0291137
FixedParameters: 0 0 0

#Transform 1
Transform: AffineTransform_float_3_3
Parameters: 0.999995 0.0019176 0.00274377 -0.00191173 0.999996 -0.00224993 -0.00274836 0.00224507 0.999994 -0.045862 -0.0240846 0.0058787
FixedParameters: 0 0 0

#Transform 2
Transform: AffineTransform_float_3_3
Parameters: 0.999997 0.00211169 0.0016472 -0.0021106 0.999997 -0.000840546 -0.00164847 0.000836455 0.999998 -0.0683551 -0.0234806 0.031436
FixedParameters: 0 0 0

#Transform 3
Transform: AffineTransform_float_3_3
Parameters: 0.999997 0.00146065 0.00199941 -0.00145922 0.999999 -0.000569669 -0.00199993 0.000566332 0.999998 -0.0582746 -0.0533102 0.0537355
FixedParameters: 0 0 0

#Transform 4
Transform: AffineTransform_float_3_3
Parameters: 0.999997 0.00117076 0.00224203 -0.00117014 0.999999 -0.000139225 -0.00224235 0.000136774 0.999998 -0.0296219 -0.0633309 0.008259
FixedParameters: 0 0 0

#Transform 5
Transform: AffineTransform_float_3_3
Parameters: 0.999996 0.00135997 0.00227286 -0.00135931 0.999999 -0.000331714 -0.00227262 0.000329287 0.999997 -0.0401814 -0.0467204 -0.00544884
FixedParameters: 0 0 0

#Transform 6
Transform: AffineTransform_float_3_3
Parameters: 0.999996 0.00100172 0.00236667 -0.00100165 0.999999 -0.00022695 -0.00236697 0.000224051 0.999997 -0.0287452 -0.0441223 -9.97851e-05
FixedParameters: 0 0 0

#Transform 7
Transform: AffineTransform_float_3_3
Parameters: 0.999996 0.00137566 0.00237563 -0.00137473 0.999998 -0.00037289 -0.00237551 0.00037011 0.999997 -0.0569586 -0.0352127 0.0130217
FixedParameters: 0 0 0

#Transform 8
Transform: AffineTransform_float_3_3
Parameters: 0.999997 0.00128228 0.00177502 -0.0012843 0.999999 0.000804825 -0.00177409 -0.000807174 0.999998 -0.0375507 -0.0394302 0.0609961
FixedParameters: 0 0 0

#Transform 9
Transform: AffineTransform_float_3_3
Parameters: 0.999999 0.00134568 0.00123955 -0.00134535 0.999999 -0.000136713 -0.00123992 0.000135287 0.999999 -0.032859 -0.0395281 0.0973037
FixedParameters: 0 0 0

#Transform 10
Transform: AffineTransform_float_3_3
Parameters: 0.999998 0.00124327 0.00150819 -0.0012437 1 0.00014108 -0.00150783 -0.00014292 0.999998 -0.047527 -0.0361879 0.0584872
FixedParameters: 0 0 0

#Transform 11
Transform: AffineTransform_float_3_3
Parameters: 0.999996 0.00155746 0.00203801 -0.00155989 0.999998 0.000800052 -0.00203665 -0.000802946 0.999998 -0.0600956 -0.0539313 0.016541
FixedParameters: 0 0 0

#Transform 12
Transform: AffineTransform_float_3_3
Parameters: 0.999998 0.00130608 0.00192016 -0.0013056 1 -0.000125427 -0.00192049 0.000123573 0.999998 -0.037934 -0.0249548 -0.0179014
FixedParameters: 0 0 0

#Transform 13
Transform: AffineTransform_float_3_3
Parameters: 0.999998 0.00126535 0.00165235 -0.00126528 1 -1.99876e-05 -0.00165239 1.80123e-05 0.999999 -0.0262286 -0.0374938 -0.0397516
FixedParameters: 0 0 0

#Transform 14
Transform: AffineTransform_float_3_3
Parameters: 0.999998 0.00123168 0.00142318 -0.0012307 0.999999 -0.000638775 -0.00142361 0.000636225 0.999998 -0.0242024 -0.025535 -0.0381225
FixedParameters: 0 0 0

#Transform 15
Transform: AffineTransform_float_3_3
Parameters: 0.999998 0.0012437 0.00150783 -0.00124326 1 -0.000145897 -0.00150819 0.000143102 0.999999 -0.0249694 -0.0423825 -0.024228
FixedParameters: 0 0 0

#Transform 16
Transform: AffineTransform_float_3_3
Parameters: 0.999998 0.000478821 0.0016237 -0.000478536 1 0.000216371 -0.00162365 -0.00021763 0.999998 0.00361677 -0.0216973 -0.00885901
FixedParameters: 0 0 0

#Transform 17
Transform: AffineTransform_float_3_3
Parameters: 0.999999 0.000223269 0.000841071 -0.000223291 1 1.28122e-05 -0.000841065 -1.31878e-05 0.999999 0.008418 -0.00411867 -0.0700008
FixedParameters: 0 0 0

#Transform 18
Transform: AffineTransform_float_3_3
Parameters: 1 0.000109044 8.56464e-05 -0.000109025 1 -0.000111009 -8.56706e-05 0.000110991 1 0.0184586 -0.0397038 -0.0689504
FixedParameters: 0 0 0

#Transform 19
Transform: AffineTransform_float_3_3
Parameters: 1 0.000146548 0.000332791 -0.00014629 1 -0.000387049 -0.000332904 0.000386951 1 0.0162969 0.000950203 -0.0739678
FixedParameters: 0 0 0

#Transform 20
Transform: AffineTransform_float_3_3
Parameters: 1 0.000146859 0.000332654 -0.000145978 0.999999 -0.00132305 -0.000333041 0.00132295 0.999999 -0.00672319 -0.00490701 -0.023601
FixedParameters: 0 0 0

#Transform 21
Transform: AffineTransform_float_3_3
Parameters: 1 0.00014669 0.000332728 -0.000146147 0.999999 -0.000816048 -0.000332967 0.000815951 0.999999 0.0163486 0.0684968 0.0337112
FixedParameters: 0 0 0

#Transform 22
Transform: AffineTransform_float_3_3
Parameters: 0.999999 0.00105332 0.000815086 -0.00105217 1 -0.000619881 -0.000815402 0.00061912 1 0.0037044 -0.0183495 0.018847
FixedParameters: 0 0 0

#Transform 23
Transform: AffineTransform_float_3_3
Parameters: 1 0.000789671 0.000933694 -0.000788409 0.999999 -0.00112476 -0.000934331 0.00112424 0.999999 0.00553277 0.0201921 0.0198303
FixedParameters: 0 0 0

#Transform 24
Transform: AffineTransform_float_3_3
Parameters: 1 -0.000530413 -0.000335242 0.000530685 0.999998 0.00165982 0.000334618 -0.00166018 0.999998 0.0880296 0.072455 0.181376
FixedParameters: 0 0 0

#Transform 25
Transform: AffineTransform_float_3_3
Parameters: 0.999998 -0.0012899 -0.000936299 0.00129259 0.999996 0.00233777 0.000932537 -0.00233923 0.999997 0.0896094 -0.00251423 0.146171
FixedParameters: 0 0 0

#Transform 26
Transform: AffineTransform_float_3_3
Parameters: 0.999998 -0.00129036 -0.000935668 0.00129213 0.999997 0.00184877 0.000933169 -0.00185023 0.999998 0.0805848 0.0184506 0.110266
FixedParameters: 0 0 0

#Transform 27
Transform: AffineTransform_float_3_3
Parameters: 0.999998 -0.00145592 -0.000876119 0.00145738 0.999996 0.0022747 0.000872905 -0.0022763 0.999997 0.0778347 0.0320595 0.0877758
FixedParameters: 0 0 0

#Transform 28
Transform: AffineTransform_float_3_3
Parameters: 0.999997 -0.00173681 -0.00123338 0.00173887 0.999997 0.00145281 0.00123159 -0.00145519 0.999998 0.0832378 0.0609636 0.0895183
FixedParameters: 0 0 0

#Transform 29
Transform: AffineTransform_float_3_3
Parameters: 0.999998 -0.00131126 -0.00108204 0.00131436 0.999996 0.00260056 0.00107863 -0.00260244 0.999996 0.090486 0.0156646 0.126361
FixedParameters: 0 0 0

#Transform 30
Transform: AffineTransform_float_3_3
Parameters: 0.999999 -0.00133858 -0.00126375 0.00134207 0.999996 0.00237643 0.00126079 -0.00237857 0.999997 0.107706 0.0160161 0.103409
FixedParameters: 0 0 0

#Transform 31
Transform: AffineTransform_float_3_3
Parameters: 0.999998 -0.000868349 -0.00168385 0.000873326 0.999995 0.00290381 0.00168053 -0.00290519 0.999995 0.0901279 0.0264271 0.100488
FixedParameters: 0 0 0

#Transform 32
Transform: AffineTransform_float_3_3
Parameters: 0.999997 -0.00109803 -0.00182813 0.00110395 0.999994 0.00339024 0.00182467 -0.00339176 0.999993 0.0987179 0.0180709 0.111927
FixedParameters: 0 0 0

#Transform 33
Transform: AffineTransform_float_3_3
Parameters: 0.999997 -0.00113204 -0.00220325 0.00113988 0.999993 0.0034749 0.00219952 -0.0034771 0.999992 0.0993862 0.0634195 0.0944477
FixedParameters: 0 0 0

#Transform 34
Transform: AffineTransform_float_3_3
Parameters: 0.999996 -0.00172161 -0.0019938 0.00172411 0.999998 0.00129465 0.00199175 -0.00129835 0.999997 0.131427 0.0789442 0.00106647
FixedParameters: 0 0 0

#Transform 35
Transform: AffineTransform_float_3_3
Parameters: 0.999995 -0.00202534 -0.00220842 0.00202569 0.999998 0.000265586 0.00220847 -0.000270416 0.999997 0.118468 0.0514434 0.0491591
FixedParameters: 0 0 0

#Transform 36
Transform: AffineTransform_float_3_3
Parameters: 0.999997 -0.00185 -0.00171229 0.00185064 0.999998 0.000430913 0.00171183 -0.000434087 0.999998 0.104007 0.0760283 -0.0575729
FixedParameters: 0 0 0

#Transform 37
Transform: AffineTransform_float_3_3
Parameters: 0.999997 -0.00211895 -0.00167174 0.00211957 0.999998 0.000434391 0.00167103 -0.00043861 0.999999 0.119526 0.0477513 -0.0925423
FixedParameters: 0 0 0

#Transform 38
Transform: AffineTransform_float_3_3
Parameters: 0.999997 -0.00164564 -0.00182231 0.00164624 0.999998 0.000665105 0.0018214 -0.000668896 0.999998 0.115269 0.0501585 -0.0422337
FixedParameters: 0 0 0

#Transform 39
Transform: AffineTransform_float_3_3
Parameters: 0.999997 -0.00184576 -0.00169158 0.00184745 0.999998 0.000993811 0.00169018 -0.00099719 0.999998 0.112139 0.0615342 -0.00947504
FixedParameters: 0 0 0

#Transform 40
Transform: AffineTransform_float_3_3
Parameters: 0.999996 -0.00189066 -0.00199133 0.00189318 0.999998 0.00105229 0.00198962 -0.00105571 0.999997 0.114297 0.0595577 -0.0319177
FixedParameters: 0 0 0

#Transform 41
Transform: AffineTransform_float_3_3
Parameters: 0.999996 -0.00191326 -0.00214498 0.00191595 0.999997 0.0012471 0.00214263 -0.0012509 0.999997 0.120682 0.0839284 -0.0380092
FixedParameters: 0 0 0

#Transform 42
Transform: AffineTransform_float_3_3
Parameters: 0.999997 -0.00187448 -0.00188694 0.00187667 0.999997 0.00128554 0.00188454 -0.00128946 0.999997 0.117765 0.0550853 -0.0354054
FixedParameters: 0 0 0

#Transform 43
Transform: AffineTransform_float_3_3
Parameters: 0.999997 -0.00186741 -0.00184056 0.00186968 0.999997 0.00133864 0.00183798 -0.00134236 0.999997 0.120228 0.0750914 -0.0444491
FixedParameters: 0 0 0

#Transform 44
Transform: AffineTransform_float_3_3
Parameters: 0.999996 -0.00230518 -0.00203006 0.00230649 0.999996 0.000977358 0.00202796 -0.000981643 0.999997 0.133803 0.057806 -0.0446501
FixedParameters: 0 0 0

#Transform 45
Transform: AffineTransform_float_3_3
Parameters: 0.999994 -0.00177246 -0.00302402 0.00177559 0.999998 0.000817263 0.0030224 -0.000821735 0.999995 0.109534 0.0687717 -0.0460764
FixedParameters: 0 0 0

#Transform 46
Transform: AffineTransform_float_3_3
Parameters: 0.999994 -0.00165939 -0.00284427 0.00166225 0.999997 0.0011688 0.00284196 -0.0011742 0.999995 0.103081 0.0865953 -0.0204908
FixedParameters: 0 0 0

#Transform 47
Transform: AffineTransform_float_3_3
Parameters: 0.999994 -0.00167864 -0.002975 0.00168263 0.999998 0.0012825 0.00297325 -0.0012875 0.999995 0.105645 0.0567383 -0.00873623
FixedParameters: 0 0 0

#Transform 48
Transform: AffineTransform_float_3_3
Parameters: 0.999994 -0.00165313 -0.00281351 0.0016581 0.999997 0.00170585 0.00281058 -0.00171015 0.999994 0.113015 0.0761756 -0.0377603
FixedParameters: 0 0 0

#Transform 49
Transform: AffineTransform_float_3_3
Parameters: 0.999994 -0.00215781 -0.00278225 0.00216423 0.999996 0.00211132 0.00277796 -0.00211768 0.999994 0.127436 0.0709007 -0.00445971
FixedParameters: 0 0 0

#Transform 50
Transform: AffineTransform_float_3_3
Parameters: 0.999995 -0.00203738 -0.00248981 0.00204256 0.999996 0.00211211 0.00248604 -0.00211689 0.999995 0.128557 0.0642612 0.012649
FixedParameters: 0 0 0

#Transform 51
Transform: AffineTransform_float_3_3
Parameters: 0.999995 -0.00192611 -0.00257223 0.00193087 0.999996 0.00218225 0.00256781 -0.00218775 0.999994 0.113789 0.0612517 -0.00407379
FixedParameters: 0 0 0

#Transform 52
Transform: AffineTransform_float_3_3
Parameters: 0.999996 -0.00181178 -0.00246177 0.0018167 0.999996 0.00211289 0.00245796 -0.00211711 0.999995 0.112747 0.0755379 -0.0402128
FixedParameters: 0 0 0

#Transform 53
Transform: AffineTransform_float_3_3
Parameters: 0.999995 -0.00167144 -0.00253233 0.00167704 0.999996 0.00218812 0.00252886 -0.00219188 0.999994 0.114246 0.0859802 -0.010427
FixedParameters: 0 0 0

#Transform 54
Transform: AffineTransform_float_3_3
Parameters: 0.999995 -0.0020567 -0.00262158 0.00206202 0.999995 0.00221896 0.00261743 -0.00222504 0.999995 0.115789 0.0864556 -0.0202464
FixedParameters: 0 0 0

#Transform 55
Transform: AffineTransform_float_3_3
Parameters: 0.999994 -0.00215386 -0.00274289 0.00215934 0.999996 0.00181642 0.00273876 -0.00182258 0.999994 0.121579 0.0945444 0.0145627
FixedParameters: 0 0 0

#Transform 56
Transform: AffineTransform_float_3_3
Parameters: 0.999995 -0.00200336 -0.00272401 0.0020097 0.999995 0.00250502 0.0027191 -0.00250998 0.999993 0.135631 0.0763152 -0.00899988
FixedParameters: 0 0 0

#Transform 57
Transform: AffineTransform_float_3_3
Parameters: 0.999994 -0.00217458 -0.00246581 0.00218116 0.999994 0.00238497 0.00246125 -0.00239003 0.999994 0.135491 0.086182 -0.0444328
FixedParameters: 0 0 0

#Transform 58
Transform: AffineTransform_float_3_3
Parameters: 0.999994 -0.00226821 -0.002414 0.00227491 0.999993 0.00266671 0.00240786 -0.00267229 0.999993 0.136019 0.0873715 -0.0317883
FixedParameters: 0 0 0

#Transform 59
Transform: AffineTransform_float_3_3
Parameters: 0.999994 -0.00215945 -0.00245518 0.00216556 0.999995 0.00253188 0.00244922 -0.00253712 0.999994 0.151821 0.0756768 -0.00905499
FixedParameters: 0 0 0

#Transform 60
Transform: AffineTransform_float_3_3
Parameters: 0.999994 -0.00197851 -0.00257546 0.00198642 0.999994 0.00276423 0.00256949 -0.00276877 0.999993 0.133327 0.0791185 -0.0385321
FixedParameters: 0 0 0

#Transform 61
Transform: AffineTransform_float_3_3
Parameters: 0.999994 -0.00208224 -0.00256015 0.00208934 0.999994 0.002816 0.00255354 -0.002821 0.999993 0.138774 0.0910559 -0.0374798
FixedParameters: 0 0 0

#Transform 62
Transform: AffineTransform_float_3_3
Parameters: 0.999994 -0.00244639 -0.00250602 0.00245307 0.999993 0.00276303 0.00249861 -0.00276897 0.999993 0.155112 0.0804429 -0.031097
FixedParameters: 0 0 0

#Transform 63
Transform: AffineTransform_float_3_3
Parameters: 0.999993 -0.00263389 -0.00260456 0.00264027 0.999992 0.00276228 0.00259725 -0.00276872 0.999993 0.157965 0.0786156 -0.0746472
FixedParameters: 0 0 0

#Transform 64
Transform: AffineTransform_float_3_3
Parameters: 0.999994 -0.00283879 -0.00225472 0.00284444 0.999993 0.00237045 0.00224806 -0.00237655 0.999994 0.138902 0.103602 -0.0654625
FixedParameters: 0 0 0

#Transform 65
Transform: AffineTransform_float_3_3
Parameters: 0.999993 -0.00282313 -0.00215112 0.00282869 0.999993 0.00246277 0.00214402 -0.00246822 0.999994 0.156416 0.0870542 -0.0394269
FixedParameters: 0 0 0

#Transform 66
Transform: AffineTransform_float_3_3
Parameters: 0.999993 -0.00286242 -0.00242103 0.00286991 0.999992 0.00276206 0.00241314 -0.00276894 0.999993 0.158761 0.0854135 -0.0333388
FixedParameters: 0 0 0

#Transform 67
Transform: AffineTransform_float_3_3
Parameters: 0.999994 -0.00267662 -0.0020887 0.00268327 0.999993 0.00276328 0.0020817 -0.00276872 0.999994 0.154474 0.0881352 -0.0140663
FixedParameters: 0 0 0

#Transform 68
Transform: AffineTransform_float_3_3
Parameters: 0.999993 -0.00285001 -0.0023392 0.00285651 0.999992 0.00285733 0.00233099 -0.00286367 0.999993 0.174693 0.109129 -0.0140121
FixedParameters: 0 0 0

#Transform 69
Transform: AffineTransform_float_3_3
Parameters: 0.999994 -0.00280683 -0.00204249 0.00281209 0.999993 0.00252114 0.00203513 -0.00252686 0.999995 0.172009 0.0920895 0.0264246
FixedParameters: 0 0 0

#Transform 70
Transform: AffineTransform_float_3_3
Parameters: 0.999994 -0.00304187 -0.00200671 0.00304672 0.999993 0.00221762 0.00199987 -0.00222438 0.999995 0.176836 0.103976 -0.0384722
FixedParameters: 0 0 0

#Transform 71
Transform: AffineTransform_float_3_3
Parameters: 0.999992 -0.00328994 -0.00197005 0.00329515 0.999992 0.00231422 0.00196246 -0.00232078 0.999996 0.222986 0.104436 0.0105682
FixedParameters: 0 0 0

#Transform 72
Transform: AffineTransform_float_3_3
Parameters: 0.999992 -0.00329014 -0.0019697 0.00329479 0.999992 0.00220905 0.00196182 -0.00221495 0.999995 0.21328 0.129558 0.0272647
FixedParameters: 0 0 0

#Transform 73
Transform: AffineTransform_float_3_3
Parameters: 0.99999 -0.00386926 -0.00188435 0.00387395 0.999989 0.0024641 0.00187503 -0.0024719 0.999995 0.218557 0.132447 0.0371315
FixedParameters: 0 0 0

#Transform 74
Transform: AffineTransform_float_3_3
Parameters: 0.999991 -0.00375358 -0.00189966 0.00375782 0.999991 0.00192026 0.00189174 -0.00192774 0.999997 0.226122 0.132035 0.023391
FixedParameters: 0 0 0

#Transform 75
Transform: AffineTransform_float_3_3
Parameters: 0.999992 -0.00328482 -0.00196958 0.00328811 0.999993 0.00190121 0.00196275 -0.00190679 0.999996 0.213215 0.124326 0.0748571
FixedParameters: 0 0 0

#Transform 76
Transform: AffineTransform_float_3_3
Parameters: 0.999991 -0.00348803 -0.00211495 0.00349259 0.999991 0.00246816 0.00210566 -0.00247584 0.999994 0.212229 0.133479 0.0503809
FixedParameters: 0 0 0

#Transform 77
Transform: AffineTransform_float_3_3
Parameters: 0.999991 -0.00351591 -0.00209968 0.00352005 0.999991 0.0021513 0.00209233 -0.0021587 0.999996 0.216699 0.125514 0.0343779
FixedParameters: 0 0 0

#Transform 78
Transform: AffineTransform_float_3_3
Parameters: 0.999992 -0.00348946 -0.00193154 0.00349438 0.99999 0.00271982 0.00192246 -0.00272718 0.999995 0.215247 0.124476 0.0258432
FixedParameters: 0 0 0

#Transform 79
Transform: AffineTransform_float_3_3
Parameters: 0.999993 -0.0034629 -0.00174991 0.00346705 0.99999 0.0025435 0.00174107 -0.0025495 0.999995 0.208486 0.120182 0.0117357
FixedParameters: 0 0 0

#Transform 80
Transform: AffineTransform_float_3_3
Parameters: 0.999993 -0.00347035 -0.00179408 0.00347404 0.999991 0.00215833 0.00178574 -0.00216467 0.999996 0.214046 0.139984 -0.0102172
FixedParameters: 0 0 0

#Transform 81
Transform: AffineTransform_float_3_3
Parameters: 0.999994 -0.00339827 -0.00131179 0.00340147 0.999992 0.00227383 0.00130483 -0.00227818 0.999996 0.212687 0.121509 -0.0118115
FixedParameters: 0 0 0

#Transform 82
Transform: AffineTransform_float_3_3
Parameters: 0.999994 -0.00339333 -0.00127797 0.00339608 0.999991 0.00221712 0.00127042 -0.00222188 0.999997 0.228453 0.119992 -0.0333509
FixedParameters: 0 0 0

#Transform 83
Transform: AffineTransform_float_3_3
Parameters: 0.999992 -0.00358279 -0.00180065 0.00358699 0.99999 0.00248611 0.00179161 -0.00249289 0.999996 0.23413 0.116627 -0.0320814
FixedParameters: 0 0 0

#Transform 84
Transform: AffineTransform_float_3_3
Parameters: 0.999991 -0.00353874 -0.00226155 0.003544 0.99999 0.00261466 0.0022531 -0.00262234 0.999994 0.218059 0.138061 0.0137085
FixedParameters: 0 0 0

#Transform 85
Transform: AffineTransform_float_3_3
Parameters: 0.999993 -0.00339115 -0.00194857 0.00339484 0.999992 0.00220295 0.00194142 -0.00221005 0.999995 0.216057 0.141637 -0.00373211
FixedParameters: 0 0 0

#Transform 86
Transform: AffineTransform_float_3_3
Parameters: 0.999991 -0.0038163 -0.00177611 0.00381744 0.999992 0.000513579 0.0017743 -0.000519421 0.999998 0.236082 0.154765 0.0190651
FixedParameters: 0 0 0

#Transform 87
Transform: AffineTransform_float_3_3
Parameters: 0.99999 -0.00407397 -0.00178033 0.0040734 0.999991 -0.000399049 0.00178241 0.00039195 0.999998 0.245585 0.145612 -0.0049118
FixedParameters: 0 0 0

#Transform 88
Transform: AffineTransform_float_3_3
Parameters: 0.999989 -0.00378015 -0.00298673 0.00378768 0.99999 0.00254847 0.00297666 -0.00256053 0.999992 0.23542 0.130372 0.0842897
FixedParameters: 0 0 0

#Transform 89
Transform: AffineTransform_float_3_3
Parameters: 0.999988 -0.00408844 -0.00293764 0.00409296 0.99999 0.00164971 0.00292993 -0.00166129 0.999995 0.241874 0.159786 0.0565994
FixedParameters: 0 0 0

#Transform 90
Transform: AffineTransform_float_3_3
Parameters: 0.999988 -0.00408768 -0.00293869 0.00409288 0.99999 0.00190771 0.00293002 -0.00191929 0.999994 0.24227 0.163234 0.097265
FixedParameters: 0 0 0

#Transform 91
Transform: AffineTransform_float_3_3
Parameters: 0.999989 -0.00401264 -0.00243138 0.00401677 0.999991 0.00167871 0.00242454 -0.00168829 0.999996 0.24036 0.175714 0.0412858
FixedParameters: 0 0 0

#Transform 92
Transform: AffineTransform_float_3_3
Parameters: 0.99999 -0.00395572 -0.00204805 0.00395894 0.999991 0.00153226 0.00204242 -0.00154074 0.999997 0.216423 0.155398 -0.02473
FixedParameters: 0 0 0

#Transform 93
Transform: AffineTransform_float_3_3
Parameters: 0.999991 -0.00400761 -0.00182886 0.00401135 0.99999 0.00204789 0.00182106 -0.00205511 0.999996 0.211867 0.133822 -0.0294119
FixedParameters: 0 0 0

#Transform 94
Transform: AffineTransform_float_3_3
Parameters: 0.999989 -0.00409131 -0.00200147 0.00409424 0.99999 0.00153215 0.00199443 -0.00153984 0.999997 0.238072 0.157439 0.0283349
FixedParameters: 0 0 0

#Transform 95
Transform: AffineTransform_float_3_3
Parameters: 0.999987 -0.00321373 -0.00409659 0.00322817 0.999989 0.00352759 0.00408512 -0.00354041 0.999986 0.210355 0.145056 0.41006
FixedParameters: 0 0 0

#Transform 96
Transform: AffineTransform_float_3_3
Parameters: 0.999987 -0.00348295 -0.0036926 0.00349342 0.99999 0.00272446 0.00368311 -0.00273754 0.999989 0.219143 0.188815 0.269978
FixedParameters: 0 0 0

#Transform 97
Transform: AffineTransform_float_3_3
Parameters: 0.999986 -0.00381385 -0.00353424 0.00382081 0.99999 0.00209168 0.00352649 -0.00210532 0.999991 0.212922 0.217048 0.200748
FixedParameters: 0 0 0

#Transform 98
Transform: AffineTransform_float_3_3
Parameters: 0.999986 -0.00432818 -0.00303093 0.00433348 0.999989 0.00183943 0.00302291 -0.00185257 0.999993 0.2245 0.17465 0.179917
FixedParameters: 0 0 0

#Transform 99
Transform: AffineTransform_float_3_3
Parameters: 0.999987 -0.00426565 -0.00282896 0.00427021 0.999989 0.00184051 0.00282116 -0.0018525 0.999995 0.224959 0.174051 0.16923
FixedParameters: 0 0 0

#Transform 100
Transform: AffineTransform_float_3_3
Parameters: 0.999988 -0.00416093 -0.00284574 0.00416646 0.999989 0.00214775 0.00283691 -0.00216025 0.999994 0.222284 0.165555 0.165868
FixedParameters: 0 0 0

#Transform 101
Transform: AffineTransform_float_3_3
Parameters: 0.999986 -0.00441564 -0.00311732 0.00442333 0.999988 0.00244179 0.00310592 -0.00245621 0.999992 0.226795 0.169885 0.148
FixedParameters: 0 0 0

#Transform 102
Transform: AffineTransform_float_3_3
Parameters: 0.999986 -0.00436762 -0.00291595 0.00437331 0.999988 0.00212369 0.00290643 -0.00213731 0.999993 0.22798 0.176683 0.116718
FixedParameters: 0 0 0

#Transform 103
Transform: AffineTransform_float_3_3
Parameters: 0.999988 -0.0038896 -0.002927 0.00389437 0.999991 0.00167235 0.00292077 -0.00168365 0.999994 0.227262 0.200807 0.0604912
FixedParameters: 0 0 0

#Transform 104
Transform: AffineTransform_float_3_3
Parameters: 0.999986 -0.00434059 -0.00284784 0.00434648 0.999989 0.00203504 0.00283907 -0.00204696 0.999994 0.2497 0.176686 0.110884
FixedParameters: 0 0 0

#Transform 105
Transform: AffineTransform_float_3_3
Parameters: 0.999987 -0.00435022 -0.00291813 0.00435695 0.999988 0.00227486 0.00290836 -0.00228714 0.999993 0.243502 0.175012 0.113521
FixedParameters: 0 0 0

#Transform 106
Transform: AffineTransform_float_3_3
Parameters: 0.999984 -0.00489715 -0.0028672 0.00490213 0.999987 0.00186403 0.00285783 -0.00187798 0.999994 0.272429 0.19266 0.117955
FixedParameters: 0 0 0

#Transform 107
Transform: AffineTransform_float_3_3
Parameters: 0.999983 -0.00483095 -0.00303738 0.00483577 0.999987 0.00175654 0.0030283 -0.00177146 0.999993 0.2668 0.20231 0.111229
FixedParameters: 0 0 0

#Transform 108
Transform: AffineTransform_float_3_3
Parameters: 0.999983 -0.00521003 -0.00261402 0.00521474 0.999985 0.00161315 0.00260579 -0.00162685 0.999995 0.266718 0.170117 0.12474
FixedParameters: 0 0 0

#Transform 109
Transform: AffineTransform_float_3_3
Parameters: 0.999984 -0.00510024 -0.0026443 0.00510328 0.999986 0.00133445 0.0026373 -0.00134855 0.999996 0.265745 0.203933 0.100397
FixedParameters: 0 0 0

#Transform 110
Transform: AffineTransform_float_3_3
Parameters: 0.999984 -0.00515196 -0.00236462 0.00515531 0.999986 0.00113946 0.00235919 -0.00115154 0.999996 0.260768 0.186233 0.084757
FixedParameters: 0 0 0

#Transform 111
Transform: AffineTransform_float_3_3
Parameters: 0.999983 -0.00555477 -0.001903 0.00555741 0.999984 0.00119265 0.00189706 -0.00120335 0.999997 0.27405 0.175483 0.0557027
FixedParameters: 0 0 0

#Transform 112
Transform: AffineTransform_float_3_3
Parameters: 0.999981 -0.00570321 -0.00207369 0.00570675 0.999982 0.00172038 0.00206363 -0.00173262 0.999997 0.278279 0.166236 0.110216
FixedParameters: 0 0 0

#Transform 113
Transform: AffineTransform_float_3_3
Parameters: 0.999982 -0.00558209 -0.00209047 0.00558534 0.999984 0.00146954 0.00208151 -0.00148146 0.999996 0.282179 0.189645 0.131319
FixedParameters: 0 0 0

#Transform 114
Transform: AffineTransform_float_3_3
Parameters: 0.999982 -0.00575299 -0.00206539 0.00575571 0.999982 0.00156318 0.00205599 -0.00157582 0.999996 0.288009 0.192277 0.104106
FixedParameters: 0 0 0

#Transform 115
Transform: AffineTransform_float_3_3
Parameters: 0.99998 -0.0060092 -0.00158508 0.00601178 0.999981 0.00137124 0.00157691 -0.00137976 0.999998 0.294318 0.19859 0.0942466
FixedParameters: 0 0 0

#Transform 116
Transform: AffineTransform_float_3_3
Parameters: 0.99998 -0.00607672 -0.00141382 0.00607865 0.999981 0.00130805 0.00140623 -0.00131595 0.999999 0.284581 0.19952 0.0556279
FixedParameters: 0 0 0

#Transform 117
Transform: AffineTransform_float_3_3
Parameters: 0.99998 -0.00609492 -0.00153402 0.00609694 0.999981 0.00123229 0.00152729 -0.00124172 0.999998 0.28907 0.218329 0.069442
FixedParameters: 0 0 0

#Transform 118
Transform: AffineTransform_float_3_3
Parameters: 0.99998 -0.00609844 -0.00156103 0.00610035 0.99998 0.00144612 0.00155283 -0.00145588 0.999998 0.277462 0.203696 0.0428232
FixedParameters: 0 0 0

#Transform 119
Transform: AffineTransform_float_3_3
Parameters: 0.999981 -0.00591208 -0.00175329 0.00591509 0.999982 0.00136242 0.00174547 -0.00137358 0.999997 0.280669 0.217931 0.0357234
FixedParameters: 0 0 0
