#Insight Transform File V1.0
#Transform 0
Transform: AffineTransform_float_3_3
Parameters: 0.999998 0.00119241 -0.00188847 -0.0011922 0.999999 0.000368375 0.00188857 -0.000366625 0.999998 -0.120111 -0.106241 -0.0145106
FixedParameters: 0 0 0

#Transform 1
Transform: AffineTransform_float_3_3
Parameters: 0.999999 0.00041585 -0.00122956 -0.000415625 0.999999 0.000489751 0.00123016 -0.000489249 0.999999 -0.104301 -0.158849 0.0106384
FixedParameters: 0 0 0

#Transform 2
Transform: AffineTransform_float_3_3
Parameters: 0.999998 0.000949784 -0.00178486 -0.000948678 0.999999 0.000641777 0.0017853 -0.000640223 0.999998 -0.0890799 -0.132699 0.0529046
FixedParameters: 0 0 0

#Transform 3
Transform: AffineTransform_float_3_3
Parameters: 0.999998 0.000586795 -0.00180186 -0.00058559 1 0.000606338 0.00180278 -0.000605663 0.999999 -0.0996058 -0.116248 0.0613159
FixedParameters: 0 0 0

#Transform 4
Transform: AffineTransform_float_3_3
Parameters: 0.999999 0.000334004 -0.00120828 -0.00033381 1 0.000974445 0.00120836 -0.000974556 0.999999 -0.0994105 -0.123599 0.0182307
FixedParameters: 0 0 0

#Transform 5
Transform: AffineTransform_float_3_3
Parameters: 1 4.74966e-06 -0.0011691 -3.25905e-06 0.999999 0.000637244 0.00116911 -0.000637755 0.999999 -0.0527 -0.0739726 -0.0428666
FixedParameters: 0 0 0

#Transform 6
Transform: AffineTransform_float_3_3
Parameters: 1 0.000406376 -0.000796583 -0.000405304 0.999999 0.000673522 0.000797129 -0.000672478 1 -0.052062 -0.10541 -0.0402206
FixedParameters: 0 0 0

#Transform 7
Transform: AffineTransform_float_3_3
Parameters: 0.999999 -2.70669e-05 -0.00132482 2.84315e-05 0.999999 0.000884202 0.00132498 -0.000884796 0.999999 -0.0503171 -0.0974413 -0.0533397
FixedParameters: 0 0 0

#Transform 8
Transform: AffineTransform_float_3_3
Parameters: 0.999999 0.000308059 -0.00139384 -0.000306231 1 0.00100647 0.00139466 -0.00100653 0.999998 -0.0374268 -0.0799226 -0.0584991
FixedParameters: 0 0 0

#Transform 9
Transform: AffineTransform_float_3_3
Parameters: 1 0.000552503 -0.00109231 -0.000552474 0.999999 0.000554844 0.00109215 -0.000554157 1 -0.0379653 -0.049361 -0.067644
FixedParameters: 0 0 0

#Transform 10
Transform: AffineTransform_float_3_3
Parameters: 0.999999 0.000955292 -0.000827476 -0.000954635 1 0.000396633 0.000828234 -0.000396367 0.999999 -0.0292238 -0.0597335 -0.0600064
FixedParameters: 0 0 0

#Transform 11
Transform: AffineTransform_float_3_3
Parameters: 0.999999 0.000571921 -0.00127923 -0.000570907 0.999999 0.00039697 0.00127969 -0.000396029 0.999999 -0.0304422 -0.0498376 -0.0665256
FixedParameters: 0 0 0

#Transform 12
Transform: AffineTransform_float_3_3
Parameters: 0.999999 0.000548295 -0.000735424 -0.000548203 0.999999 6.24443e-05 0.000735493 -6.25556e-05 1 -0.0434193 -0.0567979 -0.06944
FixedParameters: 0 0 0

#Transform 13
Transform: AffineTransform_float_3_3
Parameters: 0.999999 6.69937e-05 -0.000752173 -6.67169e-05 1 0.00018405 0.000752198 -0.00018395 0.999999 -0.0532026 -0.0549444 -0.0477473
FixedParameters: 0 0 0

#Transform 14
Transform: AffineTransform_float_3_3
Parameters: 1 -0.000369343 -8.67262e-05 0.000369254 1 -0.000516032 8.71074e-05 0.000515968 1 -0.00927977 -0.0398212 0.173408
FixedParameters: 0 0 0

#Transform 15
Transform: AffineTransform_float_3_3
Parameters: 1 0.000346672 0.000203771 -0.00034645 1 -0.00054307 -0.000204148 0.000542929 1 0.0294929 0.0172393 0.0496122
FixedParameters: 0 0 0

#Transform 16
Transform: AffineTransform_float_3_3
Parameters: 1 -0.000355736 -2.08977e-05 0.000355687 1 -0.00115601 2.17201e-05 0.00115599 1 -0.0102548 0.028222 -0.0448156
FixedParameters: 0 0 0

#Transform 17
Transform: AffineTransform_float_3_3
Parameters: 0.999999 -0.000792387 6.97952e-05 0.000792503 1 -0.000834185 -6.84726e-05 0.000834815 0.999999 -0.0117132 -0.00547433 0.0056613
FixedParameters: 0 0 0

#Transform 18
Transform: AffineTransform_float_3_3
Parameters: 0.999999 -0.00035375 -0.000637468 0.000353512 1 -0.000187225 0.0006376 0.000186774 1 0.00133048 0.0177401 -0.00791277
FixedParameters: 0 0 0

#Transform 19
Transform: AffineTransform_float_3_3
Parameters: 0.999999 -0.000270148 -0.000654874 0.000270647 1 0.000380823 0.000654668 -0.000381177 0.999999 -0.00206867 0.00759295 0.0227504
FixedParameters: 0 0 0

#Transform 20
Transform: AffineTransform_float_3_3
Parameters: 1 -0.000386002 -0.000360262 0.000386126 1 0.000172861 0.000360128 -0.000173139 1 -0.00254739 0.00675643 0.00439105
FixedParameters: 0 0 0

#Transform 21
Transform: AffineTransform_float_3_3
Parameters: 1 0.00059125 -0.000236847 -0.000591271 1 -4.486e-05 0.000236794 4.514e-05 1 -0.000567224 0.021273 -0.0315234
FixedParameters: 0 0 0

#Transform 22
Transform: AffineTransform_float_3_3
Parameters: 1 8.02481e-05 -0.000534395 -8.03549e-05 1 -9.99571e-05 0.000534379 0.000100043 1 -0.000100968 0.0392285 -0.0590155
FixedParameters: 0 0 0

#Transform 23
Transform: AffineTransform_float_3_3
Parameters: 1 0.00050322 -0.000218363 -0.00050304 1 0.00041111 0.000218776 -0.00041089 1 0.00654973 -0.0108525 -0.0632654
FixedParameters: 0 0 0

#Transform 24
Transform: AffineTransform_float_3_3
Parameters: 1 0.0004803 -0.00034861 -0.000480259 1 5.91674e-05 0.000348666 -5.88325e-05 1 0.011662 0.0123918 -0.0334912
FixedParameters: 0 0 0

#Transform 25
Transform: AffineTransform_float_3_3
Parameters: 0.999999 0.000706719 9.32867e-05 -0.000707604 0.999999 -0.000502107 -9.37946e-05 0.000502892 1 0.0242853 0.0454218 -0.0839089
FixedParameters: 0 0 0

#Transform 26
Transform: AffineTransform_float_3_3
Parameters: 0.999999 0.000697085 0.000342592 -0.0006969 0.999999 -0.000270239 -0.000342969 0.000269761 1 0.0433498 0.0170344 -0.0787163
FixedParameters: 0 0 0

#Transform 27
Transform: AffineTransform_float_3_3
Parameters: 0.999999 0.000326751 0.000674723 -0.000326496 1 -0.00018922 -0.000674846 0.000188779 1 0.0447778 0.027612 -0.0865002
FixedParameters: 0 0 0

#Transform 28
Transform: AffineTransform_float_3_3
Parameters: 0.999999 0.00046389 0.000632021 -0.000463738 1 -0.000120334 -0.000632133 0.000120666 0.999999 0.0437756 0.0311041 -0.106592
FixedParameters: 0 0 0

#Transform 29
Transform: AffineTransform_float_3_3
Parameters: 0.999999 0.000453799 0.00068213 -0.000453721 1 -5.73095e-05 -0.000682182 5.66904e-05 1 0.0677611 0.0270188 -0.0496665
FixedParameters: 0 0 0

#Transform 30
Transform: AffineTransform_float_3_3
Parameters: 0.999999 0.00042714 0.00115523 -0.000426224 0.999999 -0.000820294 -0.00115573 0.000819705 0.999999 0.111692 0.0315471 -0.0121585
FixedParameters: 0 0 0

#Transform 31
Transform: AffineTransform_float_3_3
Parameters: 0.999998 0.000915482 0.00137864 -0.00091486 0.999999 -0.000581104 -0.0013795 0.000579895 0.999999 0.110743 0.0297326 -0.0400161
FixedParameters: 0 0 0

#Transform 32
Transform: AffineTransform_float_3_3
Parameters: 0.999999 0.000719161 0.00130989 -0.000718203 0.999999 -0.00111374 -0.00131109 0.00111226 0.999999 0.0964045 0.0768581 -0.0105282
FixedParameters: 0 0 0

#Transform 33
Transform: AffineTransform_float_3_3
Parameters: 0.999998 0.000559871 0.00178733 -0.000557452 0.999999 -0.0014986 -0.00178839 0.0014974 0.999997 0.0872383 0.0439825 0.00866467
FixedParameters: 0 0 0

#Transform 34
Transform: AffineTransform_float_3_3
Parameters: 0.999999 0.00113768 0.0010658 -0.00113713 0.999999 -0.000715254 -0.00106722 0.000713746 0.999999 0.163036 0.0191821 0.0701087
FixedParameters: 0 0 0

#Transform 35
Transform: AffineTransform_float_3_3
Parameters: 1 0.000624815 0.00104758 -0.00062305 0.999999 -0.00121365 -0.00104791 0.00121235 0.999998 0.150031 0.074926 0.0566992
FixedParameters: 0 0 0

#Transform 36
Transform: AffineTransform_float_3_3
Parameters: 0.999999 0.000644198 0.00167692 -0.000641857 1 -0.000989921 -0.00167799 0.000989078 0.999998 0.0823465 0.00977876 0.0657328
FixedParameters: 0 0 0

#Transform 37
Transform: AffineTransform_float_3_3
Parameters: 0.999998 0.000882528 0.00207571 -0.000880236 0.999999 -0.00102447 -0.00207711 0.00102253 0.999997 0.0449594 0.0114869 0.061268
FixedParameters: 0 0 0

#Transform 38
Transform: AffineTransform_float_3_3
Parameters: 0.999998 0.000604057 0.00190381 -0.000601344 0.999999 -0.00122679 -0.00190488 0.00122621 0.999998 0.110119 0.0702857 0.0151346
FixedParameters: 0 0 0

#Transform 39
Transform: AffineTransform_float_3_3
Parameters: 0.999998 0.00193582 0.00122197 -0.00193461 0.999998 -0.00112849 -0.00122397 0.00112651 0.999999 0.0280948 0.0465548 0.00969728
FixedParameters: 0 0 0

#Transform 40
Transform: AffineTransform_float_3_3
Parameters: 0.999998 0.00127438 0.00161891 -0.00127155 0.999998 -0.00141775 -0.00162113 0.00141625 0.999998 0.0450672 0.0488426 0.0390021
FixedParameters: 0 0 0

#Transform 41
Transform: AffineTransform_float_3_3
Parameters: 0.999995 0.00146442 0.00254129 -0.00146239 0.999999 -0.000594206 -0.00254282 0.000589792 0.999997 0.065096 0.0358937 -0.00730392
FixedParameters: 0 0 0

#Transform 42
Transform: AffineTransform_float_3_3
Parameters: 0.999996 0.00149171 0.00266154 -0.00148792 0.999998 -0.00137229 -0.00266286 0.0013687 0.999995 0.0622338 0.0215321 -0.042909
FixedParameters: 0 0 0

#Transform 43
Transform: AffineTransform_float_3_3
Parameters: 0.999997 0.0011327 0.00221958 -0.00112998 0.999999 -0.001276 -0.00222186 0.001274 0.999997 0.0571507 0.0580372 -0.0238122
FixedParameters: 0 0 0

#Transform 44
Transform: AffineTransform_float_3_3
Parameters: 0.999998 0.00170068 0.000895649 -0.00169971 0.999997 -0.00140657 -0.000898064 0.00140443 0.999999 0.0366127 0.0837023 -0.0723977
FixedParameters: 0 0 0

#Transform 45
Transform: AffineTransform_float_3_3
Parameters: 0.999998 0.00112793 0.00178726 -0.00112514 0.999999 -0.0015459 -0.00178915 0.0015441 0.999997 0.0745022 0.0777957 -0.0832468
FixedParameters: 0 0 0

#Transform 46
Transform: AffineTransform_float_3_3
Parameters: 0.999996 0.00115575 0.00231479 -0.00114962 0.999996 -0.00292836 -0.00231796 0.00292565 0.999993 0.12517 0.155932 -0.236797
FixedParameters: 0 0 0

#Transform 47
Transform: AffineTransform_float_3_3
Parameters: 0.999998 0.00115809 0.00198818 -0.00115107 0.999994 -0.00313698 -0.00199225 0.00313501 0.999993 0.111065 0.154812 -0.203507
FixedParameters: 0 0 0

#Transform 48
Transform: AffineTransform_float_3_3
Parameters: 0.999998 0.000718778 0.00183842 -0.000713042 0.999995 -0.00310192 -0.00184067 0.00310008 0.999994 0.101366 0.135376 -0.155071
FixedParameters: 0 0 0

#Transform 49
Transform: AffineTransform_float_3_3
Parameters: 0.999997 0.00111717 0.00207593 -0.00110885 0.999991 -0.003976 -0.00208001 0.003974 0.999989 0.137333 0.169389 -0.3394
FixedParameters: 0 0 0

#Transform 50
Transform: AffineTransform_float_3_3
Parameters: 0.999996 0.00230883 0.00201309 -0.00230197 0.999991 -0.00353562 -0.0020207 0.00353038 0.999992 0.138292 0.190398 -0.425937
FixedParameters: 0 0 0

#Transform 51
Transform: AffineTransform_float_3_3
Parameters: 0.999997 0.00185771 0.00160295 -0.00185279 0.999994 -0.00310891 -0.00160935 0.0031061 0.999994 0.134514 0.165853 -0.417219
FixedParameters: 0 0 0

#Transform 52
Transform: AffineTransform_float_3_3
Parameters: 0.999997 0.00137985 0.00166158 -0.00137944 1 -0.000123176 -0.00166192 0.000120823 0.999999 0.169155 0.277299 -0.57819
FixedParameters: 0 0 0

#Transform 53
Transform: AffineTransform_float_3_3
Parameters: 0.999997 0.00190052 0.00147149 -0.00190111 0.999998 0.000200278 -0.00147072 -0.000202721 0.999999 0.123804 0.187469 -0.209028
FixedParameters: 0 0 0

#Transform 54
Transform: AffineTransform_float_3_3
Parameters: 0.999996 0.00210487 0.00159743 -0.00210388 0.999997 -0.00110433 -0.00159951 0.00110167 0.999998 0.134166 0.200057 -0.249175
FixedParameters: 0 0 0

#Transform 55
Transform: AffineTransform_float_3_3
Parameters: 0.999999 0.000432092 0.00133449 -0.000434879 0.999997 0.00251262 -0.00133312 -0.00251338 0.999996 0.00206657 -0.0580152 0.0638909
FixedParameters: 0 0 0

#Transform 56
Transform: AffineTransform_float_3_3
Parameters: 1 0.000435214 0.000266033 -0.00043467 0.999999 -0.000641115 -0.000265611 0.000640884 1 0.052774 0.110342 -0.187969
FixedParameters: 0 0 0

#Transform 57
Transform: AffineTransform_float_3_3
Parameters: 1 0.000862895 -0.000530503 -0.000861624 0.999999 0.0015793 0.000531268 -0.0015797 0.999998 0.036622 0.117164 -0.292133
FixedParameters: 0 0 0

#Transform 58
Transform: AffineTransform_float_3_3
Parameters: 1 0.00114602 9.21585e-05 -0.00114572 0.999998 0.0014877 -9.09096e-05 -0.0014883 0.999999 0.0394104 0.0662803 -0.325299
FixedParameters: 0 0 0

#Transform 59
Transform: AffineTransform_float_3_3
Parameters: 0.999999 0.000817145 -9.713e-05 -0.000816966 0.999998 0.00194508 9.93291e-05 -0.00194492 0.999998 0.067428 0.134132 -0.256335
FixedParameters: 0 0 0

#Transform 60
Transform: AffineTransform_float_3_3
Parameters: 1 0.000865441 -0.000576549 -0.00086453 0.999999 0.0009653 0.000577239 -0.000964699 0.999999 0.0233371 0.146135 -0.247891
FixedParameters: 0 0 0

#Transform 61
Transform: AffineTransform_float_3_3
Parameters: 0.999998 0.00158398 0.000620333 -0.00158473 0.999997 0.00186174 -0.000616797 -0.00186226 0.999998 -0.0566444 -0.014806 0.447579
FixedParameters: 0 0 0

#Transform 62
Transform: AffineTransform_float_3_3
Parameters: 0.999999 0.00129758 0.000315118 -0.00129862 0.999996 0.00223959 -0.000312443 -0.00224041 0.999998 -0.00889449 -0.00840696 0.18174
FixedParameters: 0 0 0

#Transform 63
Transform: AffineTransform_float_3_3
Parameters: 0.999998 0.00201635 0.000164872 -0.00201654 0.999996 0.00171839 -0.000161084 -0.00171761 0.999999 -0.0277255 0.0247237 -0.014564
FixedParameters: 0 0 0

#Transform 64
Transform: AffineTransform_float_3_3
Parameters: 0.999999 0.00133059 0.000472382 -0.00133091 0.999998 0.00115437 -0.00047049 -0.00115563 0.999999 0.00707097 0.00192196 0.0373566
FixedParameters: 0 0 0

#Transform 65
Transform: AffineTransform_float_3_3
Parameters: 0.999998 0.00167693 -5.18314e-05 -0.00167739 0.999997 0.00139489 5.3573e-05 -0.00139511 0.999999 0.0105571 0.053364 -0.108424
FixedParameters: 0 0 0

#Transform 66
Transform: AffineTransform_float_3_3
Parameters: 0.999998 0.00192374 3.61008e-05 -0.00192346 0.999997 0.00131054 -3.41976e-05 -0.00131147 0.999999 0.0303558 0.0593241 -0.0766473
FixedParameters: 0 0 0

#Transform 67
Transform: AffineTransform_float_3_3
Parameters: 0.999998 0.00203726 0.00058726 -0.00203708 0.999997 0.00116652 -0.000584869 -0.00116747 0.999999 0.0410629 0.0641847 -0.183568
FixedParameters: 0 0 0

#Transform 68
Transform: AffineTransform_float_3_3
Parameters: 0.999998 0.00162932 0.000326507 -0.0016309 0.999995 0.00269723 -0.000321832 -0.00269777 0.999996 -0.0222463 -0.0268219 0.0508959
FixedParameters: 0 0 0

#Transform 69
Transform: AffineTransform_float_3_3
Parameters: 0.999999 0.00155291 0.000260632 -0.00155364 0.999996 0.00212936 -0.000257157 -0.00212964 0.999997 -0.0429678 -0.0224662 -0.0451389
FixedParameters: 0 0 0

#Transform 70
Transform: AffineTransform_float_3_3
Parameters: 0.999999 0.00170686 0.000228021 -0.00170696 0.999997 0.00148437 -0.000225115 -0.00148463 0.999999 -0.0154069 0.0295825 -0.110809
FixedParameters: 0 0 0

#Transform 71
Transform: AffineTransform_float_3_3
Parameters: 0.999998 0.00153836 0.00131923 -0.00153616 0.999997 -0.00179491 -0.00132218 0.00179309 0.999998 -0.0233924 -0.136833 0.636244
FixedParameters: 0 0 0

#Transform 72
Transform: AffineTransform_float_3_3
Parameters: 0.999999 0.00111633 0.0014115 -0.00111553 1 -0.000559617 -0.00141156 0.000557384 0.999998 -0.00890751 -0.0860615 0.61041
FixedParameters: 0 0 0

#Transform 73
Transform: AffineTransform_float_3_3
Parameters: 0.999999 0.000648006 0.00109375 -0.000649313 1 0.00104525 -0.0010926 -0.00104575 0.999999 -0.00547589 -0.0455724 0.261167
FixedParameters: 0 0 0

#Transform 74
Transform: AffineTransform_float_3_3
Parameters: 0.999999 0.000617873 0.00120217 -0.000619143 0.999999 0.00134341 -0.00120091 -0.00134359 0.999999 -0.0160476 -0.062036 0.206583
FixedParameters: 0 0 0

#Transform 75
Transform: AffineTransform_float_3_3
Parameters: 0.999998 0.0013121 0.000958036 -0.00131442 0.999997 0.0020227 -0.000955085 -0.0020243 0.999998 -0.186494 -0.0380561 -0.127842
FixedParameters: 0 0 0

#Transform 76
Transform: AffineTransform_float_3_3
Parameters: 0.999999 0.000637382 0.00130366 -0.000640632 0.999998 0.00229633 -0.00130232 -0.00229668 0.999997 -0.111668 -0.0365993 -0.0438035
FixedParameters: 0 0 0

#Transform 77
Transform: AffineTransform_float_3_3
Parameters: 0.999999 0.000768541 0.00106939 -0.000770849 0.999998 0.00190134 -0.00106785 -0.00190167 0.999998 -0.0746771 -0.0378941 -0.077594
FixedParameters: 0 0 0

#Transform 78
Transform: AffineTransform_float_3_3
Parameters: 0.999997 0.000775172 0.00197564 -0.000779107 0.999997 0.00218402 -0.00197424 -0.00218498 0.999996 0.0309792 -0.0166669 0.267581
FixedParameters: 0 0 0

#Transform 79
Transform: AffineTransform_float_3_3
Parameters: 0.999997 0.001491 0.00156675 -0.00149565 0.999995 0.00310454 -0.00156261 -0.00310646 0.999993 0.0484151 -0.0738025 0.287145
FixedParameters: 0 0 0

#Transform 80
Transform: AffineTransform_float_3_3
Parameters: 0.999999 0.00109173 0.00137227 -0.00109564 0.999996 0.00270566 -0.00136912 -0.00270734 0.999996 0.0323379 -0.0531124 0.12614
FixedParameters: 0 0 0

#Transform 81
Transform: AffineTransform_float_3_3
Parameters: 0.999999 0.000416167 0.00145615 -0.000419513 0.999997 0.00249459 -0.00145487 -0.00249541 0.999996 0.0319738 -0.0563687 0.0931467
FixedParameters: 0 0 0

#Transform 82
Transform: AffineTransform_float_3_3
Parameters: 0.999998 0.000360894 0.0019431 -0.000365122 0.999997 0.00234769 -0.00194241 -0.00234831 0.999996 0.0395069 -0.0380774 0.0665519
FixedParameters: 0 0 0

#Transform 83
Transform: AffineTransform_float_3_3
Parameters: 0.999994 0.00168255 0.00300686 -0.00169006 0.999996 0.0024826 -0.00300206 -0.00248839 0.999992 0.0173657 -0.0247453 -0.12386
FixedParameters: 0 0 0

#Transform 84
Transform: AffineTransform_float_3_3
Parameters: 0.999996 0.000124304 0.00263451 -0.000130438 0.999997 0.0025035 -0.00263431 -0.0025035 0.999994 0.0448833 -0.0204732 -0.0888969
FixedParameters: 0 0 0

#Transform 85
Transform: AffineTransform_float_3_3
Parameters: 0.999997 0.000592436 0.00204175 -0.000598157 0.999996 0.00279018 -0.00204063 -0.00279182 0.999994 0.0219293 -0.031145 -0.085004
FixedParameters: 0 0 0

#Transform 86
Transform: AffineTransform_float_3_3
Parameters: 0.999997 0.00220957 0.00102718 -0.0022118 0.999994 0.00250745 -0.00102179 -0.00251055 0.999996 -0.010247 -0.0239256 -0.144793
FixedParameters: 0 0 0

#Transform 87
Transform: AffineTransform_float_3_3
Parameters: 0.999996 0.00161527 0.0020438 -0.00162009 0.999996 0.00246697 -0.00203996 -0.00247003 0.999995 0.0154653 -0.0476253 -0.0447711
FixedParameters: 0 0 0

#Transform 88
Transform: AffineTransform_float_3_3
Parameters: 0.999998 0.000932257 0.0020741 -0.000936368 0.999997 0.00212262 -0.00207212 -0.00212438 0.999996 0.0371659 -0.0153605 -0.0961863
FixedParameters: 0 0 0

#Transform 89
Transform: AffineTransform_float_3_3
Parameters: 0.999997 0.00134624 0.0019957 -0.00135169 0.999996 0.00244162 -0.00199306 -0.00244437 0.999995 0.0452806 -0.0277755 -0.0917528
FixedParameters: 0 0 0

#Transform 90
Transform: AffineTransform_float_3_3
Parameters: 0.999996 0.00158571 0.00209254 -0.00159284 0.999994 0.00319895 -0.00208672 -0.00320205 0.999993 0.0513668 -0.0238685 -0.136792
FixedParameters: 0 0 0

#Transform 91
Transform: AffineTransform_float_3_3
Parameters: 0.999992 0.00301518 0.0028378 -0.00302254 0.999992 0.00263371 -0.00282958 -0.00264229 0.999992 0.0684775 0.00601904 -0.262335
FixedParameters: 0 0 0

#Transform 92
Transform: AffineTransform_float_3_3
Parameters: 0.999999 0.00122538 0.000895557 -0.00122733 0.999996 0.00239306 -0.000893233 -0.00239394 0.999997 -0.0240756 -0.0232852 -0.294265
FixedParameters: 0 0 0

#Transform 93
Transform: AffineTransform_float_3_3
Parameters: 0.999998 0.00137789 0.00141506 -0.00137901 0.999999 0.00101517 -0.00141365 -0.00101683 0.999999 0.00314594 -0.144372 0.43256
FixedParameters: 0 0 0

#Transform 94
Transform: AffineTransform_float_3_3
Parameters: 0.999998 0.00176149 -0.000960784 -0.00176048 0.999998 0.00124434 0.000963408 -0.00124266 0.999999 0.0399631 -0.287045 0.601939
FixedParameters: 0 0 0

#Transform 95
Transform: AffineTransform_float_3_3
Parameters: 1 0.0012017 0.000224231 -0.00120243 0.999993 0.00376449 -0.000220482 -0.00376451 0.999993 0.0201229 -0.126779 0.28365
FixedParameters: 0 0 0

#Transform 96
Transform: AffineTransform_float_3_3
Parameters: 0.999999 0.00109972 0.000796886 -0.00110314 0.999989 0.00472609 -0.000791405 -0.00472692 0.999989 0.0210486 -0.141031 0.287715
FixedParameters: 0 0 0

#Transform 97
Transform: AffineTransform_float_3_3
Parameters: 1 0.00105171 0.000558432 -0.00105378 0.999989 0.00446737 -0.000554733 -0.00446762 0.99999 0.0336447 -0.147468 0.353822
FixedParameters: 0 0 0

#Transform 98
Transform: AffineTransform_float_3_3
Parameters: 1 0.00108183 0.000148993 -0.00108239 0.999987 0.00512464 -0.000143203 -0.00512536 0.999987 0.0787028 -0.117409 0.417135
FixedParameters: 0 0 0

#Transform 99
Transform: AffineTransform_float_3_3
Parameters: 0.999999 0.000962634 0.000118258 -0.0009625 0.99999 0.00436285 -0.000114182 -0.00436216 0.999991 0.0557946 -0.144706 0.33103
FixedParameters: 0 0 0

#Transform 100
Transform: AffineTransform_float_3_3
Parameters: 1 0.000981701 0.000212302 -0.000982369 0.99999 0.00431659 -0.000208146 -0.0043174 0.99999 0.0371831 -0.142968 0.193513
FixedParameters: 0 0 0

#Transform 101
Transform: AffineTransform_float_3_3
Parameters: 0.999999 0.00115541 0.00106393 -0.00115837 0.999993 0.00340993 -0.00105999 -0.00341107 0.999994 0.0227848 -0.119897 0.129086
FixedParameters: 0 0 0

#Transform 102
Transform: AffineTransform_float_3_3
Parameters: 0.999999 0.000908809 0.00100996 -0.000911976 0.999994 0.00331104 -0.0010067 -0.00331196 0.999994 0.017623 -0.116096 0.123154
FixedParameters: 0 0 0

#Transform 103
Transform: AffineTransform_float_3_3
Parameters: 0.999999 0.000899222 0.00125829 -0.000903756 0.999992 0.00398102 -0.00125429 -0.00398197 0.999991 0.0192497 -0.123277 0.0821006
FixedParameters: 0 0 0

#Transform 104
Transform: AffineTransform_float_3_3
Parameters: 0.999999 0.000641782 0.00131045 -0.000646903 0.999993 0.00374831 -0.00130761 -0.00374869 0.999992 -0.00428068 -0.117306 0.295889
FixedParameters: 0 0 0

#Transform 105
Transform: AffineTransform_float_3_3
Parameters: 0.999998 0.000733223 0.00193997 -0.000741723 0.999991 0.00410717 -0.00193749 -0.00410883 0.99999 -0.000266568 -0.123603 0.311716
FixedParameters: 0 0 0

#Transform 106
Transform: AffineTransform_float_3_3
Parameters: 0.999997 0.00121166 0.00212558 -0.00121992 0.999991 0.00410778 -0.00212055 -0.00411123 0.999989 0.0413243 -0.108808 0.255134
FixedParameters: 0 0 0

#Transform 107
Transform: AffineTransform_float_3_3
Parameters: 0.999998 0.000712133 0.00189118 -0.000719976 0.999992 0.00409381 -0.00188792 -0.0040952 0.999989 0.0518807 -0.09872 0.26776
FixedParameters: 0 0 0

#Transform 108
Transform: AffineTransform_float_3_3
Parameters: 0.999998 0.000237417 0.00209664 -0.000246917 0.999991 0.00413409 -0.00209626 -0.00413391 0.999989 0.0900158 -0.0452983 0.296874
FixedParameters: 0 0 0

#Transform 109
Transform: AffineTransform_float_3_3
Parameters: 0.999997 0.000105037 0.00250444 -0.000113221 0.999994 0.00323836 -0.00250437 -0.00323863 0.999991 0.219769 -0.0549731 1.03299
FixedParameters: 0 0 0

#Transform 110
Transform: AffineTransform_float_3_3
Parameters: 0.999999 0.000488688 0.00145873 -0.00049314 0.999996 0.00279948 -0.00145777 -0.00280052 0.999995 0.152703 -0.0942234 0.763938
FixedParameters: 0 0 0

#Transform 111
Transform: AffineTransform_float_3_3
Parameters: 1 0.000875796 0.000797196 -0.000878355 0.999994 0.00319946 -0.00079415 -0.00319954 0.999995 0.124418 -0.095658 0.512562
FixedParameters: 0 0 0

#Transform 112
Transform: AffineTransform_float_3_3
Parameters: 0.999999 0.000538924 0.00077596 -0.00054088 0.999996 0.00302558 -0.00077428 -0.00302642 0.999995 0.112633 -0.125885 0.493458
FixedParameters: 0 0 0

#Transform 113
Transform: AffineTransform_float_3_3
Parameters: 0.999999 0.000525837 0.00130324 -0.000529172 0.999995 0.00316051 -0.00130092 -0.00316149 0.999994 0.120101 -0.109186 0.475633
FixedParameters: 0 0 0

#Transform 114
Transform: AffineTransform_float_3_3
Parameters: 0.999998 0.000511231 0.00157573 -0.000516695 0.999993 0.00360059 -0.00157325 -0.00360141 0.999992 0.0187621 -0.153099 0.635451
FixedParameters: 0 0 0

#Transform 115
Transform: AffineTransform_float_3_3
Parameters: 0.999997 0.000617468 0.00210634 -0.000627142 0.99999 0.00434228 -0.00210374 -0.00434371 0.999989 0.0177746 -0.15372 0.628783
FixedParameters: 0 0 0

#Transform 116
Transform: AffineTransform_float_3_3
Parameters: 0.999997 0.000767061 0.00205657 -0.000776545 0.999992 0.00411377 -0.0020538 -0.00411523 0.99999 0.0582196 -0.0950633 0.541873
FixedParameters: 0 0 0

#Transform 117
Transform: AffineTransform_float_3_3
Parameters: 0.999996 0.00126087 0.00252155 -0.00127023 0.999992 0.00391432 -0.00251583 -0.00391767 0.999989 0.00990498 -0.22008 1.18938
FixedParameters: 0 0 0

#Transform 118
Transform: AffineTransform_float_3_3
Parameters: 0.999998 0.00110584 0.00190882 -0.00110904 0.999997 0.0020152 -0.00190732 -0.0020168 0.999996 0.0158509 -0.0492226 0.785219
FixedParameters: 0 0 0

#Transform 119
Transform: AffineTransform_float_3_3
Parameters: 0.999994 0.00140465 0.00300392 -0.00140957 0.999998 0.00176269 -0.00300115 -0.00176732 0.999994 0.115654 0.0417565 0.29803
FixedParameters: 0 0 0
