#Insight Transform File V1.0
#Transform 0
Transform: AffineTransform_float_3_3
Parameters: 0.999915 -0.00242207 0.0128388 0.00244589 0.999995 -0.00181938 -0.0128339 0.00185068 0.999916 -0.0865949 -0.0546636 0.352081
FixedParameters: 0 0 0

#Transform 1
Transform: AffineTransform_float_3_3
Parameters: 0.99993 -0.00179431 0.0117349 0.00180981 0.999998 -0.00130065 -0.0117319 0.00132165 0.99993 -0.157837 -0.0716783 0.36181
FixedParameters: 0 0 0

#Transform 2
Transform: AffineTransform_float_3_3
Parameters: 0.999935 -0.00485439 0.0103288 0.00487085 0.999987 -0.00160483 -0.0103209 0.00165523 0.999946 0.00300899 -0.021368 0.26134
FixedParameters: 0 0 0

#Transform 3
Transform: AffineTransform_float_3_3
Parameters: 0.999937 -0.0045009 0.0101898 0.00451693 0.999988 -0.00154113 -0.0101824 0.00158725 0.999947 -0.00478729 -0.0540417 0.310905
FixedParameters: 0 0 0

#Transform 4
Transform: AffineTransform_float_3_3
Parameters: 0.999947 -0.00481397 0.00919589 0.00486192 0.999975 -0.00520467 -0.00917045 0.0052488 0.999945 -0.0756198 -0.0300236 0.225814
FixedParameters: 0 0 0

#Transform 5
Transform: AffineTransform_float_3_3
Parameters: 0.999933 -0.00509127 0.0104289 0.00519687 0.999935 -0.0101081 -0.0103767 0.0101614 0.999894 -0.057442 0.0387636 0.217141
FixedParameters: 0 0 0

#Transform 6
Transform: AffineTransform_float_3_3
Parameters: 0.999924 -0.00532598 0.0110736 0.0054126 0.999955 -0.00784 -0.0110315 0.00789926 0.999908 -0.0343883 0.066857 0.256092
FixedParameters: 0 0 0

#Transform 7
Transform: AffineTransform_float_3_3
Parameters: 0.999903 -0.00708106 0.0119949 0.00714769 0.999959 -0.00558882 -0.0119546 0.00567372 0.999912 0.0393482 0.02455 0.345218
FixedParameters: 0 0 0

#Transform 8
Transform: AffineTransform_float_3_3
Parameters: 0.999873 -0.00859678 0.0134267 0.0086737 0.999946 -0.00568997 -0.0133768 0.00580506 0.999894 0.0864196 0.0242118 0.399475
FixedParameters: 0 0 0

#Transform 9
Transform: AffineTransform_float_3_3
Parameters: 0.999904 -0.0068169 0.0120621 0.00688351 0.999962 -0.00545929 -0.0120246 0.00554154 0.999912 0.0619539 -0.0221844 0.415821
FixedParameters: 0 0 0

#Transform 10
Transform: AffineTransform_float_3_3
Parameters: 0.999915 -0.00685355 0.0111112 0.00693104 0.999952 -0.00695881 -0.0110623 0.00703482 0.999914 0.0233229 0.00143933 0.30501
FixedParameters: 0 0 0

#Transform 11
Transform: AffineTransform_float_3_3
Parameters: 0.999938 -0.00509827 0.00992194 0.00517819 0.999954 -0.00807751 -0.00987939 0.0081283 0.999918 -0.00629407 0.00600607 0.186885
FixedParameters: 0 0 0

#Transform 12
Transform: AffineTransform_float_3_3
Parameters: 0.999944 -0.00475344 0.00940621 0.00483582 0.99995 -0.00874917 -0.00936374 0.00879445 0.999917 0.00740715 0.0153511 0.235375
FixedParameters: 0 0 0

#Transform 13
Transform: AffineTransform_float_3_3
Parameters: 0.999943 -0.00377851 0.00999665 0.00384813 0.999969 -0.00687879 -0.0099702 0.00691723 0.999927 0.0199656 0.00553268 0.319662
FixedParameters: 0 0 0

#Transform 14
Transform: AffineTransform_float_3_3
Parameters: 0.99996 -0.00274016 0.00850677 0.00281265 0.99996 -0.00849685 -0.00848339 0.00851952 0.999928 -0.144399 -0.0270614 0.106112
FixedParameters: 0 0 0

#Transform 15
Transform: AffineTransform_float_3_3
Parameters: 0.999985 0.00226187 0.00483499 -0.00227397 0.999994 0.00238013 -0.00482924 -0.00239105 0.999986 0.0801462 0.0935395 -0.00891737
FixedParameters: 0 0 0

#Transform 16
Transform: AffineTransform_float_3_3
Parameters: 0.999998 0.00126885 0.00102042 -0.00126732 0.999998 -0.00115372 -0.00102225 0.00115214 0.999998 -0.0446286 -0.0384876 0.0507216
FixedParameters: 0 0 0

#Transform 17
Transform: AffineTransform_float_3_3
Parameters: 0.999998 0.0014813 0.00173995 -0.00148071 0.999999 -0.00066534 -0.00174082 0.000663424 0.999998 -0.0792202 0.0105012 0.14201
FixedParameters: 0 0 0

#Transform 18
Transform: AffineTransform_float_3_3
Parameters: 0.999999 0.00129349 0.000864007 -0.00129218 0.999999 -0.000657548 -0.000864724 0.000656272 1 -0.0553295 0.00392731 0.0385316
FixedParameters: 0 0 0

#Transform 19
Transform: AffineTransform_float_3_3
Parameters: 1 0.000906194 0.000653058 -0.000905289 1 -0.000651335 -0.000654244 0.000651122 1 -0.0265737 0.000320173 0.0241128
FixedParameters: 0 0 0

#Transform 20
Transform: AffineTransform_float_3_3
Parameters: 1 -2.53717e-05 0.000591071 2.61093e-05 1 -0.000623967 -0.000591039 0.000623998 0.999999 -0.00837203 0.00752639 0.0381023
FixedParameters: 0 0 0

#Transform 21
Transform: AffineTransform_float_3_3
Parameters: 1 0.000273967 0.000644471 -0.000274405 1 0.000339896 -0.000644284 -0.000340249 0.999999 -0.0162307 -8.81609e-05 0.0551403
FixedParameters: 0 0 0

#Transform 22
Transform: AffineTransform_float_3_3
Parameters: 1 -2.38827e-06 -0.000333002 2.38224e-06 1 -9.05139e-06 0.000333002 9.04979e-06 1 0.0100964 0.0157457 -0.0745953
FixedParameters: 0 0 0

#Transform 23
Transform: AffineTransform_float_3_3
Parameters: 0.999999 0.000306213 -0.000784285 -0.000306751 1 -0.000342986 0.000784074 0.000343466 0.999999 0.0323856 0.00875013 0.133328
FixedParameters: 0 0 0

#Transform 24
Transform: AffineTransform_float_3_3
Parameters: 0.999996 0.00137621 -0.00239507 -0.00137586 0.999999 0.000112161 0.00239529 -0.000108018 0.999998 0.0125169 0.0458403 -0.0149213
FixedParameters: 0 0 0

#Transform 25
Transform: AffineTransform_float_3_3
Parameters: 0.999997 0.000998593 -0.00232668 -0.000998843 1 -1.56671e-05 0.00232656 1.76331e-05 0.999997 -0.00750257 0.0395749 -0.089918
FixedParameters: 0 0 0

#Transform 26
Transform: AffineTransform_float_3_3
Parameters: 0.999997 0.000943184 -0.00235097 -0.000942042 1 0.000277926 0.00235151 -0.000275943 0.999998 -0.00729631 0.00661829 -0.0294261
FixedParameters: 0 0 0

#Transform 27
Transform: AffineTransform_float_3_3
Parameters: 0.999997 0.00120551 -0.00208741 -0.00120794 0.999999 -0.000832095 0.00208717 0.000834374 0.999997 -0.0406269 0.0356202 -0.0583999
FixedParameters: 0 0 0

#Transform 28
Transform: AffineTransform_float_3_3
Parameters: 0.999997 0.00108834 -0.00191148 -0.00109188 0.999998 -0.00173924 0.00190943 0.00174151 0.999996 -0.0391567 0.0113024 0.0238063
FixedParameters: 0 0 0

#Transform 29
Transform: AffineTransform_float_3_3
Parameters: 0.999999 0.00176941 -0.000600161 -0.00176968 0.999997 -0.00123273 0.000597547 0.00123454 0.999999 -0.151126 0.055993 -0.160682
FixedParameters: 0 0 0

#Transform 30
Transform: AffineTransform_float_3_3
Parameters: 0.999995 0.00202651 -0.00251436 -0.0020285 0.999997 -0.00097341 0.00251185 0.000978564 0.999996 -0.145277 0.0791144 -0.266313
FixedParameters: 0 0 0

#Transform 31
Transform: AffineTransform_float_3_3
Parameters: 0.999991 0.00206755 -0.00355042 -0.00207265 0.999997 -0.00140168 0.00354693 0.001409 0.999993 -0.126947 0.0903783 -0.235825
FixedParameters: 0 0 0

#Transform 32
Transform: AffineTransform_float_3_3
Parameters: 0.999992 0.00266846 -0.00292585 -0.0026702 0.999997 -0.000600403 0.00292398 0.00060886 0.999996 -0.15527 0.0730235 -0.160267
FixedParameters: 0 0 0

#Transform 33
Transform: AffineTransform_float_3_3
Parameters: 0.999994 0.00199821 -0.00283843 -0.00199974 0.999998 -0.000582724 0.00283655 0.000589096 0.999995 -0.121875 0.0992588 -0.206795
FixedParameters: 0 0 0

#Transform 34
Transform: AffineTransform_float_3_3
Parameters: 0.999995 0.00186813 -0.00275818 -0.00186807 0.999998 6.93936e-05 0.00275814 -6.37111e-05 0.999996 -0.160544 0.0643734 -0.163524
FixedParameters: 0 0 0

#Transform 35
Transform: AffineTransform_float_3_3
Parameters: 0.999993 0.00215112 -0.00281476 -0.00215015 0.999998 0.000416151 0.00281637 -0.000409814 0.999996 -0.139432 0.0751037 -0.139186
FixedParameters: 0 0 0

#Transform 36
Transform: AffineTransform_float_3_3
Parameters: 0.999994 0.00210288 -0.00283491 -0.00210239 0.999998 0.000152212 0.00283526 -0.000146116 0.999996 -0.12674 0.100209 -0.143558
FixedParameters: 0 0 0

#Transform 37
Transform: AffineTransform_float_3_3
Parameters: 0.999993 0.002098 -0.00289693 -0.00209687 0.999998 6.63995e-05 0.00289789 -5.99044e-05 0.999996 -0.135065 0.0946101 -0.183921
FixedParameters: 0 0 0

#Transform 38
Transform: AffineTransform_float_3_3
Parameters: 0.999993 0.00224334 -0.00296456 -0.00224252 0.999997 0.000398718 0.00296518 -0.000391919 0.999996 -0.131305 0.0761163 -0.123044
FixedParameters: 0 0 0

#Transform 39
Transform: AffineTransform_float_3_3
Parameters: 0.999997 0.00149535 -0.001979 -0.00149355 0.999998 0.0013502 0.00198034 -0.00134797 0.999997 -0.124624 0.0795832 -0.237138
FixedParameters: 0 0 0

#Transform 40
Transform: AffineTransform_float_3_3
Parameters: 0.999987 0.0050391 -0.000724507 -0.00503869 0.999985 0.00173912 0.000732961 -0.00173561 0.999998 -0.353351 0.0829941 -0.0270626
FixedParameters: 0 0 0

#Transform 41
Transform: AffineTransform_float_3_3
Parameters: 0.999975 0.00667919 -0.002037 -0.00667521 0.999975 0.00226054 0.00205233 -0.00224698 0.999996 -0.359125 0.114859 0.0319955
FixedParameters: 0 0 0

#Transform 42
Transform: AffineTransform_float_3_3
Parameters: 0.999973 0.00698214 -0.00232017 -0.00698054 0.999975 0.000826669 0.00232604 -0.00080964 0.999997 -0.373629 0.122021 0.0117145
FixedParameters: 0 0 0

#Transform 43
Transform: AffineTransform_float_3_3
Parameters: 0.999975 0.00657856 -0.00247834 -0.00657617 0.999978 0.000959779 0.00248464 -0.000942808 0.999997 -0.355013 0.141505 0.00772922
FixedParameters: 0 0 0

#Transform 44
Transform: AffineTransform_float_3_3
Parameters: 0.999976 0.00633118 -0.0027015 -0.00632754 0.999979 0.00135552 0.0027106 -0.00133857 0.999995 -0.338994 0.125988 0.0258047
FixedParameters: 0 0 0

#Transform 45
Transform: AffineTransform_float_3_3
Parameters: 0.999976 0.00630177 -0.00293085 -0.00629643 0.999978 0.0017775 0.00294233 -0.00175846 0.999994 -0.354179 0.16237 0.0360831
FixedParameters: 0 0 0

#Transform 46
Transform: AffineTransform_float_3_3
Parameters: 0.999978 0.00649362 -0.0018284 -0.00648866 0.999976 0.00254494 0.00184459 -0.00253293 0.999995 -0.39403 0.132771 0.0578118
FixedParameters: 0 0 0

#Transform 47
Transform: AffineTransform_float_3_3
Parameters: 0.999961 0.0074815 -0.0046675 -0.007458 0.999961 0.00488585 0.0047032 -0.00485091 0.999977 -0.435206 0.286152 0.0673077
FixedParameters: 0 0 0

#Transform 48
Transform: AffineTransform_float_3_3
Parameters: 0.999958 0.00844323 -0.00337442 -0.00843485 0.999961 0.00253488 0.00339598 -0.00250719 0.999991 -0.463668 0.0976912 0.11401
FixedParameters: 0 0 0

#Transform 49
Transform: AffineTransform_float_3_3
Parameters: 0.999945 0.00985482 -0.0035552 -0.00983875 0.999942 0.0044291 0.00359878 -0.00439401 0.999984 -0.496519 0.225719 0.0979867
FixedParameters: 0 0 0

#Transform 50
Transform: AffineTransform_float_3_3
Parameters: 0.999927 0.0111838 -0.0046913 -0.0111668 0.999931 0.00363018 0.00473168 -0.00357757 0.999982 -0.536393 0.17266 0.142557
FixedParameters: 0 0 0

#Transform 51
Transform: AffineTransform_float_3_3
Parameters: 0.999907 0.0124167 -0.00561981 -0.012406 0.999921 0.00203331 0.00564461 -0.00196323 0.999982 -0.572848 0.247804 0.0994957
FixedParameters: 0 0 0

#Transform 52
Transform: AffineTransform_float_3_3
Parameters: 0.99991 0.0123951 -0.00502747 -0.0123746 0.999915 0.0040939 0.00507783 -0.0040315 0.999979 -0.578034 0.196122 0.198556
FixedParameters: 0 0 0

#Transform 53
Transform: AffineTransform_float_3_3
Parameters: 0.999803 0.0183956 -0.0073598 -0.0183769 0.999828 0.00261255 0.00740679 -0.00247596 0.99997 -0.714851 0.258799 0.0961291
FixedParameters: 0 0 0

#Transform 54
Transform: AffineTransform_float_3_3
Parameters: 0.999798 0.0179951 -0.00895467 -0.0179464 0.999824 0.0054924 0.00905206 -0.00533139 0.999945 -0.739636 0.464038 0.110559
FixedParameters: 0 0 0

#Transform 55
Transform: AffineTransform_float_3_3
Parameters: 0.999841 0.016128 -0.00758734 -0.0160865 0.999855 0.00551341 0.00767512 -0.00539049 0.999957 -0.695191 0.176556 0.168789
FixedParameters: 0 0 0

#Transform 56
Transform: AffineTransform_float_3_3
Parameters: 0.99987 0.0135433 -0.00871392 -0.0135019 0.999898 0.00478829 0.00877783 -0.00466977 0.999951 -0.553137 0.330351 -0.0997035
FixedParameters: 0 0 0

#Transform 57
Transform: AffineTransform_float_3_3
Parameters: 0.999906 0.0107397 -0.00846822 -0.0107107 0.999937 0.00339802 0.00850425 -0.00330635 0.999958 -0.555742 0.222325 0.00654185
FixedParameters: 0 0 0

#Transform 58
Transform: AffineTransform_float_3_3
Parameters: 0.999902 0.0107605 -0.00896129 -0.0107316 0.999937 0.00327699 0.00899584 -0.00318044 0.999955 -0.622086 0.277224 0.0183484
FixedParameters: 0 0 0

#Transform 59
Transform: AffineTransform_float_3_3
Parameters: 0.99989 0.0118507 -0.00889107 -0.0118118 0.99992 0.00438775 0.00894281 -0.00428288 0.999951 -0.670265 0.14997 0.145392
FixedParameters: 0 0 0

#Transform 60
Transform: AffineTransform_float_3_3
Parameters: 0.999859 0.0144275 -0.00868085 -0.0143834 0.999884 0.00503332 0.00875179 -0.00490724 0.99995 -0.762774 0.243749 0.124678
FixedParameters: 0 0 0

#Transform 61
Transform: AffineTransform_float_3_3
Parameters: 0.999799 0.0171876 -0.0103118 -0.0170912 0.99981 0.00941976 0.0104717 -0.00924109 0.999902 -0.945419 0.464412 0.209473
FixedParameters: 0 0 0

#Transform 62
Transform: AffineTransform_float_3_3
Parameters: 0.999805 0.0170785 -0.00994642 -0.0169852 0.999811 0.00943134 0.0101059 -0.00926049 0.999906 -0.935042 0.227202 0.208986
FixedParameters: 0 0 0

#Transform 63
Transform: AffineTransform_float_3_3
Parameters: 0.999768 0.0186422 -0.0107487 -0.0185693 0.999804 0.00686864 0.0108741 -0.00666752 0.999919 -0.856513 0.258427 0.0922138
FixedParameters: 0 0 0

#Transform 64
Transform: AffineTransform_float_3_3
Parameters: 0.999809 0.0163636 -0.0107356 -0.0163086 0.999853 0.00521341 0.0108194 -0.00503744 0.999928 -0.753682 0.322835 0.148768
FixedParameters: 0 0 0

#Transform 65
Transform: AffineTransform_float_3_3
Parameters: 0.999851 0.0126637 -0.0116677 -0.0126116 0.999911 0.00450441 0.0117237 -0.0043564 0.999922 -0.680466 0.303878 0.205293
FixedParameters: 0 0 0

#Transform 66
Transform: AffineTransform_float_3_3
Parameters: 0.999839 0.0137363 -0.0115411 -0.0136722 0.999891 0.00557837 0.0116169 -0.00541983 0.999918 -0.740201 0.25002 0.307938
FixedParameters: 0 0 0

#Transform 67
Transform: AffineTransform_float_3_3
Parameters: 0.999745 0.0187387 -0.012538 -0.0186618 0.999806 0.00627324 0.0126534 -0.00603762 0.999902 -0.823628 0.300474 0.854867
FixedParameters: 0 0 0

#Transform 68
Transform: AffineTransform_float_3_3
Parameters: 0.999695 0.0173479 -0.0176109 -0.0173402 0.999849 0.000600292 0.0176183 -0.0002954 0.999845 -0.636109 0.431673 0.24428
FixedParameters: 0 0 0

#Transform 69
Transform: AffineTransform_float_3_3
Parameters: 0.999765 0.0154531 -0.0151613 -0.0154016 0.999875 0.00355294 0.0152137 -0.00331844 0.999878 -0.564984 0.339688 0.173716
FixedParameters: 0 0 0

#Transform 70
Transform: AffineTransform_float_3_3
Parameters: 0.999799 0.0145424 -0.0137982 -0.0144818 0.999885 0.00446736 0.0138614 -0.00426602 0.999895 -0.595375 0.297123 0.244019
FixedParameters: 0 0 0

#Transform 71
Transform: AffineTransform_float_3_3
Parameters: 0.999799 0.0145699 -0.0138012 -0.0145091 0.999885 0.00447618 0.0138649 -0.00427519 0.999895 -0.613888 0.321393 0.358781
FixedParameters: 0 0 0

#Transform 72
Transform: AffineTransform_float_3_3
Parameters: 0.999787 0.0150013 -0.0141377 -0.0149344 0.999877 0.0048174 0.0142081 -0.00460491 0.999888 -0.686836 0.332893 0.372033
FixedParameters: 0 0 0

#Transform 73
Transform: AffineTransform_float_3_3
Parameters: 0.999789 0.0148585 -0.0142302 -0.014789 0.999878 0.00499447 0.0143022 -0.00478315 0.999886 -0.663541 0.31679 0.375197
FixedParameters: 0 0 0

#Transform 74
Transform: AffineTransform_float_3_3
Parameters: 0.999802 0.0143543 -0.0137841 -0.0142899 0.999886 0.00476221 0.013851 -0.00456359 0.999894 -0.634174 0.280763 0.386605
FixedParameters: 0 0 0

#Transform 75
Transform: AffineTransform_float_3_3
Parameters: 0.9998 0.0139204 -0.0143684 -0.0138612 0.999895 0.00427071 0.0144258 -0.00407097 0.999888 -0.597018 0.326576 0.309503
FixedParameters: 0 0 0

#Transform 76
Transform: AffineTransform_float_3_3
Parameters: 0.999802 0.0134972 -0.0146497 -0.0134436 0.999902 0.00371288 0.014699 -0.00351477 0.999885 -0.590498 0.324838 0.307951
FixedParameters: 0 0 0

#Transform 77
Transform: AffineTransform_float_3_3
Parameters: 0.999807 0.0137119 -0.0140969 -0.0136591 0.999899 0.00382242 0.0141486 -0.00362859 0.999893 -0.615342 0.328919 0.294587
FixedParameters: 0 0 0

#Transform 78
Transform: AffineTransform_float_3_3
Parameters: 0.999834 0.0116358 -0.0139868 -0.0115186 0.999898 0.00842528 0.0140838 -0.00826304 0.999866 -0.487836 0.291219 0.448164
FixedParameters: 0 0 0

#Transform 79
Transform: AffineTransform_float_3_3
Parameters: 0.999792 0.0142507 -0.0146027 -0.0141406 0.999871 0.00762551 0.0147093 -0.00741758 0.999864 -0.664096 0.317523 0.320435
FixedParameters: 0 0 0

#Transform 80
Transform: AffineTransform_float_3_3
Parameters: 0.999773 0.014548 -0.0155554 -0.0144581 0.999878 0.00586282 0.0156393 -0.00563576 0.999862 -0.651317 0.344878 0.302679
FixedParameters: 0 0 0

#Transform 81
Transform: AffineTransform_float_3_3
Parameters: 0.99977 0.0150862 -0.0152513 -0.0150042 0.999872 0.00548343 0.0153319 -0.00525306 0.999869 -0.672097 0.348852 0.262894
FixedParameters: 0 0 0

#Transform 82
Transform: AffineTransform_float_3_3
Parameters: 0.999752 0.0150066 -0.0164495 -0.0149249 0.999875 0.00510793 0.0165235 -0.00486098 0.999851 -0.661794 0.324851 0.239589
FixedParameters: 0 0 0

#Transform 83
Transform: AffineTransform_float_3_3
Parameters: 0.999749 0.0152088 -0.0164949 -0.0151485 0.999878 0.00380988 0.0165504 -0.00355945 0.999857 -0.680544 0.39019 0.092851
FixedParameters: 0 0 0

#Transform 84
Transform: AffineTransform_float_3_3
Parameters: 0.999756 0.0147617 -0.0164429 -0.014701 0.999885 0.00384632 0.0164972 -0.00360375 0.999857 -0.679946 0.36216 0.120934
FixedParameters: 0 0 0

#Transform 85
Transform: AffineTransform_float_3_3
Parameters: 0.99974 0.0162425 -0.0160063 -0.0162162 0.999867 0.00178713 0.0160336 -0.00152711 0.99987 -0.710687 0.361375 0.116224
FixedParameters: 0 0 0

#Transform 86
Transform: AffineTransform_float_3_3
Parameters: 0.999756 0.0157515 -0.0155129 -0.0157223 0.999874 0.00200782 0.0155432 -0.00176337 0.999878 -0.691466 0.34142 0.0952589
FixedParameters: 0 0 0

#Transform 87
Transform: AffineTransform_float_3_3
Parameters: 0.999755 0.0155821 -0.0156849 -0.0155435 0.999876 0.00261636 0.0157229 -0.00237225 0.999873 -0.649284 0.33917 0.0863474
FixedParameters: 0 0 0

#Transform 88
Transform: AffineTransform_float_3_3
Parameters: 0.999783 0.0142273 -0.0152286 -0.0141955 0.999896 0.00217283 0.0152582 -0.00195555 0.999882 -0.638907 0.4024 -0.0111794
FixedParameters: 0 0 0

#Transform 89
Transform: AffineTransform_float_3_3
Parameters: 0.99976 0.015172 -0.0158034 -0.0151317 0.999882 0.00267276 0.0158421 -0.00243365 0.999872 -0.625405 0.296173 0.0776422
FixedParameters: 0 0 0

#Transform 90
Transform: AffineTransform_float_3_3
Parameters: 0.999762 0.0150195 -0.015806 -0.0149658 0.999882 0.00355285 0.0158574 -0.00331524 0.999869 -0.607102 0.344961 0.0704931
FixedParameters: 0 0 0

#Transform 91
Transform: AffineTransform_float_3_3
Parameters: 0.999767 0.0154104 -0.0151123 -0.0153607 0.999876 0.00342573 0.0151633 -0.0031932 0.99988 -0.619551 0.345663 0.0610465
FixedParameters: 0 0 0

#Transform 92
Transform: AffineTransform_float_3_3
Parameters: 0.999757 0.0158654 -0.0153151 -0.0158223 0.999871 0.00289492 0.0153593 -0.00265285 0.999878 -0.623447 0.376826 0.0642878
FixedParameters: 0 0 0

#Transform 93
Transform: AffineTransform_float_3_3
Parameters: 0.999754 0.0165294 -0.0147639 -0.016485 0.999859 0.00316736 0.0148141 -0.0029231 0.999886 -0.582023 0.346093 0.151097
FixedParameters: 0 0 0

#Transform 94
Transform: AffineTransform_float_3_3
Parameters: 0.999756 0.016117 -0.0151175 -0.0160679 0.999865 0.00336272 0.0151694 -0.00311949 0.99988 -0.60824 0.37832 0.140682
FixedParameters: 0 0 0

#Transform 95
Transform: AffineTransform_float_3_3
Parameters: 0.999781 0.0149975 -0.0145894 -0.0149554 0.999884 0.00301274 0.0146324 -0.00279376 0.999889 -0.601067 0.371615 0.0575299
FixedParameters: 0 0 0

#Transform 96
Transform: AffineTransform_float_3_3
Parameters: 0.999759 0.0157557 -0.0153233 -0.0157125 0.999872 0.00296706 0.0153676 -0.00272533 0.999879 -0.607133 0.35945 0.0848207
FixedParameters: 0 0 0

#Transform 97
Transform: AffineTransform_float_3_3
Parameters: 0.999762 0.0155697 -0.0153 -0.0155244 0.999875 0.00307021 0.0153459 -0.00283223 0.999878 -0.608897 0.355145 0.0935234
FixedParameters: 0 0 0

#Transform 98
Transform: AffineTransform_float_3_3
Parameters: 0.999761 0.0156002 -0.0153175 -0.0155668 0.999876 0.00227055 0.0153511 -0.00203161 0.99988 -0.638369 0.345233 0.0795509
FixedParameters: 0 0 0

#Transform 99
Transform: AffineTransform_float_3_3
Parameters: 0.999752 0.015203 -0.0162698 -0.0151672 0.999883 0.00234009 0.0163027 -0.00209272 0.999865 -0.674304 0.334035 0.104231
FixedParameters: 0 0 0

#Transform 100
Transform: AffineTransform_float_3_3
Parameters: 0.999759 0.0158608 -0.0152025 -0.0158163 0.999871 0.00302919 0.0152492 -0.002788 0.99988 -0.653032 0.345328 0.150489
FixedParameters: 0 0 0

#Transform 101
Transform: AffineTransform_float_3_3
Parameters: 0.999772 0.0150797 -0.0151262 -0.0150366 0.999883 0.00296741 0.0151691 -0.0027394 0.999881 -0.656422 0.385501 0.0875182
FixedParameters: 0 0 0

#Transform 102
Transform: AffineTransform_float_3_3
Parameters: 0.999776 0.0147522 -0.0152046 -0.014706 0.999887 0.00311757 0.0152488 -0.00289255 0.999879 -0.646645 0.371731 0.0671455
FixedParameters: 0 0 0

#Transform 103
Transform: AffineTransform_float_3_3
Parameters: 0.999753 0.0151887 -0.0161992 -0.0151398 0.99988 0.00313364 0.0162446 -0.00288742 0.999864 -0.643263 0.360117 0.0807425
FixedParameters: 0 0 0

#Transform 104
Transform: AffineTransform_float_3_3
Parameters: 0.999741 0.0164986 -0.0156935 -0.0164299 0.999855 0.00448567 0.0157653 -0.00422677 0.999866 -0.692304 0.352571 0.148833
FixedParameters: 0 0 0

#Transform 105
Transform: AffineTransform_float_3_3
Parameters: 0.99975 0.0158241 -0.0158342 -0.0157683 0.999869 0.00361757 0.0158893 -0.00336677 0.999868 -0.648336 0.388373 0.123188
FixedParameters: 0 0 0

#Transform 106
Transform: AffineTransform_float_3_3
Parameters: 0.999747 0.0157555 -0.0160305 -0.0157045 0.999871 0.00328413 0.0160802 -0.00303161 0.999866 -0.645314 0.3558 0.138353
FixedParameters: 0 0 0

#Transform 107
Transform: AffineTransform_float_3_3
Parameters: 0.999751 0.0158085 -0.015701 -0.0157645 0.999871 0.00290543 0.0157444 -0.00265709 0.999873 -0.637313 0.345462 0.128272
FixedParameters: 0 0 0

#Transform 108
Transform: AffineTransform_float_3_3
Parameters: 0.999749 0.0161801 -0.0154669 -0.0161329 0.999865 0.0032051 0.0155158 -0.00295486 0.999875 -0.654251 0.381365 0.0958371
FixedParameters: 0 0 0

#Transform 109
Transform: AffineTransform_float_3_3
Parameters: 0.999763 0.0156769 -0.0151041 -0.0156446 0.999875 0.00225664 0.0151376 -0.00201905 0.999884 -0.661717 0.38135 -0.0213109
FixedParameters: 0 0 0

#Transform 110
Transform: AffineTransform_float_3_3
Parameters: 0.99975 0.0160813 -0.015501 -0.0160452 0.999869 0.00246222 0.0155393 -0.00221299 0.999877 -0.689871 0.362784 0.019778
FixedParameters: 0 0 0

#Transform 111
Transform: AffineTransform_float_3_3
Parameters: 0.999749 0.0139123 -0.0175944 -0.013882 0.999902 0.00185 0.0176183 -0.00160556 0.999843 -0.519548 0.374728 -0.148143
FixedParameters: 0 0 0

#Transform 112
Transform: AffineTransform_float_3_3
Parameters: 0.99974 0.0164598 -0.0157963 -0.0164246 0.999863 0.00238054 0.0158336 -0.00212055 0.999873 -0.61236 0.419943 -0.221981
FixedParameters: 0 0 0

#Transform 113
Transform: AffineTransform_float_3_3
Parameters: 0.999779 0.0182481 -0.0104588 -0.0182231 0.999831 0.00241875 0.010501 -0.00222691 0.999942 -0.703727 0.454919 -0.243736
FixedParameters: 0 0 0

#Transform 114
Transform: AffineTransform_float_3_3
Parameters: 0.999741 0.0200951 -0.0106278 -0.0200922 0.999798 0.00038669 0.0106333 -0.000173196 0.999943 -0.837718 0.459004 -0.222967
FixedParameters: 0 0 0

#Transform 115
Transform: AffineTransform_float_3_3
Parameters: 0.999823 0.0158087 -0.0102242 -0.0158108 0.999875 -5.98859e-05 0.0102223 0.000221575 0.999948 -0.675566 0.40843 -0.202054
FixedParameters: 0 0 0

#Transform 116
Transform: AffineTransform_float_3_3
Parameters: 0.999735 0.0176106 -0.0147685 -0.0176144 0.999845 -0.000120334 0.0147645 0.000380105 0.999891 -0.637571 0.456569 -0.0686806
FixedParameters: 0 0 0

#Transform 117
Transform: AffineTransform_float_3_3
Parameters: 0.9997 0.0201734 -0.0138424 -0.02019 0.999795 -0.00106418 0.0138181 0.00134366 0.999903 -0.761262 0.434189 -0.0475895
FixedParameters: 0 0 0

#Transform 118
Transform: AffineTransform_float_3_3
Parameters: 0.999704 0.0204843 -0.013076 -0.0204875 0.99979 -0.000109003 0.0130711 0.000377113 0.999914 -0.725747 0.458754 -0.0811172
FixedParameters: 0 0 0

#Transform 119
Transform: AffineTransform_float_3_3
Parameters: 0.999705 0.0202774 -0.013337 -0.0202743 0.999794 0.000371876 0.0133427 -0.000101308 0.999911 -0.727501 0.495569 -0.111269
FixedParameters: 0 0 0
