#Insight Transform File V1.0
#Transform 0
Transform: AffineTransform_float_3_3
Parameters: 1 0.00026205 0.000990572 -0.0002624 1 0.000668017 -0.000990443 -0.000668054 1 -0.00526252 0.104336 -0.70749
FixedParameters: 0 0 0

#Transform 1
Transform: AffineTransform_float_3_3
Parameters: 0.999998 0.00108829 0.00119987 -0.00108868 0.999999 0.000542402 -0.0011989 -0.000543631 0.999999 -0.0450593 -0.00956301 -0.549992
FixedParameters: 0 0 0

#Transform 2
Transform: AffineTransform_float_3_3
Parameters: 0.999965 0.00492363 -0.00677153 -0.00514211 0.999453 -0.0326726 0.00660629 0.0327062 0.999443 -0.216814 0.460556 -1.96008
FixedParameters: 0 0 0

#Transform 3
Transform: AffineTransform_float_3_3
Parameters: 0.999988 0.00185574 -0.00450259 -0.0019167 0.999905 -0.0136964 0.00447726 0.0137049 0.999896 -0.071972 0.248367 -1.04831
FixedParameters: 0 0 0

#Transform 4
Transform: AffineTransform_float_3_3
Parameters: 0.999996 0.00138665 -0.00260676 -0.00141831 0.999926 -0.012028 0.00259013 0.0120313 0.999924 -0.0751074 0.136439 -0.910665
FixedParameters: 0 0 0

#Transform 5
Transform: AffineTransform_float_3_3
Parameters: 0.999995 0.00113918 -0.00271205 -0.0011655 0.99995 -0.00992834 0.00270022 0.00993081 0.999947 -0.0431452 0.250139 -0.759149
FixedParameters: 0 0 0

#Transform 6
Transform: AffineTransform_float_3_3
Parameters: 0.999996 0.00108935 -0.00247143 -0.00110654 0.999976 -0.0067645 0.0024638 0.00676772 0.999974 -0.0524114 0.152194 -0.402834
FixedParameters: 0 0 0

#Transform 7
Transform: AffineTransform_float_3_3
Parameters: 0.999997 0.000610531 -0.00235945 -0.000626964 0.999975 -0.0070124 0.00235564 0.00701402 0.999972 -0.0568331 0.114753 -0.456363
FixedParameters: 0 0 0

#Transform 8
Transform: AffineTransform_float_3_3
Parameters: 0.999998 0.000854211 -0.00190344 -0.000865318 0.999982 -0.00600136 0.00189886 0.00600263 0.99998 -0.061197 0.124145 -0.384218
FixedParameters: 0 0 0

#Transform 9
Transform: AffineTransform_float_3_3
Parameters: 0.999993 0.00138919 -0.00358428 -0.00142425 0.999951 -0.00983177 0.00357029 0.00983714 0.999945 -0.0696312 0.154154 -0.583701
FixedParameters: 0 0 0

#Transform 10
Transform: AffineTransform_float_3_3
Parameters: 0.999993 0.00114457 -0.00350328 -0.00118132 0.999943 -0.0105506 0.00349112 0.0105546 0.999938 -0.0683428 0.227874 -0.580821
FixedParameters: 0 0 0

#Transform 11
Transform: AffineTransform_float_3_3
Parameters: 0.999997 0.00124204 -0.00206896 -0.0012595 0.999964 -0.00835639 0.00205896 0.00835902 0.999963 -0.0603686 0.166294 -0.663083
FixedParameters: 0 0 0

#Transform 12
Transform: AffineTransform_float_3_3
Parameters: 0.999995 0.00113444 -0.00294239 -0.00115899 0.999966 -0.00825004 0.00293291 0.00825413 0.999962 -0.0705152 0.155641 -0.435797
FixedParameters: 0 0 0

#Transform 13
Transform: AffineTransform_float_3_3
Parameters: 0.999999 0.00107622 -5.15022e-05 -0.00107648 0.999985 -0.0053788 4.55517e-05 0.00537857 0.999985 -0.0659846 0.169536 -0.311211
FixedParameters: 0 0 0

#Transform 14
Transform: AffineTransform_float_3_3
Parameters: 0.999999 0.000378153 -0.0012553 -0.000384549 0.999987 -0.0052134 0.00125345 0.00521385 0.999986 -0.0279371 0.151015 -0.159145
FixedParameters: 0 0 0

#Transform 15
Transform: AffineTransform_float_3_3
Parameters: 0.999999 0.000384161 -0.00125684 -0.000390903 0.999985 -0.0053357 0.00125473 0.0053366 0.999985 -0.0234151 0.137463 -0.212184
FixedParameters: 0 0 0

#Transform 16
Transform: AffineTransform_float_3_3
Parameters: 0.999999 8.23554e-05 -0.00118659 -8.80738e-05 0.999984 -0.00552347 0.00118637 0.00552362 0.999984 -0.018903 0.144954 -0.239535
FixedParameters: 0 0 0

#Transform 17
Transform: AffineTransform_float_3_3
Parameters: 1 0.000471884 -0.000616007 -0.000475969 0.999979 -0.00642864 0.000612932 0.00642858 0.99998 -0.0214455 0.195216 -0.671229
FixedParameters: 0 0 0

#Transform 18
Transform: AffineTransform_float_3_3
Parameters: 0.999999 0.000644638 -0.000188898 -0.000645012 0.999986 -0.0051309 0.000184558 0.00513127 0.999987 -0.0165012 0.111732 -0.155873
FixedParameters: 0 0 0

#Transform 19
Transform: AffineTransform_float_3_3
Parameters: 1 -0.000199369 -0.000436571 0.000199151 0.999999 -0.00133674 0.000436776 0.00133662 0.999999 -0.00293128 0.297577 -0.701473
FixedParameters: 0 0 0

#Transform 20
Transform: AffineTransform_float_3_3
Parameters: 0.999999 -3.13481e-05 -0.00122437 3.23955e-05 0.999999 0.000803297 0.00122453 -0.000803892 0.999999 0.0176621 -0.00201871 0.06965
FixedParameters: 0 0 0

#Transform 21
Transform: AffineTransform_float_3_3
Parameters: 0.999999 -0.000802412 0.000501232 0.000802974 1 -0.000781328 -0.000500946 0.000781676 0.999999 0.0516769 0.094617 0.101926
FixedParameters: 0 0 0

#Transform 22
Transform: AffineTransform_float_3_3
Parameters: 1 0.000614031 0.000791181 -0.00061234 0.999996 -0.0026805 -0.000792183 0.00267942 0.999996 -0.0246142 0.144389 -0.340185
FixedParameters: 0 0 0

#Transform 23
Transform: AffineTransform_float_3_3
Parameters: 1 0.000199353 0.000588118 -0.000197736 0.999998 -0.00230704 -0.000589119 0.00230766 0.999997 -0.0257234 0.120299 -0.229049
FixedParameters: 0 0 0

#Transform 24
Transform: AffineTransform_float_3_3
Parameters: 1 0.000547736 0.000899873 -0.000545854 0.999996 -0.00258432 -0.000901383 0.00258364 0.999997 -0.0441138 0.130557 -0.241788
FixedParameters: 0 0 0

#Transform 25
Transform: AffineTransform_float_3_3
Parameters: 1 0.000337676 0.000947866 -0.000333187 0.999993 -0.00387848 -0.000949576 0.00387771 0.999992 -0.0390862 0.175093 -0.267173
FixedParameters: 0 0 0

#Transform 26
Transform: AffineTransform_float_3_3
Parameters: 1 0.000723332 0.00085869 -0.000720642 0.999993 -0.00368615 -0.000861811 0.00368565 0.999993 -0.0470504 0.145783 -0.255746
FixedParameters: 0 0 0

#Transform 27
Transform: AffineTransform_float_3_3
Parameters: 1 0.00046292 0.000918965 -0.000459993 0.999993 -0.00366633 -0.000921129 0.0036653 0.999993 -0.0374026 0.148912 -0.238099
FixedParameters: 0 0 0

#Transform 28
Transform: AffineTransform_float_3_3
Parameters: 1 0.000719623 0.000651387 -0.000716755 0.999988 -0.00472882 -0.000654464 0.00472867 0.999988 -0.0424409 0.204463 -0.393711
FixedParameters: 0 0 0

#Transform 29
Transform: AffineTransform_float_3_3
Parameters: 1 6.66859e-05 6.05449e-05 -6.59384e-05 0.999984 -0.00569322 -6.10577e-05 0.00569323 0.999984 -0.0288627 0.22025 -0.40657
FixedParameters: 0 0 0

#Transform 30
Transform: AffineTransform_float_3_3
Parameters: 1 -0.000163897 0.000309473 0.000166315 0.99998 -0.00622371 -0.000309211 0.00622374 0.99998 -0.0158301 0.228239 -0.271612
FixedParameters: 0 0 0

#Transform 31
Transform: AffineTransform_float_3_3
Parameters: 0.999999 0.000402925 0.00143414 -0.00039516 0.999986 -0.00540946 -0.00143633 0.00540928 0.999985 -0.10115 0.153943 -0.300314
FixedParameters: 0 0 0

#Transform 32
Transform: AffineTransform_float_3_3
Parameters: 1 0.000483062 0.00106441 -0.000477299 0.999986 -0.00528308 -0.00106662 0.00528182 0.999985 -0.0857566 0.147865 -0.350793
FixedParameters: 0 0 0

#Transform 33
Transform: AffineTransform_float_3_3
Parameters: 1 0.000300612 0.0011067 -0.000294418 0.999982 -0.00588246 -0.0011085 0.00588281 0.999982 -0.0740925 0.176369 -0.430861
FixedParameters: 0 0 0

#Transform 34
Transform: AffineTransform_float_3_3
Parameters: 0.999999 0.00149849 0.000370111 -0.00149522 0.999943 -0.0106448 -0.000386521 0.0106446 0.999943 -0.109554 0.273029 -0.707903
FixedParameters: 0 0 0

#Transform 35
Transform: AffineTransform_float_3_3
Parameters: 0.999999 0.00150107 -8.52324e-06 -0.00150118 0.999958 -0.00897612 -5.31134e-06 0.00897589 0.99996 -0.0806465 0.275695 -0.773793
FixedParameters: 0 0 0

#Transform 36
Transform: AffineTransform_float_3_3
Parameters: 0.999998 0.00101252 -0.00139356 -0.00102801 0.999936 -0.0113109 0.00138136 0.0113125 0.999935 -0.0817133 0.300058 -0.84884
FixedParameters: 0 0 0

#Transform 37
Transform: AffineTransform_float_3_3
Parameters: 0.999997 0.000886121 -0.0022927 -0.000910113 0.999947 -0.0102423 0.00228391 0.0102447 0.999945 -0.0863183 0.257471 -0.506596
FixedParameters: 0 0 0

#Transform 38
Transform: AffineTransform_float_3_3
Parameters: 0.999998 0.00106753 -0.00163189 -0.00108358 0.999951 -0.0098261 0.00162148 0.0098275 0.99995 -0.124698 0.215739 -0.485325
FixedParameters: 0 0 0

#Transform 39
Transform: AffineTransform_float_3_3
Parameters: 0.999998 0.00104818 -0.00184821 -0.00106557 0.999956 -0.00926869 0.00183868 0.00927051 0.999955 -0.0748051 0.275808 -0.358432
FixedParameters: 0 0 0

#Transform 40
Transform: AffineTransform_float_3_3
Parameters: 0.999998 0.00121948 -0.00123837 -0.00123041 0.999961 -0.00880241 0.00122767 0.00880351 0.99996 -0.0978101 0.202703 -0.379891
FixedParameters: 0 0 0

#Transform 41
Transform: AffineTransform_float_3_3
Parameters: 0.999999 0.00104181 -0.00083864 -0.00104851 0.999971 -0.00753986 0.00083076 0.00754161 0.999971 -0.0883613 0.188937 -0.380084
FixedParameters: 0 0 0

#Transform 42
Transform: AffineTransform_float_3_3
Parameters: 0.999999 0.000662097 -0.00103354 -0.000669963 0.999973 -0.0073317 0.0010284 0.00733265 0.999973 -0.0862448 0.191623 -0.464266
FixedParameters: 0 0 0

#Transform 43
Transform: AffineTransform_float_3_3
Parameters: 0.999999 0.000908816 -0.00100129 -0.00091592 0.999972 -0.00741446 0.000994322 0.00741547 0.999972 -0.10268 0.217251 -0.555359
FixedParameters: 0 0 0

#Transform 44
Transform: AffineTransform_float_3_3
Parameters: 0.999999 0.00100122 -0.000475293 -0.00100487 0.999967 -0.00797232 0.000467307 0.00797317 0.999968 -0.109003 0.204091 -0.593561
FixedParameters: 0 0 0

#Transform 45
Transform: AffineTransform_float_3_3
Parameters: 0.999999 0.000935071 -0.000806671 -0.00094072 0.99997 -0.00775921 0.000799564 0.00776077 0.99997 -0.129016 0.201259 -0.553165
FixedParameters: 0 0 0

#Transform 46
Transform: AffineTransform_float_3_3
Parameters: 0.999999 0.000984652 -0.000663755 -0.000989803 0.999971 -0.00747783 0.00065623 0.00747907 0.999971 -0.139663 0.196536 -0.510739
FixedParameters: 0 0 0

#Transform 47
Transform: AffineTransform_float_3_3
Parameters: 0.999999 0.00104305 -0.000483924 -0.00104611 0.999973 -0.0071934 0.000476558 0.0071934 0.999974 -0.133507 0.240396 -0.461021
FixedParameters: 0 0 0

#Transform 48
Transform: AffineTransform_float_3_3
Parameters: 0.999999 0.00104875 -0.00040244 -0.0010519 0.999972 -0.00743224 0.000394511 0.00743292 0.999972 -0.117573 0.212033 -0.603955
FixedParameters: 0 0 0

#Transform 49
Transform: AffineTransform_float_3_3
Parameters: 0.999999 0.00122265 -0.00028647 -0.00122472 0.999975 -0.00698247 0.000277605 0.00698295 0.999976 -0.114678 0.182544 -0.588366
FixedParameters: 0 0 0

#Transform 50
Transform: AffineTransform_float_3_3
Parameters: 1 0.000567283 -0.000731718 -0.000571527 0.999979 -0.00635382 0.000728354 0.00635409 0.99998 -0.0698451 0.300017 -0.712359
FixedParameters: 0 0 0

#Transform 51
Transform: AffineTransform_float_3_3
Parameters: 1 0.000601027 -0.000738911 -0.000604563 0.999984 -0.00572795 0.000735332 0.00572783 0.999983 -0.0454545 0.1723 -0.500857
FixedParameters: 0 0 0

#Transform 52
Transform: AffineTransform_float_3_3
Parameters: 1 0.000777783 -0.000429956 -0.000780112 0.999978 -0.00650068 0.000425019 0.00650161 0.999979 -0.0778041 0.225897 -0.720516
FixedParameters: 0 0 0

#Transform 53
Transform: AffineTransform_float_3_3
Parameters: 0.999998 0.00130928 -0.000552222 -0.00131185 0.999983 -0.00579534 0.00054469 0.00579622 0.999983 -0.114338 0.185504 -0.539631
FixedParameters: 0 0 0

#Transform 54
Transform: AffineTransform_float_3_3
Parameters: 0.999999 0.00101071 -3.07287e-05 -0.0010114 0.999967 -0.00806006 2.22492e-05 0.00805981 0.999968 -0.0605663 0.205961 -0.426034
FixedParameters: 0 0 0

#Transform 55
Transform: AffineTransform_float_3_3
Parameters: 0.999999 0.00121091 0.000595065 -0.00120739 0.999977 -0.00662259 -0.000603241 0.00662193 0.999978 -0.103598 0.189693 -0.490899
FixedParameters: 0 0 0

#Transform 56
Transform: AffineTransform_float_3_3
Parameters: 0.999999 0.00113259 -0.00015685 -0.00113272 0.999994 -0.0030465 0.000153508 0.00304651 0.999995 -0.0800911 0.208093 -0.302621
FixedParameters: 0 0 0

#Transform 57
Transform: AffineTransform_float_3_3
Parameters: 1 0.000978449 -0.000291222 -0.000980141 0.999987 -0.00509789 0.000286749 0.00509817 0.999987 -0.0921992 0.180198 -0.195939
FixedParameters: 0 0 0

#Transform 58
Transform: AffineTransform_float_3_3
Parameters: 0.999999 0.00117854 0.000502067 -0.00117511 0.999987 -0.00509979 -0.00050788 0.00509907 0.999987 -0.138801 0.131031 -0.22151
FixedParameters: 0 0 0

#Transform 59
Transform: AffineTransform_float_3_3
Parameters: 1 0.000979523 0.000198552 -0.000977975 0.999983 -0.00574442 -0.000204159 0.00574364 0.999983 -0.123108 0.238501 -0.40434
FixedParameters: 0 0 0

#Transform 60
Transform: AffineTransform_float_3_3
Parameters: 0.999999 0.00154223 0.000438976 -0.00153992 0.999989 -0.00450312 -0.00044623 0.00450313 0.99999 -0.159128 0.118917 -0.304288
FixedParameters: 0 0 0

#Transform 61
Transform: AffineTransform_float_3_3
Parameters: 0.999998 0.00200316 0.000781945 -0.0019998 0.999986 -0.00482587 -0.000792126 0.00482489 0.999988 -0.188111 0.150621 -0.366428
FixedParameters: 0 0 0

#Transform 62
Transform: AffineTransform_float_3_3
Parameters: 0.999998 0.00174944 -3.1111e-05 -0.00174996 0.999986 -0.00502602 2.16409e-05 0.00502625 0.999987 -0.140861 0.250228 -0.555078
FixedParameters: 0 0 0

#Transform 63
Transform: AffineTransform_float_3_3
Parameters: 0.999998 0.0020286 -3.88431e-05 -0.00202793 0.999987 -0.00468834 2.89022e-05 0.00468869 0.999989 -0.172527 0.163568 -0.4419
FixedParameters: 0 0 0

#Transform 64
Transform: AffineTransform_float_3_3
Parameters: 0.999993 0.00347235 -0.00154735 -0.0034896 0.999934 -0.0108861 0.00150954 0.0108906 0.99994 -0.225563 0.20038 -0.879964
FixedParameters: 0 0 0

#Transform 65
Transform: AffineTransform_float_3_3
Parameters: 0.999995 0.00240092 -0.00227739 -0.00242799 0.999925 -0.0120105 0.00224783 0.0120161 0.999926 -0.132178 0.353607 -1.03833
FixedParameters: 0 0 0

#Transform 66
Transform: AffineTransform_float_3_3
Parameters: 0.999984 0.00322263 -0.00472283 -0.00328613 0.999904 -0.0134674 0.00467865 0.0134826 0.999898 -0.126886 0.28355 -1.34687
FixedParameters: 0 0 0

#Transform 67
Transform: AffineTransform_float_3_3
Parameters: 0.999982 0.00399528 -0.00446987 -0.00406071 0.999884 -0.0146503 0.00441093 0.014668 0.999883 -0.189102 0.286393 -1.43726
FixedParameters: 0 0 0

#Transform 68
Transform: AffineTransform_float_3_3
Parameters: 0.999982 0.00454796 -0.00376321 -0.00459685 0.999907 -0.0128143 0.00370392 0.0128313 0.999911 -0.227225 0.299217 -1.34601
FixedParameters: 0 0 0

#Transform 69
Transform: AffineTransform_float_3_3
Parameters: 0.999983 0.00395135 -0.00435503 -0.00400294 0.999921 -0.0119255 0.00430777 0.0119427 0.999919 -0.174529 0.292251 -1.13817
FixedParameters: 0 0 0

#Transform 70
Transform: AffineTransform_float_3_3
Parameters: 0.999981 0.00358124 -0.00506641 -0.00364297 0.999918 -0.012311 0.00502195 0.0123289 0.999911 -0.16961 0.292505 -1.07522
FixedParameters: 0 0 0

#Transform 71
Transform: AffineTransform_float_3_3
Parameters: 0.999983 0.00351864 -0.00455067 -0.00356894 0.999931 -0.0111591 0.00451076 0.0111756 0.999927 -0.177354 0.25422 -1.12805
FixedParameters: 0 0 0

#Transform 72
Transform: AffineTransform_float_3_3
Parameters: 0.999983 0.00380002 -0.00441983 -0.00384673 0.999936 -0.0106604 0.00437913 0.0106774 0.999933 -0.19069 0.244576 -1.15618
FixedParameters: 0 0 0

#Transform 73
Transform: AffineTransform_float_3_3
Parameters: 0.999982 0.0036528 -0.0049413 -0.0037011 0.999945 -0.0097888 0.00490478 0.00980649 0.99994 -0.165691 0.286972 -1.18561
FixedParameters: 0 0 0

#Transform 74
Transform: AffineTransform_float_3_3
Parameters: 0.999984 0.00326048 -0.004697 -0.00329328 0.99997 -0.00701755 0.00467472 0.00703233 0.999964 -0.155327 0.203343 -1.01823
FixedParameters: 0 0 0

#Transform 75
Transform: AffineTransform_float_3_3
Parameters: 0.99998 0.00380744 -0.0051061 -0.00383852 0.999974 -0.00611008 0.00508335 0.00612897 0.999969 -0.16728 0.233952 -0.995647
FixedParameters: 0 0 0

#Transform 76
Transform: AffineTransform_float_3_3
Parameters: 0.999981 0.00331291 -0.00513522 -0.00334405 0.999976 -0.00609606 0.0051153 0.00611318 0.999968 -0.153841 0.20856 -0.98977
FixedParameters: 0 0 0

#Transform 77
Transform: AffineTransform_float_3_3
Parameters: 0.999983 0.00372374 -0.0044933 -0.0037551 0.999969 -0.00698468 0.0044664 0.00700223 0.999965 -0.185359 0.223044 -1.00393
FixedParameters: 0 0 0

#Transform 78
Transform: AffineTransform_float_3_3
Parameters: 0.999982 0.00411163 -0.00453204 -0.00414385 0.999967 -0.0070042 0.00450286 0.0070229 0.999965 -0.194483 0.244153 -1.01785
FixedParameters: 0 0 0

#Transform 79
Transform: AffineTransform_float_3_3
Parameters: 0.999982 0.00405495 -0.00448412 -0.00408607 0.999967 -0.00705614 0.004455 0.00707488 0.999965 -0.19319 0.240831 -1.0365
FixedParameters: 0 0 0

#Transform 80
Transform: AffineTransform_float_3_3
Parameters: 0.999983 0.003853 -0.00439911 -0.00388638 0.999963 -0.00770936 0.00436864 0.00772621 0.999961 -0.179893 0.262631 -1.08578
FixedParameters: 0 0 0

#Transform 81
Transform: AffineTransform_float_3_3
Parameters: 0.999982 0.00385651 -0.0044907 -0.0038881 0.999966 -0.00720154 0.00446283 0.00721904 0.999964 -0.180419 0.217406 -1.02924
FixedParameters: 0 0 0

#Transform 82
Transform: AffineTransform_float_3_3
Parameters: 0.999981 0.00391684 -0.00461625 -0.00395186 0.999963 -0.00766112 0.004586 0.00767942 0.99996 -0.182979 0.252774 -1.09961
FixedParameters: 0 0 0

#Transform 83
Transform: AffineTransform_float_3_3
Parameters: 0.999979 0.00435887 -0.00465328 -0.0043943 0.999961 -0.00762436 0.00461999 0.00764487 0.99996 -0.194711 0.22744 -1.14228
FixedParameters: 0 0 0

#Transform 84
Transform: AffineTransform_float_3_3
Parameters: 0.999985 0.00377649 -0.00400995 -0.00380633 0.999965 -0.00745623 0.0039817 0.0074719 0.999964 -0.195028 0.242867 -0.808832
FixedParameters: 0 0 0

#Transform 85
Transform: AffineTransform_float_3_3
Parameters: 0.999983 0.00280616 -0.00513337 -0.00284195 0.999972 -0.00693261 0.00511425 0.00694653 0.999963 -0.154235 0.22842 -0.8184
FixedParameters: 0 0 0

#Transform 86
Transform: AffineTransform_float_3_3
Parameters: 0.99998 0.00417231 -0.00471189 -0.00420672 0.999965 -0.00722682 0.00468135 0.00724682 0.999963 -0.233348 0.203596 -0.793641
FixedParameters: 0 0 0

#Transform 87
Transform: AffineTransform_float_3_3
Parameters: 0.999992 0.00292904 -0.00244433 -0.00295336 0.999943 -0.0102878 0.00241394 0.0102946 0.999944 -0.182741 0.393856 -0.449808
FixedParameters: 0 0 0

#Transform 88
Transform: AffineTransform_float_3_3
Parameters: 0.999993 0.00326011 -0.00191743 -0.00326785 0.999986 -0.00421013 0.00190321 0.004217 0.999989 -0.175129 0.108293 -0.137636
FixedParameters: 0 0 0

#Transform 89
Transform: AffineTransform_float_3_3
Parameters: 0.999995 0.00238234 -0.00185976 -0.00239151 0.999985 -0.00489027 0.00184786 0.0048944 0.999986 -0.145689 0.211165 -0.22459
FixedParameters: 0 0 0

#Transform 90
Transform: AffineTransform_float_3_3
Parameters: 0.99999 0.00337356 -0.00291616 -0.00339183 0.999975 -0.00618046 0.00289579 0.00619017 0.999977 -0.190383 0.242961 -0.392729
FixedParameters: 0 0 0

#Transform 91
Transform: AffineTransform_float_3_3
Parameters: 0.999993 0.00280878 -0.00245451 -0.00281799 0.999989 -0.00367375 0.00244405 0.00368097 0.999991 -0.160703 0.179301 -0.311574
FixedParameters: 0 0 0

#Transform 92
Transform: AffineTransform_float_3_3
Parameters: 0.999991 0.00313892 -0.0027132 -0.00314774 0.99999 -0.00306401 0.00270369 0.00307218 0.999992 -0.169955 0.150815 -0.397535
FixedParameters: 0 0 0

#Transform 93
Transform: AffineTransform_float_3_3
Parameters: 0.999991 0.00335415 -0.00244355 -0.00336434 0.999986 -0.0040282 0.00242959 0.00403722 0.999989 -0.198688 0.186856 -0.437511
FixedParameters: 0 0 0

#Transform 94
Transform: AffineTransform_float_3_3
Parameters: 0.999989 0.00394767 -0.00270681 -0.00396239 0.999978 -0.00544015 0.00268566 0.00545098 0.999981 -0.232551 0.197219 -0.496877
FixedParameters: 0 0 0

#Transform 95
Transform: AffineTransform_float_3_3
Parameters: 0.999989 0.00372912 -0.00283088 -0.00374499 0.999977 -0.00574934 0.00280903 0.00575955 0.999979 -0.220839 0.2118 -0.596007
FixedParameters: 0 0 0

#Transform 96
Transform: AffineTransform_float_3_3
Parameters: 0.999991 0.00384513 -0.00214896 -0.00385526 0.999982 -0.00454606 0.00213127 0.00455484 0.999987 -0.246194 0.208531 -0.537474
FixedParameters: 0 0 0

#Transform 97
Transform: AffineTransform_float_3_3
Parameters: 0.999989 0.0040405 -0.00231112 -0.00405061 0.999982 -0.00449838 0.00229288 0.00450804 0.999987 -0.248893 0.203304 -0.53161
FixedParameters: 0 0 0

#Transform 98
Transform: AffineTransform_float_3_3
Parameters: 0.999989 0.00401285 -0.00240077 -0.00402311 0.999982 -0.00461779 0.00238245 0.00462722 0.999987 -0.232376 0.204616 -0.546501
FixedParameters: 0 0 0

#Transform 99
Transform: AffineTransform_float_3_3
Parameters: 0.999994 0.00284262 -0.0021832 -0.00285538 0.999978 -0.00596552 0.00216546 0.00597214 0.99998 -0.17218 0.220492 -0.475079
FixedParameters: 0 0 0

#Transform 100
Transform: AffineTransform_float_3_3
Parameters: 0.999996 0.0022839 -0.00158704 -0.00229193 0.999982 -0.00547521 0.00157506 0.0054791 0.999984 -0.128072 0.213274 -0.465334
FixedParameters: 0 0 0

#Transform 101
Transform: AffineTransform_float_3_3
Parameters: 0.999996 0.00246983 -0.00163973 -0.00247592 0.999989 -0.00418161 0.0016291 0.00418579 0.99999 -0.182867 0.141278 -0.481287
FixedParameters: 0 0 0

#Transform 102
Transform: AffineTransform_float_3_3
Parameters: 0.999997 0.00205004 -0.00127886 -0.00205713 0.999982 -0.00546294 0.00126791 0.00546602 0.999985 -0.149762 0.199592 -0.363041
FixedParameters: 0 0 0

#Transform 103
Transform: AffineTransform_float_3_3
Parameters: 0.999995 0.00261245 -0.00166038 -0.00262366 0.999971 -0.00725782 0.0016417 0.00726253 0.999973 -0.178339 0.196516 -0.536621
FixedParameters: 0 0 0

#Transform 104
Transform: AffineTransform_float_3_3
Parameters: 0.999995 0.00294817 -0.00157226 -0.00295749 0.999978 -0.00598866 0.00155503 0.00599333 0.999981 -0.19957 0.171892 -0.478304
FixedParameters: 0 0 0

#Transform 105
Transform: AffineTransform_float_3_3
Parameters: 0.999994 0.00305438 -0.00149566 -0.00306336 0.999979 -0.0057732 0.00147784 0.00577855 0.999982 -0.193985 0.175178 -0.500719
FixedParameters: 0 0 0

#Transform 106
Transform: AffineTransform_float_3_3
Parameters: 0.999994 0.00263377 -0.00218195 -0.00264349 0.999984 -0.00486404 0.00216941 0.00487005 0.999986 -0.155824 0.200299 -0.196526
FixedParameters: 0 0 0

#Transform 107
Transform: AffineTransform_float_3_3
Parameters: 0.999995 0.00251126 -0.0017003 -0.0025193 0.999986 -0.00472214 0.00168833 0.0047268 0.999987 -0.143839 0.156073 -0.311306
FixedParameters: 0 0 0

#Transform 108
Transform: AffineTransform_float_3_3
Parameters: 0.999994 0.00300824 -0.00185824 -0.00301724 0.999983 -0.005099 0.00184293 0.00510466 0.999986 -0.153649 0.165633 -0.421042
FixedParameters: 0 0 0

#Transform 109
Transform: AffineTransform_float_3_3
Parameters: 0.999994 0.00282988 -0.00203774 -0.00284005 0.999983 -0.0051856 0.00202352 0.00519078 0.999984 -0.14277 0.201943 -0.393554
FixedParameters: 0 0 0

#Transform 110
Transform: AffineTransform_float_3_3
Parameters: 0.999994 0.00305996 -0.00164423 -0.0030686 0.999982 -0.0050667 0.00162915 0.00507115 0.999986 -0.182264 0.167 -0.412748
FixedParameters: 0 0 0

#Transform 111
Transform: AffineTransform_float_3_3
Parameters: 0.999994 0.00306515 -0.00164511 -0.00307349 0.999983 -0.00497183 0.00163056 0.00497631 0.999987 -0.18374 0.185366 -0.388716
FixedParameters: 0 0 0

#Transform 112
Transform: AffineTransform_float_3_3
Parameters: 0.999993 0.00293123 -0.00203158 -0.00294297 0.999979 -0.00573854 0.00201565 0.00574416 0.999981 -0.145729 0.225351 -0.546697
FixedParameters: 0 0 0

#Transform 113
Transform: AffineTransform_float_3_3
Parameters: 0.999992 0.00304673 -0.00252839 -0.00306038 0.999981 -0.00536227 0.00251229 0.00536967 0.999983 -0.144113 0.169289 -0.596596
FixedParameters: 0 0 0

#Transform 114
Transform: AffineTransform_float_3_3
Parameters: 0.999992 0.00295209 -0.00246046 -0.00296453 0.999982 -0.00517436 0.00244456 0.00518127 0.999984 -0.145647 0.170088 -0.57389
FixedParameters: 0 0 0

#Transform 115
Transform: AffineTransform_float_3_3
Parameters: 0.999992 0.00309754 -0.00232917 -0.00310745 0.999987 -0.00416137 0.00231636 0.00416843 0.999989 -0.155514 0.156895 -0.552471
FixedParameters: 0 0 0

#Transform 116
Transform: AffineTransform_float_3_3
Parameters: 0.999992 0.00297376 -0.002679 -0.00298694 0.999983 -0.00489707 0.00266473 0.00490539 0.999984 -0.135167 0.181329 -0.704533
FixedParameters: 0 0 0

#Transform 117
Transform: AffineTransform_float_3_3
Parameters: 0.999993 0.00302345 -0.0025203 -0.00303519 0.999985 -0.00467586 0.00250626 0.00468431 0.999986 -0.155988 0.164076 -0.703501
FixedParameters: 0 0 0

#Transform 118
Transform: AffineTransform_float_3_3
Parameters: 0.999992 0.0029865 -0.00264168 -0.00299895 0.999984 -0.00482725 0.0026277 0.00483542 0.999985 -0.133273 0.200491 -0.836996
FixedParameters: 0 0 0

#Transform 119
Transform: AffineTransform_float_3_3
Parameters: 0.999995 0.00234834 -0.00190598 -0.0023589 0.999984 -0.00513437 0.00189314 0.00513859 0.999985 -0.106114 0.151957 -0.299827
FixedParameters: 0 0 0
