# transform file /out/sourcedata/freesurfer/sub-v2s15x29758_ses-1/mri/transforms/cc_up.lta
# created by oesteban on Wed Mar 11 11:37:02 2026

type      = 0 # LINEAR_VOX_TO_VOX
nxforms   = 1
mean      = 125.0000 144.0000 120.0000
sigma     = 10000.0000
1 4 4
9.648902416229248e-01 -2.396337836980820e-01 1.075285598635674e-01 2.832167243957520e+01 
2.381594777107239e-01 9.708632826805115e-01 2.654078602790833e-02 -2.457134819030762e+01 
-1.107556074857712e-01 0.000000000000000e+00 9.938476085662842e-01 3.329248428344727e+01 
0.000000000000000e+00 0.000000000000000e+00 0.000000000000000e+00 1.000000000000000e+00 
src volume info
valid = 1  # volume info valid
filename = /out/sourcedata/freesurfer/sub-v2s15x29758_ses-1/mri/norm.mgz
volume = 256 256 256
voxelsize = 1.000000000000000e+00 1.000000000000000e+00 1.000000000000000e+00
xras   = -1.000000000000000e+00 0.000000000000000e+00 7.450580596923828e-09
yras   = 0.000000000000000e+00 0.000000000000000e+00 -1.000000000000000e+00
zras   = 0.000000000000000e+00 1.000000000000000e+00 0.000000000000000e+00
cras   = 1.919815063476562e+00 1.629196166992188e+00 -4.438369750976562e+00
dst volume info
valid = 1  # volume info valid
filename = /out/sourcedata/freesurfer/sub-v2s15x29758_ses-1/mri/norm.mgz
volume = 256 256 256
voxelsize = 1.000000000000000e+00 1.000000000000000e+00 1.000000000000000e+00
xras   = -1.000000000000000e+00 0.000000000000000e+00 7.450580596923828e-09
yras   = 0.000000000000000e+00 0.000000000000000e+00 -1.000000000000000e+00
zras   = 0.000000000000000e+00 1.000000000000000e+00 0.000000000000000e+00
cras   = 1.919815063476562e+00 1.629196166992188e+00 -4.438369750976562e+00
