# transform file /out/sourcedata/freesurfer/sub-v2s15x29752_ses-1/mri/transforms/cc_up.lta
# created by oesteban on Wed Mar 11 10:16:13 2026

type      = 0 # LINEAR_VOX_TO_VOX
nxforms   = 1
mean      = 130.0000 128.0000 119.0000
sigma     = 10000.0000
1 4 4
9.970864653587341e-01 -4.838495701551437e-02 5.897038802504539e-02 -5.141198635101318e-01 
4.830055311322212e-02 9.988287687301636e-01 2.856625244021416e-03 1.460064792633057e+01 
-5.903954058885574e-02 -2.328306436538696e-10 9.982556700706482e-01 2.578313827514648e+01 
0.000000000000000e+00 0.000000000000000e+00 0.000000000000000e+00 1.000000000000000e+00 
src volume info
valid = 1  # volume info valid
filename = /out/sourcedata/freesurfer/sub-v2s15x29752_ses-1/mri/norm.mgz
volume = 256 256 256
voxelsize = 1.000000000000000e+00 1.000000000000000e+00 1.000000000000000e+00
xras   = -1.000000000000000e+00 0.000000000000000e+00 4.656612873077393e-10
yras   = 0.000000000000000e+00 0.000000000000000e+00 -1.000000000000000e+00
zras   = 0.000000000000000e+00 1.000000000000000e+00 0.000000000000000e+00
cras   = 4.945449829101562e-01 -2.985382080078125e-01 1.936305236816406e+01
dst volume info
valid = 1  # volume info valid
filename = /out/sourcedata/freesurfer/sub-v2s15x29752_ses-1/mri/norm.mgz
volume = 256 256 256
voxelsize = 1.000000000000000e+00 1.000000000000000e+00 1.000000000000000e+00
xras   = -1.000000000000000e+00 0.000000000000000e+00 4.656612873077393e-10
yras   = 0.000000000000000e+00 0.000000000000000e+00 -1.000000000000000e+00
zras   = 0.000000000000000e+00 1.000000000000000e+00 0.000000000000000e+00
cras   = 4.945449829101562e-01 -2.985382080078125e-01 1.936305236816406e+01
